2012-10-05 00:00:00,5,5-19,27149634,195,26,R,7945,4,BCRE01,935,2012-10-05 07:19:10,2012-10-05 07:20:15,73,71,4,0,10,2,0,1,0,1,0,0,0,0,0,0,0,N,N,N
2012-10-05 00:00:00,5,5-19,27149634,195,26,R,7945,5,POST01,1507,2012-10-05 07:21:25,2012-10-05 07:22:17,73,71,3,1,12,1,0,1,1,0,0,1,0,0,0,0,0,N,N,N
2012-10-05 00:00:00,5,5-19,27149634,195,26,R,7945,6,CVIN01,1990,2012-10-05 07:23:20,2012-10-05 07:24:55,73,71,9,4,17,1,1,3,3,2,0,3,0,0,0,0,0,N,Y,Y
2012-10-05 00:00:00,5,5-19,27149634,195,26,R,7945,7,COUT00,2344,2012-10-05 07:25:09,2012-10-05 07:26:46,73,71,11,0,28,6,0,5,0,0,0,0,0,0,0,0,0,N,N,N
2012-10-05 00:00:00,5,5-19,27149634,195,26,R,7945,8,BAIR04,2768,2012-10-05 07:27:20,2012-10-05 07:28:50,73,71,0,1,27,0,0,0,0,0,0,0,1,0,0,0,0,N,N,N
2012-10-05 00:00:00,5,5-19,27149634,195,26,R,7945,9,BAIR05,3023,2012-10-05 07:29:40,2012-10-05 07:30:13,73,71,17,3,41,0,1,6,2,4,0,7,0,0,0,0,0,N,N,N
2012-10-05 00:00:00,5,5-19,27149634,195,26,R,7945,10,MLRD03,3249,2012-10-05 07:30:27,2012-10-05 07:31:16,73,71,0,1,40,0,0,0,1,0,0,0,0,0,0,0,0,N,N,N
2012-10-05 00:00:00,5,5-19,27149634,195,26,R,7945,11,RIVE06,3689,2012-10-05 07:32:00,2012-10-05 07:32:44,73,71,4,13,31,0,4,3,3,0,2,1,4,0,0,0,0,N,Y,Y
2012-10-05 00:00:00,5,5-19,27149634,195,26,R,7945,12,TRSI02,3961,2012-10-05 07:33:30,2012-10-05 07:34:04,73,71,3,6,28,0,1,1,1,2,2,0,2,0,0,0,0,N,N,N
2012-10-05 00:00:00,5,5-19,27149634,195,26,R,7945,13,MUSE01,4352,2012-10-05 07:35:40,2012-10-05 07:37:00,73,71,4,3,29,0,1,3,0,0,0,1,2,0,0,0,0,N,N,N
2012-10-05 00:00:00,5,5-19,27149634,195,26,R,7945,14,GENT01,4681,2012-10-05 07:37:30,2012-10-05 07:38:01,73,71,1,0,30,0,0,0,0,1,0,0,0,0,0,0,0,N,N,N
2012-10-05 00:00:00,5,5-19,27149634,195,26,R,7945,15,WEBR01,4871,2012-10-05 07:38:33,2012-10-05 07:38:48,73,71,5,2,33,0,1,0,1,1,0,4,0,0,0,0,0,N,N,N
2012-10-05 00:00:00,5,5-19,27149634,195,26,R,7945,16,RIEU01,5131,2012-10-05 07:40:00,2012-10-05 07:39:57,73,71,2,21,14,0,3,0,6,0,11,2,1,0,0,0,0,N,N,N
2012-10-05 00:00:00,5,5-19,27149634,195,26,R,7945,17,FLCE01,5594,2012-10-05 07:41:25,2012-10-05 07:41:30,73,71,1,4,11,0,0,1,0,0,2,0,2,0,0,0,0,N,N,N
2012-10-05 00:00:00,5,5-19,27149634,195,26,R,7945,18,MALA02,6002,2012-10-05 07:42:40,2012-10-05 07:42:18,73,71,0,2,9,0,0,0,1,0,0,0,1,0,0,0,0,N,N,N
2012-10-05 00:00:00,5,5-19,27149634,195,26,R,7945,19,VLON00,6438,2012-10-05 07:43:38,2012-10-05 07:43:30,73,71,0,0,9,0,0,0,0,0,0,0,0,0,0,0,0,N,N,N
2012-10-05 00:00:00,5,5-19,27149634,195,26,R,7945,20,CCLA00,6871,2012-10-05 07:44:36,2012-10-05 07:44:21,73,71,0,6,3,0,0,0,0,0,1,0,5,0,0,0,0,N,N,N
2012-10-05 00:00:00,5,5-19,27149634,195,26,R,7945,21,PRSM01,7315,2012-10-05 07:45:35,2012-10-05 07:45:27,73,71,0,1,2,0,0,0,1,0,0,0,0,0,0,0,0,N,N,N
2012-10-05 00:00:00,5,5-19,27149635,195,23,A,7701,1,TVDO00,0,2012-10-05 07:52:00,2012-10-05 07:52:47,97,99,13,0,13,8,0,3,0,2,0,0,0,0,0,0,0,N,Y,Y
2012-10-05 00:00:00,5,5-19,27149635,195,23,A,7701,2,PRSM02,698,2012-10-05 07:54:03,2012-10-05 07:55:48,97,99,28,0,41,13,0,12,0,2,0,1,0,0,0,0,0,N,N,N
2012-10-05 00:00:00,5,5-19,27149635,195,23,A,7701,3,CCLA01,1152,2012-10-05 07:55:24,2012-10-05 07:56:51,97,99,9,11,39,1,3,6,5,2,1,0,2,0,0,0,0,N,N,N
2012-10-05 00:00:00,5,5-19,27149635,195,23,A,7701,4,VLON01,1616,2012-10-05 07:56:46,2012-10-05 08:00:38,97,99,1,0,40,1,0,0,0,0,0,0,0,0,0,0,0,N,N,N
2012-10-05 00:00:00,5,5-19,27149635,195,23,A,7701,5,MALA01,2031,2012-10-05 07:58:00,2012-10-05 08:01:23,97,99,0,0,40,0,0,0,0,0,0,0,0,0,0,0,0,N,N,N
2012-10-05 00:00:00,5,5-19,27149635,195,23,A,7701,6,FLCE00,2395,2012-10-05 07:59:18,2012-10-05 08:02:38,97,99,1,1,40,0,0,0,0,1,1,0,0,0,0,0,0,N,N,N
2012-10-05 00:00:00,5,5-19,27149635,195,23,A,7701,7,RIEU00,2867,2012-10-05 08:01:00,2012-10-05 08:03:48,97,99,8,4,44,2,2,3,2,3,0,0,0,0,0,0,0,N,N,N
2012-10-05 00:00:00,5,5-19,27149635,195,23,A,7701,8,WEBR00,3150,2012-10-05 08:02:26,2012-10-05 08:05:00,97,99,3,1,46,0,0,3,0,0,1,0,0,0,0,0,0,N,N,N
2012-10-05 00:00:00,5,5-19,27149635,195,23,A,7701,9,GENT00,3358,2012-10-05 08:03:29,2012-10-05 08:05:49,97,99,5,0,51,0,0,1,0,2,0,2,0,0,0,0,0,N,N,N
2012-10-05 00:00:00,5,5-19,27149635,195,23,A,7701,10,MUSE00,3636,2012-10-05 08:04:53,2012-10-05 08:07:09,97,99,7,8,50,0,1,1,3,3,2,3,2,0,0,0,0,N,N,N
2012-10-05 00:00:00,5,5-19,27149635,195,23,A,7701,11,TRSI03,3947,,2012-10-05 08:08:57,97,99,1,13,38,1,3,0,5,0,0,0,5,0,0,0,0,N,Y,Y
2012-10-05 00:00:00,5,5-19,27149635,195,23,A,7701,12,PLEV00,4182,2012-10-05 08:07:40,2012-10-05 08:10:21,97,99,4,2,40,0,0,0,1,2,1,2,0,0,0,0,0,N,N,N
2012-10-05 00:00:00,5,5-19,27149635,195,23,A,7701,13,METR00,4496,2012-10-05 08:09:21,2012-10-05 08:11:55,97,99,3,5,38,1,1,2,1,0,2,0,1,0,0,0,0,N,N,N
2012-10-05 00:00:00,5,5-19,27149635,195,23,A,7701,14,MLRD00,4737,2012-10-05 08:10:39,2012-10-05 08:13:30,97,99,0,3,35,0,0,0,2,0,1,0,0,0,0,0,0,N,N,N
2012-10-05 00:00:00,5,5-19,27149635,195,23,A,7701,15,BAIR00,5234,2012-10-05 08:13:20,2012-10-05 08:15:39,97,99,3,17,21,1,3,2,9,0,4,0,1,0,0,0,0,N,N,N
2012-10-05 00:00:00,5,5-19,27149635,195,23,A,7701,16,COUT01,5546,2012-10-05 08:15:29,2012-10-05 08:17:32,97,99,4,1,24,0,0,0,0,0,1,4,0,0,0,0,0,N,N,N
2012-10-05 00:00:00,5,5-19,27149635,195,23,A,7701,17,CVIN07,5766,2012-10-05 08:17:00,2012-10-05 08:19:54,97,99,6,12,18,1,4,2,5,1,3,2,0,0,0,0,0,N,N,N
2012-10-05 00:00:00,5,5-19,27149635,195,23,A,7701,18,POST00,6260,2012-10-05 08:19:02,2012-10-05 08:22:07,97,99,0,5,13,0,1,0,1,0,1,0,2,0,0,0,0,N,N,N
2012-10-05 00:00:00,5,5-19,27149635,195,23,A,7701,19,BCRE00,6776,2012-10-05 08:21:10,2012-10-05 08:23:37,97,99,0,1,12,0,0,0,0,0,1,0,0,0,0,0,0,N,N,N
2012-10-05 00:00:00,5,5-19,27149635,195,23,A,7701,20,VIDO00,7058,2012-10-05 08:22:20,2012-10-05 08:24:35,97,99,1,1,12,0,0,0,0,0,1,1,0,0,0,0,0,N,N,N
2012-10-05 00:00:00,5,5-19,27149635,195,23,A,7701,21,VRMT00,7292,2012-10-05 08:23:47,2012-10-05 08:25:12,97,99,0,2,10,0,0,0,1,0,1,0,0,0,0,0,0,N,N,N
2012-10-05 00:00:00,5,5-19,27149635,195,23,A,7701,22,VRBE00,7485,2012-10-05 08:24:59,2012-10-05 08:26:03,97,99,0,1,9,0,0,0,1,0,0,0,0,0,0,0,0,N,N,N
2012-10-05 00:00:00,5,5-19,27149635,195,23,A,7701,23,NATI10,7701,2012-10-05 08:26:20,2012-10-05 08:26:39,97,99,0,11,0,0,3,0,2,0,3,0,3,0,0,0,0,N,N,N
2012-10-05 00:00:00,5,5-19,27149638,195,26,R,7945,1,NATI11,0,2012-10-05 08:34:00,2012-10-05 08:34:19,116,116,6,0,6,2,0,2,0,1,0,1,0,0,0,0,0,N,N,N
2012-10-05 00:00:00,5,5-19,27149638,195,26,R,7945,2,VRMT01,392,2012-10-05 08:35:27,2012-10-05 08:35:44,116,116,7,0,13,3,0,0,0,3,0,1,0,0,0,0,0,N,N,N
2012-10-05 00:00:00,5,5-19,27149638,195,26,R,7945,3,VIDO01,720,2012-10-05 08:36:40,2012-10-05 08:36:50,116,116,6,0,19,1,0,5,0,0,0,0,0,0,0,0,0,N,N,N
2012-10-05 00:00:00,5,5-19,27149638,195,26,R,7945,4,BCRE01,935,2012-10-05 08:37:34,2012-10-05 08:37:38,116,116,10,0,29,3,0,3,0,4,0,0,0,0,0,0,0,N,N,N
2012-10-05 00:00:00,5,5-19,27149638,195,26,R,7945,5,POST01,1507,2012-10-05 08:39:58,2012-10-05 08:39:47,116,116,5,0,34,2,0,1,0,2,0,0,0,0,0,0,0,N,N,N
2012-10-05 00:00:00,5,5-19,27149638,195,26,R,7945,6,CVIN01,1990,2012-10-05 08:42:00,2012-10-05 08:42:40,116,116,36,15,55,12,5,6,8,3,1,15,1,0,0,0,0,N,Y,Y
2012-10-05 00:00:00,5,5-19,27149638,195,26,R,7945,7,COUT00,2344,2012-10-05 08:44:07,2012-10-05 08:44:58,116,116,7,11,51,0,0,4,3,1,5,2,3,0,0,0,0,N,N,N
2012-10-05 00:00:00,5,5-19,27149638,195,26,R,7945,8,BAIR04,2768,2012-10-05 08:46:40,2012-10-05 08:47:00,116,116,2,7,46,1,0,0,4,1,2,0,1,0,0,0,0,N,N,N
2012-10-05 00:00:00,5,5-19,27149638,195,26,R,7945,9,BAIR05,3023,2012-10-05 08:49:20,2012-10-05 08:49:52,116,116,11,6,51,0,2,3,1,2,0,6,3,0,0,0,0,N,N,N
2012-10-05 00:00:00,5,5-19,27149638,195,26,R,7945,10,MLRD03,3249,2012-10-05 08:50:07,2012-10-05 08:50:47,116,116,3,3,51,1,0,0,1,0,1,2,1,0,0,0,0,N,N,N
2012-10-05 00:00:00,5,5-19,27149638,195,26,R,7945,11,RIVE06,3689,2012-10-05 08:51:40,2012-10-05 08:54:13,116,116,10,19,42,3,5,7,8,0,3,0,3,0,0,0,0,N,N,N
2012-10-05 00:00:00,5,5-19,27149638,195,26,R,7945,12,TRSI02,3961,2012-10-05 08:53:02,2012-10-05 08:56:07,116,116,6,5,43,0,1,4,2,1,1,1,1,0,0,0,0,N,N,N
2012-10-05 00:00:00,5,5-19,27149638,195,26,R,7945,13,MUSE01,4352,2012-10-05 08:55:02,2012-10-05 08:59:02,116,116,3,8,38,0,3,3,3,0,2,0,0,0,0,0,0,N,N,N
2012-10-05 00:00:00,5,5-19,27149638,195,26,R,7945,14,GENT01,4681,2012-10-05 08:56:42,2012-10-05 08:59:52,116,116,0,6,32,0,1,0,4,0,0,0,1,0,0,0,0,N,N,N
2012-10-05 00:00:00,5,5-19,27149638,195,26,R,7945,15,WEBR01,4871,2012-10-05 08:57:40,2012-10-05 09:00:40,116,116,0,5,27,0,1,0,2,0,2,0,0,0,0,0,0,N,N,N
2012-10-05 00:00:00,5,5-19,27149638,195,26,R,7945,16,RIEU01,5131,2012-10-05 08:59:00,2012-10-05 09:01:24,116,116,3,6,24,0,1,1,1,0,3,2,1,0,0,0,0,N,N,N
2012-10-05 00:00:00,5,5-19,27149638,195,26,R,7945,17,FLCE01,5594,2012-10-05 09:00:03,2012-10-05 09:02:20,116,116,0,3,21,0,1,0,0,0,1,0,1,0,0,0,0,N,N,N
2012-10-05 00:00:00,5,5-19,27149638,195,26,R,7945,18,MALA02,6002,2012-10-05 09:01:00,2012-10-05 09:03:13,116,116,1,4,18,0,0,0,0,0,2,1,2,0,0,0,0,N,N,N
2012-10-05 00:00:00,5,5-19,27149638,195,26,R,7945,19,VLON00,6438,2012-10-05 09:01:53,2012-10-05 09:04:06,116,116,0,4,14,0,0,0,1,0,1,0,2,0,0,0,0,N,N,N
2012-10-05 00:00:00,5,5-19,27149638,195,26,R,7945,20,CCLA00,6871,2012-10-05 09:02:47,2012-10-05 09:04:59,116,116,0,1,13,0,1,0,0,0,0,0,0,0,0,0,0,N,N,N
2012-10-05 00:00:00,5,5-19,27149638,195,26,R,7945,21,PRSM01,7315,2012-10-05 09:03:42,2012-10-05 09:05:52,116,116,0,13,0,0,11,0,1,0,1,0,0,0,0,0,0,N,N,N
2012-10-05 00:00:00,C,5-19,27149640,195,20,A,12017,1,PRSM00,0,2012-10-05 09:17:00,2012-10-05 09:17:53,29,33,5,0,5,5,0,0,0,0,0,0,0,0,0,0,0,N,N,N
2012-10-05 00:00:00,C,5-19,27149640,195,20,A,12017,2,CSSM01,402,2012-10-05 09:19:20,2012-10-05 09:20:38,29,33,0,0,5,0,0,0,0,0,0,0,0,0,0,0,0,N,N,N
2012-10-05 00:00:00,C,5-19,27149640,195,20,A,12017,3,FOSA00,949,2012-10-05 09:21:07,2012-10-05 09:21:43,29,33,3,0,8,0,0,3,0,0,0,0,0,0,0,0,0,N,N,N
2012-10-05 00:00:00,C,5-19,27149640,195,20,A,12017,4,CYPR00,1258,2012-10-05 09:22:08,2012-10-05 09:22:15,29,33,0,0,8,0,0,0,0,0,0,0,0,0,0,0,0,N,N,N
2012-10-05 00:00:00,C,5-19,27149640,195,20,A,12017,5,MATH00,1529,2012-10-05 09:23:01,2012-10-05 09:23:05,29,33,4,0,12,0,0,3,0,1,0,0,0,0,0,0,0,N,N,N
2012-10-05 00:00:00,C,5-19,27149640,195,20,A,12017,6,AJEN01,1777,2012-10-05 09:23:50,2012-10-05 09:23:51,29,33,0,0,12,0,0,0,0,0,0,0,0,0,0,0,0,N,N,N
2012-10-05 00:00:00,C,5-19,27149640,195,20,A,12017,7,GSON00,2232,2012-10-05 09:25:20,2012-10-05 09:25:46,29,33,15,8,19,3,0,4,5,3,1,5,2,0,0,0,0,N,N,N
2012-10-05 00:00:00,C,5-19,27149640,195,20,A,12017,8,LVAL00,2849,2012-10-05 09:27:08,2012-10-05 09:28:46,29,33,1,0,20,0,0,1,0,0,0,0,0,0,0,0,0,N,N,N
2012-10-05 00:00:00,C,5-19,27149640,195,20,A,12017,9,PIBO00,3255,2012-10-05 09:28:20,2012-10-05 09:29:38,29,33,0,1,19,0,0,0,0,0,1,0,0,0,0,0,0,N,N,N
2012-10-05 00:00:00,C,5-19,27149640,195,20,A,12017,10,SILO00,3743,2012-10-05 09:29:52,2012-10-05 09:30:47,29,33,1,0,20,1,0,0,0,0,0,0,0,0,0,0,0,N,N,N
2012-10-05 00:00:00,C,5-19,27149640,195,20,A,12017,11,PSUD00,4102,2012-10-05 09:31:00,2012-10-05 09:31:34,29,33,0,1,19,0,0,0,1,0,0,0,0,0,0,0,0,N,N,N
2012-10-05 00:00:00,C,5-19,27149640,195,20,A,12017,12,MIDE01,4432,2012-10-05 09:32:00,2012-10-05 09:32:12,29,33,0,0,19,0,0,0,0,0,0,0,0,0,0,0,0,N,N,N
2012-10-05 00:00:00,C,5-19,27149640,195,20,A,12017,13,PTOU00,4849,2012-10-05 09:33:26,2012-10-05 09:33:18,29,33,0,0,19,0,0,0,0,0,0,0,0,0,0,0,0,N,N,N
2012-10-05 00:00:00,C,5-19,27149640,195,20,A,12017,14,GRES00,5171,2012-10-05 09:34:32,2012-10-05 09:34:18,29,33,0,1,18,0,0,0,0,0,0,0,1,0,0,0,0,N,N,N
2012-10-05 00:00:00,C,5-19,27149640,195,20,A,12017,15,PUMA01,5495,2012-10-05 09:35:40,2012-10-05 09:35:30,29,33,0,1,17,0,1,0,0,0,0,0,0,0,0,0,0,N,N,N
2012-10-05 00:00:00,C,5-19,27149640,195,20,A,12017,16,AUMO00,5742,2012-10-05 09:36:11,2012-10-05 09:36:30,29,33,0,2,15,0,0,0,0,0,0,0,2,0,0,0,0,N,N,N
2012-10-05 00:00:00,C,5-19,27149640,195,20,A,12017,17,CRNR00,6232,2012-10-05 09:37:13,2012-10-05 09:37:18,29,33,0,0,15,0,0,0,0,0,0,0,0,0,0,0,0,N,N,N
2012-10-05 00:00:00,C,5-19,27149640,195,20,A,12017,18,BORN00,6624,2012-10-05 09:38:03,2012-10-05 09:38:04,29,33,0,2,13,0,1,0,0,0,1,0,0,0,0,0,0,N,N,N
2012-10-05 00:00:00,C,5-19,27149640,195,20,A,12017,19,CADO00,6959,2012-10-05 09:38:46,2012-10-05 09:38:37,29,33,0,0,13,0,0,0,0,0,0,0,0,0,0,0,0,N,N,N
2012-10-05 00:00:00,C,5-19,27149640,195,20,A,12017,20,GRCA00,7415,2012-10-05 09:39:44,2012-10-05 09:39:14,29,33,0,0,13,0,0,0,0,0,0,0,0,0,0,0,0,N,N,N
2012-10-05 00:00:00,C,5-19,27149640,195,20,A,12017,21,BASL00,7806,2012-10-05 09:40:34,2012-10-05 09:40:14,29,33,0,1,12,0,0,0,0,0,1,0,0,0,0,0,0,N,N,N
2012-10-05 00:00:00,C,5-19,27149640,195,20,A,12017,22,PSGE00,8319,2012-10-05 09:41:40,2012-10-05 09:42:34,29,33,0,1,11,0,0,0,1,0,0,0,0,0,0,0,0,N,N,N
2012-10-05 00:00:00,C,5-19,27149640,195,20,A,12017,23,ABBA00,8688,2012-10-05 09:42:29,2012-10-05 09:43:24,29,33,0,1,10,0,0,0,1,0,0,0,0,0,0,0,0,N,N,N
2012-10-05 00:00:00,C,5-19,27149640,195,20,A,12017,24,CHOR00,8919,2012-10-05 09:43:00,2012-10-05 09:44:07,29,33,0,4,6,0,0,0,3,0,1,0,0,0,0,0,0,N,N,N
2012-10-05 00:00:00,C,5-19,27149640,195,20,A,12017,25,RLUL00,9140,2012-10-05 09:43:27,2012-10-05 09:44:27,29,33,0,0,6,0,0,0,0,0,0,0,0,0,0,0,0,N,N,N
2012-10-05 00:00:00,C,5-19,27149640,195,20,A,12017,26,RPRS00,9303,2012-10-05 09:43:47,2012-10-05 09:44:38,29,33,0,0,6,0,0,0,0,0,0,0,0,0,0,0,0,N,N,N
2012-10-05 00:00:00,C,5-19,27149640,195,20,A,12017,27,LFRG00,9990,2012-10-05 09:45:13,2012-10-05 09:45:37,29,33,0,1,5,0,0,0,1,0,0,0,0,0,0,0,0,N,N,N
2012-10-05 00:00:00,C,5-19,27149640,195,20,A,12017,28,SION00,10128,2012-10-05 09:45:30,2012-10-05 09:45:53,29,33,0,0,5,0,0,0,0,0,0,0,0,0,0,0,0,N,N,N
2012-10-05 00:00:00,C,5-19,27149640,195,20,A,12017,29,LOUR00,11023,2012-10-05 09:47:21,2012-10-05 09:47:12,29,33,0,0,5,0,0,0,0,0,0,0,0,0,0,0,0,N,N,N
2012-10-05 00:00:00,C,5-19,27149640,195,20,A,12017,30,JUPL00,11338,2012-10-05 09:48:00,2012-10-05 09:48:21,29,33,0,3,2,0,2,0,0,0,0,0,1,0,0,0,0,N,N,N
2012-10-05 00:00:00,C,5-19,27149640,195,20,A,12017,31,JUCH00,11817,2012-10-05 09:49:00,2012-10-05 09:50:48,29,33,0,0,2,0,0,0,0,0,0,0,0,0,0,0,0,N,N,N
2012-10-05 00:00:00,C,5-19,27149640,195,20,A,12017,32,JUMR01,12017,2012-10-05 09:49:40,2012-10-05 09:51:53,29,33,0,6,0,0,2,0,0,0,0,0,4,0,0,0,0,N,N,N
2012-10-05 00:00:00,C,5-19,27149641,195,16,R,11885,1,JUMR01,0,2012-10-05 10:07:00,2012-10-05 10:07:05,17,15,3,0,3,3,0,0,0,0,0,0,0,0,0,0,0,N,N,N
2012-10-05 00:00:00,C,5-19,27149641,195,16,R,11885,2,JUCH01,236,2012-10-05 10:07:30,2012-10-05 10:08:27,17,15,0,0,3,0,0,0,0,0,0,0,0,0,0,0,0,N,N,N
2012-10-05 00:00:00,C,5-19,27149641,195,16,R,11885,3,JUPL01,660,2012-10-05 10:08:24,2012-10-05 10:09:58,17,15,0,0,3,0,0,0,0,0,0,0,0,0,0,0,0,N,N,N
2012-10-05 00:00:00,C,5-19,27149641,195,16,R,11885,4,LOUR01,1042,2012-10-05 10:09:13,2012-10-05 10:10:43,17,15,0,0,3,0,0,0,0,0,0,0,0,0,0,0,0,N,N,N
2012-10-05 00:00:00,C,5-19,27149641,195,16,R,11885,5,SION01,1892,2012-10-05 10:11:02,2012-10-05 10:12:09,17,15,0,0,3,0,0,0,0,0,0,0,0,0,0,0,0,N,N,N
2012-10-05 00:00:00,C,5-19,27149641,195,16,R,11885,6,LFRG01,2037,2012-10-05 10:11:21,2012-10-05 10:12:23,17,15,0,0,3,0,0,0,0,0,0,0,0,0,0,0,0,N,N,N
2012-10-05 00:00:00,C,5-19,27149641,195,16,R,11885,7,RPRS01,2719,2012-10-05 10:12:49,2012-10-05 10:13:09,17,15,0,0,3,0,0,0,0,0,0,0,0,0,0,0,0,N,N,N
2012-10-05 00:00:00,C,5-19,27149641,195,16,R,11885,8,RLUL01,2898,2012-10-05 10:13:12,2012-10-05 10:13:29,17,15,0,0,3,0,0,0,0,0,0,0,0,0,0,0,0,N,N,N
2012-10-05 00:00:00,C,5-19,27149641,195,16,R,11885,9,CHOR01,3116,2012-10-05 10:13:40,2012-10-05 10:13:44,17,15,0,0,3,0,0,0,0,0,0,0,0,0,0,0,0,N,N,N
2012-10-05 00:00:00,C,5-19,27149641,195,16,R,11885,10,ABBA01,3370,2012-10-05 10:14:11,2012-10-05 10:14:19,17,15,2,0,5,1,0,1,0,0,0,0,0,0,0,0,0,N,N,N
2012-10-05 00:00:00,C,5-19,27149641,195,16,R,11885,11,PSGE01,3756,2012-10-05 10:15:00,2012-10-05 10:15:20,17,15,2,0,7,0,0,2,0,0,0,0,0,0,0,0,0,N,N,N
2012-10-05 00:00:00,C,5-19,27149641,195,16,R,11885,12,BASL01,4218,2012-10-05 10:15:59,2012-10-05 10:16:54,17,15,0,0,7,0,0,0,0,0,0,0,0,0,0,0,0,N,N,N
2012-10-05 00:00:00,C,5-19,27149641,195,16,R,11885,13,GRCA01,4635,2012-10-05 10:16:53,2012-10-05 10:17:48,17,15,0,0,7,0,0,0,0,0,0,0,0,0,0,0,0,N,N,N
2012-10-05 00:00:00,C,5-19,27149641,195,16,R,11885,14,CADO01,5101,2012-10-05 10:17:53,2012-10-05 10:18:20,17,15,0,0,7,0,0,0,0,0,0,0,0,0,0,0,0,N,N,N
2012-10-05 00:00:00,C,5-19,27149641,195,16,R,11885,15,BORN01,5390,2012-10-05 10:18:30,2012-10-05 10:18:38,17,15,0,0,7,0,0,0,0,0,0,0,0,0,0,0,0,N,N,N
2012-10-05 00:00:00,C,5-19,27149641,195,16,R,11885,16,CRNR01,5797,2012-10-05 10:19:23,2012-10-05 10:19:07,17,15,0,0,7,0,0,0,0,0,0,0,0,0,0,0,0,N,N,N
2012-10-05 00:00:00,C,5-19,27149641,195,16,R,11885,17,AUMO01,6280,2012-10-05 10:20:25,2012-10-05 10:19:55,17,15,0,0,7,0,0,0,0,0,0,0,0,0,0,0,0,N,N,N
2012-10-05 00:00:00,C,5-19,27149641,195,16,R,11885,18,PUMA00,6547,2012-10-05 10:21:00,2012-10-05 10:21:12,17,15,2,0,9,0,0,0,0,0,0,2,0,0,0,0,0,N,N,N
2012-10-05 00:00:00,C,5-19,27149641,195,16,R,11885,19,GRES01,6873,2012-10-05 10:22:00,2012-10-05 10:22:13,17,15,0,0,9,0,0,0,0,0,0,0,0,0,0,0,0,N,N,N
2012-10-05 00:00:00,C,5-19,27149641,195,16,R,11885,20,PTOU01,7191,2012-10-05 10:23:00,2012-10-05 10:22:47,17,15,0,0,9,0,0,0,0,0,0,0,0,0,0,0,0,N,N,N
2012-10-05 00:00:00,C,5-19,27149641,195,16,R,11885,21,MIDE00,7704,2012-10-05 10:24:40,2012-10-05 10:24:58,17,15,1,0,10,0,0,0,0,0,0,1,0,0,0,0,0,N,N,N
2012-10-05 00:00:00,C,5-19,27149641,195,16,R,11885,22,PSUD01,8025,2012-10-05 10:25:22,2012-10-05 10:25:42,17,15,2,0,12,0,0,2,0,0,0,0,0,0,0,0,0,N,N,N
2012-10-05 00:00:00,C,5-19,27149641,195,16,R,11885,23,SILO01,8343,2012-10-05 10:26:04,2012-10-05 10:26:11,17,15,0,0,12,0,0,0,0,0,0,0,0,0,0,0,0,N,N,N
2012-10-05 00:00:00,C,5-19,27149641,195,16,R,11885,24,PIBO01,8766,2012-10-05 10:27:00,2012-10-05 10:27:12,17,15,1,0,13,0,0,1,0,0,0,0,0,0,0,0,0,N,N,N
2012-10-05 00:00:00,C,5-19,27149641,195,16,R,11885,25,LVAL01,9248,2012-10-05 10:28:16,2012-10-05 10:28:14,17,15,1,1,13,0,0,1,1,0,0,0,0,0,0,0,0,N,N,N
2012-10-05 00:00:00,C,5-19,27149641,195,16,R,11885,26,GSON01,9775,2012-10-05 10:29:40,2012-10-05 10:29:54,17,15,1,9,5,0,0,1,6,0,2,0,1,0,0,0,0,N,N,N
2012-10-05 00:00:00,C,5-19,27149641,195,16,R,11885,27,AJEN00,10277,2012-10-05 10:31:05,2012-10-05 10:31:21,17,15,0,0,5,0,0,0,0,0,0,0,0,0,0,0,0,N,N,N
2012-10-05 00:00:00,C,5-19,27149641,195,16,R,11885,28,MATH01,10512,2012-10-05 10:31:46,2012-10-05 10:32:01,17,15,0,1,4,0,0,0,1,0,0,0,0,0,0,0,0,N,N,N
2012-10-05 00:00:00,C,5-19,27149641,195,16,R,11885,29,CYPR01,10694,2012-10-05 10:32:17,2012-10-05 10:32:21,17,15,0,0,4,0,0,0,0,0,0,0,0,0,0,0,0,N,N,N
2012-10-05 00:00:00,C,5-19,27149641,195,16,R,11885,30,FOSA01,11175,2012-10-05 10:33:39,2012-10-05 10:33:20,17,15,2,0,6,0,0,2,0,0,0,0,0,0,0,0,0,N,N,N
2012-10-05 00:00:00,C,5-19,27149641,195,16,R,11885,31,CSSM02,11646,2012-10-05 10:35:00,2012-10-05 10:34:02,17,15,0,0,6,0,0,0,0,0,0,0,0,0,0,0,0,N,N,N
2012-10-05 00:00:00,C,5-19,27149641,195,16,R,11885,32,PRSM00,11885,2012-10-05 10:36:00,2012-10-05 10:35:17,17,15,0,4,2,0,0,0,4,0,0,0,0,0,0,0,0,N,N,N
2012-10-05 00:00:00,5,5-19,27149643,195,71,A,11960,1,TVDO00,0,2012-10-05 10:47:00,2012-10-05 10:48:29,132,127,0,0,0,0,0,0,0,0,0,0,0,0,0,0,0,N,Y,Y
2012-10-05 00:00:00,5,5-19,27149643,195,71,A,11960,2,PRSM02,698,2012-10-05 10:48:49,2012-10-05 10:49:42,132,127,5,0,5,3,0,2,0,0,0,0,0,0,0,0,0,N,N,N
2012-10-05 00:00:00,5,5-19,27149643,195,71,A,11960,3,CCLA01,1152,2012-10-05 10:50:01,2012-10-05 10:50:41,132,127,8,0,13,2,0,6,0,0,0,0,0,0,0,0,0,N,N,N
2012-10-05 00:00:00,5,5-19,27149643,195,71,A,11960,4,VLON01,1616,2012-10-05 10:51:14,2012-10-05 10:51:43,132,127,2,0,15,0,0,2,0,0,0,0,0,0,0,0,0,N,N,N
2012-10-05 00:00:00,5,5-19,27149643,195,71,A,11960,5,MALA01,2031,2012-10-05 10:52:20,2012-10-05 10:52:39,132,127,0,0,15,0,0,0,0,0,0,0,0,0,0,0,0,N,N,N
2012-10-05 00:00:00,5,5-19,27149643,195,71,A,11960,6,FLCE00,2395,2012-10-05 10:53:20,2012-10-05 10:53:40,132,127,9,1,23,2,0,7,0,0,1,0,0,0,0,0,0,N,N,N
2012-10-05 00:00:00,5,5-19,27149643,195,71,A,11960,7,RIEU00,2867,2012-10-05 10:54:40,2012-10-05 10:55:43,132,127,9,0,32,1,0,7,0,0,0,1,0,0,0,0,0,N,N,N
2012-10-05 00:00:00,5,5-19,27149643,195,71,A,11960,8,WEBR00,3150,2012-10-05 10:56:01,2012-10-05 10:57:04,132,127,5,1,36,1,0,3,1,1,0,0,0,0,0,0,0,N,N,N
2012-10-05 00:00:00,5,5-19,27149643,195,71,A,11960,9,GENT00,3358,2012-10-05 10:57:01,2012-10-05 10:57:42,132,127,1,0,37,0,0,0,0,0,0,1,0,0,0,0,0,N,N,N
2012-10-05 00:00:00,5,5-19,27149643,195,71,A,11960,10,MUSE00,3636,2012-10-05 10:58:22,2012-10-05 10:58:53,132,127,7,6,38,2,0,2,3,2,3,1,0,0,0,0,0,N,N,N
2012-10-05 00:00:00,5,5-19,27149643,195,71,A,11960,11,TRSI03,3947,,2012-10-05 11:01:22,132,127,4,9,33,2,2,1,5,1,2,0,0,0,0,0,0,N,Y,Y
2012-10-05 00:00:00,5,5-19,27149643,195,71,A,11960,12,PLEV00,4182,2012-10-05 11:01:00,2012-10-05 11:02:21,132,127,9,3,39,2,0,6,0,1,2,0,1,0,0,0,0,N,N,N
2012-10-05 00:00:00,5,5-19,27149643,195,71,A,11960,13,METR00,4496,,2012-10-05 11:03:44,132,127,4,3,40,0,2,1,0,3,1,0,0,0,0,0,0,N,Y,Y
2012-10-05 00:00:00,5,5-19,27149643,195,71,A,11960,14,MLRD00,4737,2012-10-05 11:03:48,2012-10-05 11:05:16,132,127,5,2,43,2,2,1,0,2,0,0,0,0,0,0,0,N,N,N
2012-10-05 00:00:00,5,5-19,27149643,195,71,A,11960,15,BAIR00,5234,2012-10-05 11:06:20,2012-10-05 11:07:47,132,127,26,14,55,0,0,8,7,7,7,11,0,0,0,0,0,N,N,N
2012-10-05 00:00:00,5,5-19,27149643,195,71,A,11960,16,COUT01,5546,2012-10-05 11:08:29,2012-10-05 11:08:57,132,127,6,10,51,0,1,3,4,1,3,2,2,0,0,0,0,N,N,N
2012-10-05 00:00:00,5,5-19,27149643,195,71,A,11960,17,CVIN07,5766,2012-10-05 11:10:00,2012-10-05 11:10:50,132,127,18,15,54,4,1,6,6,3,7,5,1,0,0,0,0,N,N,N
2012-10-05 00:00:00,5,5-19,27149643,195,71,A,11960,18,POST00,6260,2012-10-05 11:11:54,2012-10-05 11:12:51,132,127,1,3,52,0,1,1,0,0,1,0,1,0,0,0,0,N,N,N
2012-10-05 00:00:00,5,5-19,27149643,195,71,A,11960,19,BCRE00,6776,2012-10-05 11:13:54,2012-10-05 11:14:40,132,127,1,11,42,0,0,1,5,0,3,0,3,0,0,0,0,N,N,N
2012-10-05 00:00:00,5,5-19,27149643,195,71,A,11960,20,VIDO00,7058,2012-10-05 11:15:00,2012-10-05 11:15:46,132,127,2,4,40,0,0,0,1,0,2,2,1,0,0,0,0,N,N,N
2012-10-05 00:00:00,5,5-19,27149643,195,71,A,11960,21,VRMT00,7292,2012-10-05 11:16:20,2012-10-05 11:16:35,132,127,0,2,38,0,0,0,0,0,0,0,2,0,0,0,0,N,N,N
2012-10-05 00:00:00,5,5-19,27149643,195,71,A,11960,22,VRBE00,7485,2012-10-05 11:17:26,2012-10-05 11:17:28,132,127,1,2,37,1,0,0,1,0,1,0,0,0,0,0,0,N,N,N
2012-10-05 00:00:00,5,5-19,27149643,195,71,A,11960,23,NATI10,7701,2012-10-05 11:18:40,2012-10-05 11:19:47,132,127,4,2,39,1,0,3,1,0,0,0,1,0,0,0,0,N,N,N
2012-10-05 00:00:00,5,5-19,27149643,195,71,A,11960,24,INTR00,8253,2012-10-05 11:20:17,2012-10-05 11:22:19,132,127,1,4,36,0,0,1,2,0,2,0,0,0,0,0,0,N,N,N
2012-10-05 00:00:00,5,5-19,27149643,195,71,A,11960,25,MORL00,8882,2012-10-05 11:22:07,2012-10-05 11:23:36,132,127,0,3,33,0,0,0,2,0,1,0,0,0,0,0,0,N,N,N
2012-10-05 00:00:00,5,5-19,27149643,195,71,A,11960,26,POMI00,9176,2012-10-05 11:22:59,2012-10-05 11:24:31,132,127,0,2,31,0,0,0,2,0,0,0,0,0,0,0,0,N,N,N
2012-10-05 00:00:00,5,5-19,27149643,195,71,A,11960,27,GSAC00,9579,2012-10-05 11:24:10,2012-10-05 11:26:37,132,127,0,10,21,0,2,0,5,0,3,0,0,0,0,0,0,N,N,N
2012-10-05 00:00:00,5,5-19,27149643,195,71,A,11960,28,PXPO00,10090,2012-10-05 11:25:40,2012-10-05 11:28:14,132,127,4,3,22,0,0,3,1,1,1,0,1,0,0,0,0,N,N,N
2012-10-05 00:00:00,5,5-19,27149643,195,71,A,11960,29,AREN00,11560,2012-10-05 11:28:32,2012-10-05 11:30:54,132,127,0,0,22,0,0,0,0,0,0,0,0,0,0,0,0,N,N,N
2012-10-05 00:00:00,5,5-19,27149643,195,71,A,11960,30,AERO00,11960,2012-10-05 11:29:20,2012-10-05 11:32:08,132,127,0,17,5,0,4,0,7,0,1,0,5,0,0,0,0,N,N,N
2012-10-05 00:00:00,5,5-19,27149644,195,49,R,11541,1,AERO00,0,2012-10-05 11:35:00,2012-10-05 11:36:10,200,205,21,0,21,7,0,13,0,1,0,0,0,0,0,0,0,N,Y,N
2012-10-05 00:00:00,5,5-19,27149644,195,49,R,11541,2,AREN01,340,2012-10-05 11:35:55,2012-10-05 11:37:19,200,205,0,0,21,0,0,0,0,0,0,0,0,0,0,0,0,N,N,Y
2012-10-05 00:00:00,5,5-19,27149644,195,49,R,11541,3,PXPO01,1227,2012-10-05 11:38:20,2012-10-05 11:40:24,200,205,15,1,35,0,0,3,0,5,1,7,0,0,0,0,0,N,N,N
2012-10-05 00:00:00,5,5-19,27149644,195,49,R,11541,4,GSAC01,1723,2012-10-05 11:40:00,2012-10-05 11:42:39,200,205,3,2,36,0,0,2,2,1,0,0,0,0,0,0,0,N,N,N
2012-10-05 00:00:00,5,5-19,27149644,195,49,R,11541,5,POMI01,2053,2012-10-05 11:41:07,2012-10-05 11:43:34,200,205,1,1,36,0,0,0,1,1,0,0,0,0,0,0,0,N,N,N
2012-10-05 00:00:00,5,5-19,27149644,195,49,R,11541,6,MORL02,2416,2012-10-05 11:42:20,2012-10-05 11:44:33,200,205,2,0,38,1,0,1,0,0,0,0,0,0,0,0,0,N,N,N
2012-10-05 00:00:00,5,5-19,27149644,195,49,R,11541,7,INTR01,3030,2012-10-05 11:44:25,2012-10-05 11:45:55,200,205,2,0,40,1,0,0,0,1,0,0,0,0,0,0,0,N,N,N
2012-10-05 00:00:00,5,5-19,27149644,195,49,R,11541,8,NATI11,3596,2012-10-05 11:46:20,2012-10-05 11:48:55,200,205,5,5,40,2,3,3,1,0,1,0,0,0,0,0,0,N,N,N
2012-10-05 00:00:00,5,5-19,27149644,195,49,R,11541,9,VRMT01,3988,2012-10-05 11:47:47,2012-10-05 11:52:05,200,205,11,1,50,1,0,2,0,6,1,2,0,0,0,0,0,N,N,N
2012-10-05 00:00:00,5,5-19,27149644,195,49,R,11541,10,VIDO01,4316,2012-10-05 11:49:00,2012-10-05 11:53:20,200,205,1,4,47,0,1,1,0,0,2,0,1,0,0,0,0,N,N,N
2012-10-05 00:00:00,5,5-19,27149644,195,49,R,11541,11,BCRE01,4531,2012-10-05 11:49:54,2012-10-05 11:54:17,200,205,9,0,56,2,0,6,0,1,0,0,0,0,0,0,0,N,N,N
2012-10-05 00:00:00,5,5-19,27149644,195,49,R,11541,12,POST01,5103,2012-10-05 11:52:18,2012-10-05 11:56:26,200,205,4,5,55,1,2,0,1,3,2,0,0,0,0,0,0,N,N,N
2012-10-05 00:00:00,5,5-19,27149644,195,49,R,11541,13,CVIN01,5586,2012-10-05 11:54:20,2012-10-05 11:59:38,200,205,21,33,43,10,5,6,13,0,9,5,6,0,0,0,0,N,N,N
2012-10-05 00:00:00,5,5-19,27149644,195,49,R,11541,14,COUT00,5940,2012-10-05 11:56:18,2012-10-05 12:01:53,200,205,13,1,55,1,0,6,0,2,1,4,0,0,0,0,0,N,N,N
2012-10-05 00:00:00,5,5-19,27149644,195,49,R,11541,15,BAIR04,6364,2012-10-05 11:58:40,2012-10-05 12:03:42,200,205,2,12,45,1,0,0,6,0,4,1,2,0,0,0,0,N,N,N
2012-10-05 00:00:00,5,5-19,27149644,195,49,R,11541,16,BAIR05,6619,2012-10-05 12:01:00,2012-10-05 12:05:38,200,205,17,14,48,4,2,5,6,4,2,4,4,0,0,0,0,N,N,N
2012-10-05 00:00:00,5,5-19,27149644,195,49,R,11541,17,MLRD03,6845,2012-10-05 12:02:01,2012-10-05 12:06:42,200,205,4,12,40,1,1,3,7,0,2,0,2,0,0,0,0,N,N,N
2012-10-05 00:00:00,5,5-19,27149644,195,49,R,11541,18,RIVE06,7285,2012-10-05 12:04:00,2012-10-05 12:08:37,200,205,29,12,57,3,3,9,4,5,5,12,0,0,0,0,0,N,Y,Y
2012-10-05 00:00:00,5,5-19,27149644,195,49,R,11541,19,TRSI02,7557,2012-10-05 12:05:19,2012-10-05 12:11:06,200,205,12,8,61,4,2,5,4,3,1,0,1,0,0,0,0,N,N,N
2012-10-05 00:00:00,5,5-19,27149644,195,49,R,11541,20,MUSE01,7948,2012-10-05 12:07:13,2012-10-05 12:13:02,200,205,9,10,60,2,1,4,6,1,1,2,2,0,0,0,0,N,N,N
2012-10-05 00:00:00,5,5-19,27149644,195,49,R,11541,21,GENT01,8277,2012-10-05 12:08:48,2012-10-05 12:14:07,200,205,3,9,54,0,3,1,4,2,2,0,0,0,0,0,0,N,N,N
2012-10-05 00:00:00,5,5-19,27149644,195,49,R,11541,22,WEBR01,8467,2012-10-05 12:09:44,2012-10-05 12:15:09,200,205,5,6,53,1,1,1,3,3,2,0,0,0,0,0,0,N,N,N
2012-10-05 00:00:00,5,5-19,27149644,195,49,R,11541,23,RIEU01,8727,2012-10-05 12:11:00,2012-10-05 12:16:06,200,205,4,14,43,0,2,1,7,3,0,0,5,0,0,0,0,N,N,N
2012-10-05 00:00:00,5,5-19,27149644,195,49,R,11541,24,FLCE01,9190,2012-10-05 12:12:14,2012-10-05 12:17:43,200,205,2,5,40,0,1,0,1,2,2,0,1,0,0,0,0,N,N,N
2012-10-05 00:00:00,5,5-19,27149644,195,49,R,11541,25,MALA02,9598,2012-10-05 12:13:20,2012-10-05 12:18:43,200,205,0,4,36,0,1,0,1,0,1,0,1,0,0,0,0,N,N,N
2012-10-05 00:00:00,5,5-19,27149644,195,49,R,11541,26,VLON00,10034,2012-10-05 12:14:13,2012-10-05 12:19:58,200,205,0,2,34,0,0,0,1,0,0,0,1,0,0,0,0,N,N,N
2012-10-05 00:00:00,5,5-19,27149644,195,49,R,11541,27,CCLA00,10467,2012-10-05 12:15:07,2012-10-05 12:21:03,200,205,5,3,36,1,2,1,0,2,1,1,0,0,0,0,0,N,N,N
2012-10-05 00:00:00,5,5-19,27149644,195,49,R,11541,28,PRSM01,10911,2012-10-05 12:16:02,2012-10-05 12:22:39,200,205,0,21,15,0,1,0,4,0,9,0,7,0,0,0,0,N,N,N
2012-10-05 00:00:00,5,5-19,27149644,195,49,R,11541,29,TVDO00,11541,2012-10-05 12:17:20,2012-10-05 12:23:38,200,205,0,20,0,0,5,0,10,0,4,0,1,0,0,0,0,N,N,N
2012-10-05 00:00:00,5,5-19,27149645,195,71,A,11960,1,TVDO00,0,2012-10-05 12:25:00,2012-10-05 12:25:38,143,139,5,0,5,1,0,3,0,0,0,1,0,0,0,0,0,N,N,N
2012-10-05 00:00:00,5,5-19,27149645,195,71,A,11960,2,PRSM02,698,2012-10-05 12:26:49,2012-10-05 12:27:36,143,139,3,0,8,1,0,1,0,1,0,0,0,0,0,0,0,N,N,N
2012-10-05 00:00:00,5,5-19,27149645,195,71,A,11960,3,CCLA01,1152,2012-10-05 12:28:01,2012-10-05 12:28:55,143,139,0,1,7,0,0,0,1,0,0,0,0,0,0,0,0,N,N,N
2012-10-05 00:00:00,5,5-19,27149645,195,71,A,11960,4,VLON01,1616,2012-10-05 12:29:14,2012-10-05 12:31:26,143,139,5,1,11,0,0,4,1,1,0,0,0,0,0,0,0,N,N,N
2012-10-05 00:00:00,5,5-19,27149645,195,71,A,11960,5,MALA01,2031,2012-10-05 12:30:20,2012-10-05 12:32:25,143,139,4,0,15,3,0,1,0,0,0,0,0,0,0,0,0,N,N,N
2012-10-05 00:00:00,5,5-19,27149645,195,71,A,11960,6,FLCE00,2395,2012-10-05 12:31:20,2012-10-05 12:33:27,143,139,5,1,19,5,0,0,1,0,0,0,0,0,0,0,0,N,N,N
2012-10-05 00:00:00,5,5-19,27149645,195,71,A,11960,7,RIEU00,2867,2012-10-05 12:32:40,2012-10-05 12:35:20,143,139,18,0,37,1,0,6,0,8,0,3,0,0,0,0,0,N,N,N
2012-10-05 00:00:00,5,5-19,27149645,195,71,A,11960,8,WEBR00,3150,2012-10-05 12:34:01,2012-10-05 12:37:03,143,139,6,0,43,0,0,2,0,3,0,1,0,0,0,0,0,N,N,N
2012-10-05 00:00:00,5,5-19,27149645,195,71,A,11960,9,GENT00,3358,2012-10-05 12:35:01,2012-10-05 12:37:55,143,139,1,0,44,1,0,0,0,0,0,0,0,0,0,0,0,N,N,N
2012-10-05 00:00:00,5,5-19,27149645,195,71,A,11960,10,MUSE00,3636,2012-10-05 12:36:22,2012-10-05 12:38:57,143,139,3,2,45,0,0,1,0,1,2,1,0,0,0,0,0,N,N,N
2012-10-05 00:00:00,5,5-19,27149645,195,71,A,11960,11,TRSI03,3947,,2012-10-05 12:40:51,143,139,4,12,37,1,5,2,4,1,3,0,0,0,0,0,0,N,Y,Y
2012-10-05 00:00:00,5,5-19,27149645,195,71,A,11960,12,PLEV00,4182,2012-10-05 12:39:00,2012-10-05 12:42:36,143,139,4,6,35,0,4,4,0,0,2,0,0,0,0,0,0,N,N,N
2012-10-05 00:00:00,5,5-19,27149645,195,71,A,11960,13,METR00,4496,2012-10-05 12:40:35,2012-10-05 12:44:03,143,139,7,3,39,5,1,2,1,0,1,0,0,0,0,0,0,N,N,N
2012-10-05 00:00:00,5,5-19,27149645,195,71,A,11960,14,MLRD00,4737,2012-10-05 12:41:48,2012-10-05 12:45:38,143,139,3,5,37,2,1,1,4,0,0,0,0,0,0,0,0,N,N,N
2012-10-05 00:00:00,5,5-19,27149645,195,71,A,11960,15,BAIR00,5234,2012-10-05 12:44:20,2012-10-05 12:48:19,143,139,8,5,40,2,0,5,1,0,4,1,0,0,0,0,0,N,N,N
2012-10-05 00:00:00,5,5-19,27149645,195,71,A,11960,16,COUT01,5546,2012-10-05 12:46:40,2012-10-05 12:50:41,143,139,10,8,42,5,0,3,5,2,2,0,1,0,0,0,0,N,Y,Y
2012-10-05 00:00:00,5,5-19,27149645,195,71,A,11960,17,CVIN07,5766,2012-10-05 12:48:20,2012-10-05 12:53:39,143,139,20,24,38,4,8,10,4,2,5,4,7,0,0,0,0,N,N,N
2012-10-05 00:00:00,5,5-19,27149645,195,71,A,11960,18,POST00,6260,2012-10-05 12:50:14,2012-10-05 12:56:02,143,139,3,3,38,0,1,3,2,0,0,0,0,0,0,0,0,N,N,N
2012-10-05 00:00:00,5,5-19,27149645,195,71,A,11960,19,BCRE00,6776,2012-10-05 12:52:14,2012-10-05 12:57:31,143,139,0,10,28,0,2,0,6,0,2,0,0,0,0,0,0,N,N,N
2012-10-05 00:00:00,5,5-19,27149645,195,71,A,11960,20,VIDO00,7058,2012-10-05 12:53:20,2012-10-05 12:58:39,143,139,1,2,27,0,1,0,0,1,1,0,0,0,0,0,0,N,N,N
2012-10-05 00:00:00,5,5-19,27149645,195,71,A,11960,21,VRMT00,7292,2012-10-05 12:54:40,2012-10-05 12:59:28,143,139,0,4,23,0,0,0,3,0,1,0,0,0,0,0,0,N,N,N
2012-10-05 00:00:00,5,5-19,27149645,195,71,A,11960,22,VRBE00,7485,2012-10-05 12:55:46,2012-10-05 13:00:19,143,139,1,3,21,0,1,1,1,0,1,0,0,0,0,0,0,N,N,N
2012-10-05 00:00:00,5,5-19,27149645,195,71,A,11960,23,NATI10,7701,2012-10-05 12:57:00,2012-10-05 13:01:47,143,139,11,3,29,4,0,6,2,1,1,0,0,0,0,0,0,N,N,N
2012-10-05 00:00:00,5,5-19,27149645,195,71,A,11960,24,INTR00,8253,2012-10-05 12:58:41,2012-10-05 13:04:00,143,139,1,6,24,1,2,0,3,0,1,0,0,0,0,0,0,N,N,N
2012-10-05 00:00:00,5,5-19,27149645,195,71,A,11960,25,MORL00,8882,2012-10-05 13:00:37,2012-10-05 13:05:23,143,139,1,0,25,0,0,1,0,0,0,0,0,0,0,0,0,N,N,N
2012-10-05 00:00:00,5,5-19,27149645,195,71,A,11960,26,POMI00,9176,2012-10-05 13:01:31,2012-10-05 13:06:17,143,139,0,1,24,0,0,0,0,0,0,0,1,0,0,0,0,N,N,N
2012-10-05 00:00:00,5,5-19,27149645,195,71,A,11960,27,GSAC00,9579,2012-10-05 13:02:45,2012-10-05 13:08:00,143,139,1,11,14,0,0,1,7,0,4,0,0,0,0,0,0,N,N,N
2012-10-05 00:00:00,5,5-19,27149645,195,71,A,11960,28,PXPO00,10090,2012-10-05 13:04:20,2012-10-05 13:10:10,143,139,15,3,26,1,0,2,0,12,0,0,3,0,0,0,0,N,N,N
2012-10-05 00:00:00,5,5-19,27149645,195,71,A,11960,29,AREN00,11560,2012-10-05 13:07:12,2012-10-05 13:13:20,143,139,3,6,23,2,0,1,5,0,1,0,0,0,0,0,0,N,N,N
2012-10-05 00:00:00,5,5-19,27149645,195,71,A,11960,30,AERO00,11960,2012-10-05 13:08:00,2012-10-05 13:14:44,143,139,0,19,4,0,1,0,11,0,7,0,0,0,0,0,0,N,N,N
2012-10-05 00:00:00,5,5-19,27149646,195,49,R,11541,1,AERO00,0,2012-10-05 13:13:00,2012-10-05 13:16:12,171,160,13,0,13,3,0,4,0,2,0,4,0,0,0,0,0,N,Y,N
2012-10-05 00:00:00,5,5-19,27149646,195,49,R,11541,2,AREN01,340,2012-10-05 13:13:55,2012-10-05 13:17:27,171,160,0,0,13,0,0,0,0,0,0,0,0,0,0,0,0,N,N,Y
2012-10-05 00:00:00,5,5-19,27149646,195,49,R,11541,3,PXPO01,1227,2012-10-05 13:16:20,2012-10-05 13:20:04,171,160,31,1,43,1,1,6,0,9,0,15,0,0,0,0,0,N,N,N
2012-10-05 00:00:00,5,5-19,27149646,195,49,R,11541,4,GSAC01,1723,2012-10-05 13:18:00,2012-10-05 13:22:30,171,160,9,2,50,3,0,4,0,1,1,1,1,0,0,0,0,N,N,N
2012-10-05 00:00:00,5,5-19,27149646,195,49,R,11541,5,POMI01,2053,2012-10-05 13:19:07,2012-10-05 13:23:29,171,160,4,1,53,0,0,1,1,1,0,2,0,0,0,0,0,N,N,N
2012-10-05 00:00:00,5,5-19,27149646,195,49,R,11541,6,MORL02,2416,2012-10-05 13:20:20,2012-10-05 13:24:27,171,160,1,0,54,0,0,0,0,1,0,0,0,0,0,0,0,N,N,N
2012-10-05 00:00:00,5,5-19,27149646,195,49,R,11541,7,INTR01,3030,2012-10-05 13:22:25,2012-10-05 13:25:47,171,160,4,2,56,2,0,0,0,2,2,0,0,0,0,0,0,N,N,N
2012-10-05 00:00:00,5,5-19,27149646,195,49,R,11541,8,NATI11,3596,2012-10-05 13:24:20,2012-10-05 13:27:20,171,160,9,4,61,3,0,3,1,3,1,0,2,0,0,0,0,N,N,N
2012-10-05 00:00:00,5,5-19,27149646,195,49,R,11541,9,VRMT01,3988,2012-10-05 13:25:47,2012-10-05 13:29:20,171,160,9,2,68,2,0,2,0,3,2,2,0,0,0,0,0,N,N,N
2012-10-05 00:00:00,5,5-19,27149646,195,49,R,11541,10,VIDO01,4316,2012-10-05 13:27:00,2012-10-05 13:30:43,171,160,6,4,70,1,0,5,1,0,2,0,1,0,0,0,0,N,N,N
2012-10-05 00:00:00,5,5-19,27149646,195,49,R,11541,11,BCRE01,4531,2012-10-05 13:27:54,2012-10-05 13:31:49,171,160,8,2,76,2,0,2,2,4,0,0,0,0,0,0,0,N,N,N
2012-10-05 00:00:00,5,5-19,27149646,195,49,R,11541,12,POST01,5103,2012-10-05 13:30:18,2012-10-05 13:34:19,171,160,1,4,73,1,1,0,3,0,0,0,0,0,0,0,0,N,N,N
2012-10-05 00:00:00,5,5-19,27149646,195,49,R,11541,13,CVIN01,5586,2012-10-05 13:32:20,2012-10-05 13:36:49,171,160,16,34,55,6,2,3,14,3,12,4,6,0,0,0,0,N,N,N
2012-10-05 00:00:00,5,5-19,27149646,195,49,R,11541,14,COUT00,5940,2012-10-05 13:34:27,2012-10-05 13:38:36,171,160,16,5,66,4,1,5,3,2,1,5,0,0,0,0,0,N,N,N
2012-10-05 00:00:00,5,5-19,27149646,195,49,R,11541,15,BAIR04,6364,2012-10-05 13:37:00,2012-10-05 13:40:25,171,160,3,18,51,2,1,0,9,0,3,1,5,0,0,0,0,N,N,N
2012-10-05 00:00:00,5,5-19,27149646,195,49,R,11541,16,BAIR05,6619,2012-10-05 13:39:20,2012-10-05 13:42:31,171,160,12,10,53,0,3,0,0,6,2,6,5,0,0,0,0,N,N,N
2012-10-05 00:00:00,5,5-19,27149646,195,49,R,11541,17,MLRD03,6845,2012-10-05 13:40:21,2012-10-05 13:43:39,171,160,17,9,61,2,1,6,3,5,4,4,1,0,0,0,0,N,N,N
2012-10-05 00:00:00,5,5-19,27149646,195,49,R,11541,18,RIVE06,7285,2012-10-05 13:42:20,2012-10-05 13:45:38,171,160,11,24,48,5,4,5,9,0,6,1,5,0,0,0,0,N,N,N
2012-10-05 00:00:00,5,5-19,27149646,195,49,R,11541,19,TRSI02,7557,2012-10-05 13:43:54,2012-10-05 13:47:57,171,160,0,12,36,0,2,0,2,0,3,0,5,0,0,0,0,N,N,N
2012-10-05 00:00:00,5,5-19,27149646,195,49,R,11541,20,MUSE01,7948,2012-10-05 13:46:09,2012-10-05 13:51:04,171,160,0,4,32,0,0,0,3,0,1,0,0,0,0,0,0,N,N,N
2012-10-05 00:00:00,5,5-19,27149646,195,49,R,11541,21,GENT01,8277,2012-10-05 13:48:03,2012-10-05 13:53:32,171,160,0,3,29,0,1,0,0,0,1,0,1,0,0,0,0,N,N,N
2012-10-05 00:00:00,5,5-19,27149646,195,49,R,11541,22,WEBR01,8467,2012-10-05 13:49:09,2012-10-05 13:54:39,171,160,0,9,20,0,2,0,2,0,1,0,4,0,0,0,0,N,N,N
2012-10-05 00:00:00,5,5-19,27149646,195,49,R,11541,23,RIEU01,8727,2012-10-05 13:50:40,2012-10-05 13:56:09,171,160,0,0,20,0,0,0,0,0,0,0,0,0,0,0,0,N,N,N
2012-10-05 00:00:00,5,5-19,27149646,195,49,R,11541,24,FLCE01,9190,2012-10-05 13:51:54,2012-10-05 13:57:57,171,160,0,2,18,0,2,0,0,0,0,0,0,0,0,0,0,N,N,N
2012-10-05 00:00:00,5,5-19,27149646,195,49,R,11541,25,MALA02,9598,2012-10-05 13:53:00,2012-10-05 13:59:00,171,160,1,0,19,0,0,0,0,0,0,1,0,0,0,0,0,N,N,N
2012-10-05 00:00:00,5,5-19,27149646,195,49,R,11541,26,VLON00,10034,2012-10-05 13:53:53,2012-10-05 13:59:56,171,160,0,1,18,0,0,0,1,0,0,0,0,0,0,0,0,N,N,N
2012-10-05 00:00:00,5,5-19,27149646,195,49,R,11541,27,CCLA00,10467,2012-10-05 13:54:47,2012-10-05 14:00:49,171,160,0,1,17,0,0,0,0,0,1,0,0,0,0,0,0,N,N,N
2012-10-05 00:00:00,5,5-19,27149646,195,49,R,11541,28,PRSM01,10911,2012-10-05 13:55:42,2012-10-05 14:01:45,171,160,0,4,13,0,0,0,1,0,3,0,0,0,0,0,0,N,N,N
2012-10-05 00:00:00,5,5-19,27149646,195,49,R,11541,29,TVDO00,11541,2012-10-05 13:57:00,2012-10-05 14:02:37,171,160,0,2,11,0,2,0,0,0,0,0,0,0,0,0,0,N,N,N
2012-10-05 00:00:00,5,5-19,27149647,195,71,A,11960,1,TVDO00,0,2012-10-05 14:02:00,2012-10-05 14:03:55,68,60,1,0,1,1,0,0,0,0,0,0,0,0,0,0,0,N,N,N
2012-10-05 00:00:00,5,5-19,27149647,195,71,A,11960,2,PRSM02,698,2012-10-05 14:03:49,2012-10-05 14:05:13,68,60,1,0,2,1,0,0,0,0,0,0,0,0,0,0,0,N,N,N
2012-10-05 00:00:00,5,5-19,27149647,195,71,A,11960,3,CCLA01,1152,2012-10-05 14:05:01,2012-10-05 14:06:08,68,60,0,0,2,0,0,0,0,0,0,0,0,0,0,0,0,N,N,N
2012-10-05 00:00:00,5,5-19,27149647,195,71,A,11960,4,VLON01,1616,2012-10-05 14:06:14,2012-10-05 14:07:05,68,60,0,0,2,0,0,0,0,0,0,0,0,0,0,0,0,N,N,N
2012-10-05 00:00:00,5,5-19,27149647,195,71,A,11960,5,MALA01,2031,2012-10-05 14:07:20,2012-10-05 14:07:47,68,60,0,0,2,0,0,0,0,0,0,0,0,0,0,0,0,N,N,N
2012-10-05 00:00:00,5,5-19,27149647,195,71,A,11960,6,FLCE00,2395,2012-10-05 14:08:20,2012-10-05 14:08:38,68,60,0,0,2,0,0,0,0,0,0,0,0,0,0,0,0,N,N,N
2012-10-05 00:00:00,5,5-19,27149647,195,71,A,11960,7,RIEU00,2867,2012-10-05 14:09:40,2012-10-05 14:10:58,68,60,5,0,7,0,0,3,0,0,0,2,0,0,0,0,0,N,N,N
2012-10-05 00:00:00,5,5-19,27149647,195,71,A,11960,8,WEBR00,3150,2012-10-05 14:11:01,2012-10-05 14:12:00,68,60,0,0,7,0,0,0,0,0,0,0,0,0,0,0,0,N,N,N
2012-10-05 00:00:00,5,5-19,27149647,195,71,A,11960,9,GENT00,3358,2012-10-05 14:12:01,2012-10-05 14:13:05,68,60,2,0,9,2,0,0,0,0,0,0,0,0,0,0,0,N,N,N
2012-10-05 00:00:00,5,5-19,27149647,195,71,A,11960,10,MUSE00,3636,2012-10-05 14:13:22,2012-10-05 14:14:09,68,60,0,0,9,0,0,0,0,0,0,0,0,0,0,0,0,N,N,N
2012-10-05 00:00:00,5,5-19,27149647,195,71,A,11960,11,TRSI03,3947,2012-10-05 14:14:52,2012-10-05 14:15:46,68,60,3,1,11,1,0,1,1,0,0,1,0,0,0,0,0,N,N,N
2012-10-05 00:00:00,5,5-19,27149647,195,71,A,11960,12,PLEV00,4182,2012-10-05 14:16:00,2012-10-05 14:17:46,68,60,4,0,15,1,0,1,0,0,0,2,0,0,0,0,0,N,N,N
2012-10-05 00:00:00,5,5-19,27149647,195,71,A,11960,13,METR00,4496,2012-10-05 14:17:35,2012-10-05 14:19:46,68,60,3,0,18,1,0,2,0,0,0,0,0,0,0,0,0,N,N,N
2012-10-05 00:00:00,5,5-19,27149647,195,71,A,11960,14,MLRD00,4737,2012-10-05 14:18:48,2012-10-05 14:21:29,68,60,6,0,24,1,0,5,0,0,0,0,0,0,0,0,0,N,N,N
2012-10-05 00:00:00,5,5-19,27149647,195,71,A,11960,15,BAIR00,5234,2012-10-05 14:21:20,2012-10-05 14:24:44,68,60,4,6,22,1,2,2,3,0,0,1,1,0,0,0,0,N,N,N
2012-10-05 00:00:00,5,5-19,27149647,195,71,A,11960,16,COUT01,5546,2012-10-05 14:23:40,2012-10-05 14:27:26,68,60,11,5,28,2,1,8,3,0,1,1,0,0,0,0,0,N,N,N
2012-10-05 00:00:00,5,5-19,27149647,195,71,A,11960,17,CVIN07,5766,2012-10-05 14:25:20,2012-10-05 14:33:32,68,60,8,7,29,5,1,0,1,0,3,3,2,0,0,0,0,N,N,N
2012-10-05 00:00:00,5,5-19,27149647,195,71,A,11960,18,POST00,6260,2012-10-05 14:27:14,2012-10-05 14:36:12,68,60,0,3,26,0,1,0,2,0,0,0,0,0,0,0,0,N,N,N
2012-10-05 00:00:00,5,5-19,27149647,195,71,A,11960,19,BCRE00,6776,2012-10-05 14:29:14,2012-10-05 14:37:59,68,60,0,8,18,0,0,0,4,0,1,0,3,0,0,0,0,N,N,N
2012-10-05 00:00:00,5,5-19,27149647,195,71,A,11960,20,VIDO00,7058,2012-10-05 14:30:20,2012-10-05 14:39:02,68,60,0,1,17,0,0,0,0,0,0,0,1,0,0,0,0,N,N,N
2012-10-05 00:00:00,5,5-19,27149647,195,71,A,11960,21,VRMT00,7292,2012-10-05 14:31:40,2012-10-05 14:39:47,68,60,0,4,13,0,0,0,3,0,1,0,0,0,0,0,0,N,N,N
2012-10-05 00:00:00,5,5-19,27149647,195,71,A,11960,22,VRBE00,7485,2012-10-05 14:32:46,2012-10-05 14:40:35,68,60,0,1,12,0,1,0,0,0,0,0,0,0,0,0,0,N,N,N
2012-10-05 00:00:00,5,5-19,27149647,195,71,A,11960,23,NATI10,7701,2012-10-05 14:34:00,2012-10-05 14:43:01,68,60,0,0,12,0,0,0,0,0,0,0,0,0,0,0,0,N,N,N
2012-10-05 00:00:00,5,5-19,27149647,195,71,A,11960,24,INTR00,8253,2012-10-05 14:35:41,2012-10-05 14:44:19,68,60,0,4,8,0,0,0,2,0,1,0,1,0,0,0,0,N,N,N
2012-10-05 00:00:00,5,5-19,27149647,195,71,A,11960,25,MORL00,8882,2012-10-05 14:37:37,2012-10-05 14:45:40,68,60,0,0,8,0,0,0,0,0,0,0,0,0,0,0,0,N,N,N
2012-10-05 00:00:00,5,5-19,27149647,195,71,A,11960,26,POMI00,9176,2012-10-05 14:38:31,2012-10-05 14:47:04,68,60,0,2,6,0,0,0,2,0,0,0,0,0,0,0,0,N,N,N
2012-10-05 00:00:00,5,5-19,27149647,195,71,A,11960,27,GSAC00,9579,2012-10-05 14:39:45,2012-10-05 14:47:56,68,60,0,0,6,0,0,0,0,0,0,0,0,0,0,0,0,N,N,N
2012-10-05 00:00:00,5,5-19,27149647,195,71,A,11960,28,PXPO00,10090,2012-10-05 14:41:20,2012-10-05 14:49:51,68,60,20,2,24,9,0,9,2,2,0,0,0,0,0,0,0,N,N,N
2012-10-05 00:00:00,5,5-19,27149647,195,71,A,11960,29,AREN00,11560,2012-10-05 14:44:12,2012-10-05 14:52:30,68,60,0,2,22,0,2,0,0,0,0,0,0,0,0,0,0,N,N,N
2012-10-05 00:00:00,5,5-19,27149647,195,71,A,11960,30,AERO00,11960,2012-10-05 14:45:00,2012-10-05 14:53:30,68,60,0,14,8,0,3,0,8,0,3,0,0,0,0,0,0,N,N,N
2012-10-05 00:00:00,5,5-19,27149648,195,49,R,11541,1,AERO00,0,2012-10-05 14:52:00,2012-10-05 14:54:24,188,194,26,0,26,4,0,11,0,7,0,4,0,0,0,0,0,N,N,N
2012-10-05 00:00:00,5,5-19,27149648,195,49,R,11541,2,AREN01,340,2012-10-05 14:52:55,2012-10-05 14:55:43,188,194,0,0,26,0,0,0,0,0,0,0,0,0,0,0,0,N,Y,N
2012-10-05 00:00:00,5,5-19,27149648,195,49,R,11541,3,PXPO01,1227,2012-10-05 14:55:20,2012-10-05 14:57:25,188,194,4,1,29,0,0,3,1,1,0,0,0,0,0,0,0,N,N,Y
2012-10-05 00:00:00,5,5-19,27149648,195,49,R,11541,4,GSAC01,1723,2012-10-05 14:57:00,2012-10-05 14:59:51,188,194,5,3,31,1,1,3,1,1,1,0,0,0,0,0,0,N,N,N
2012-10-05 00:00:00,5,5-19,27149648,195,49,R,11541,5,POMI01,2053,2012-10-05 14:58:07,2012-10-05 15:00:52,188,194,2,1,32,0,0,1,0,1,0,0,1,0,0,0,0,N,N,N
2012-10-05 00:00:00,5,5-19,27149648,195,49,R,11541,6,MORL02,2416,2012-10-05 14:59:20,2012-10-05 15:01:45,188,194,0,2,30,0,0,0,2,0,0,0,0,0,0,0,0,N,N,N
2012-10-05 00:00:00,5,5-19,27149648,195,49,R,11541,7,INTR01,3030,2012-10-05 15:01:25,2012-10-05 15:03:00,188,194,5,3,32,0,0,1,3,4,0,0,0,0,0,0,0,N,N,N
2012-10-05 00:00:00,5,5-19,27149648,195,49,R,11541,8,NATI11,3596,2012-10-05 15:03:20,2012-10-05 15:04:59,188,194,1,15,18,0,1,1,4,0,3,0,7,0,0,0,0,N,N,N
2012-10-05 00:00:00,5,5-19,27149648,195,49,R,11541,9,VRMT01,3988,2012-10-05 15:04:47,2012-10-05 15:06:07,188,194,3,2,19,1,0,1,1,1,1,0,0,0,0,0,0,N,N,N
2012-10-05 00:00:00,5,5-19,27149648,195,49,R,11541,10,VIDO01,4316,2012-10-05 15:06:00,2012-10-05 15:07:16,188,194,1,1,19,0,0,1,0,0,1,0,0,0,0,0,0,N,N,N
2012-10-05 00:00:00,5,5-19,27149648,195,49,R,11541,11,BCRE01,4531,2012-10-05 15:06:54,2012-10-05 15:08:06,188,194,3,0,22,2,0,0,0,1,0,0,0,0,0,0,0,N,N,N
2012-10-05 00:00:00,5,5-19,27149648,195,49,R,11541,12,POST01,5103,2012-10-05 15:09:18,2012-10-05 15:10:31,188,194,7,0,29,3,0,4,0,0,0,0,0,0,0,0,0,N,N,N
2012-10-05 00:00:00,5,5-19,27149648,195,49,R,11541,13,CVIN01,5586,2012-10-05 15:11:20,2012-10-05 15:13:29,188,194,22,17,34,2,2,11,10,6,2,3,3,0,0,0,0,N,Y,Y
2012-10-05 00:00:00,5,5-19,27149648,195,49,R,11541,14,COUT00,5940,2012-10-05 15:13:27,2012-10-05 15:15:30,188,194,20,4,50,0,1,2,1,14,2,4,0,0,0,0,0,N,N,N
2012-10-05 00:00:00,5,5-19,27149648,195,49,R,11541,15,BAIR04,6364,2012-10-05 15:16:00,2012-10-05 15:17:24,188,194,0,19,31,0,1,0,6,0,10,0,2,0,0,0,0,N,N,N
2012-10-05 00:00:00,5,5-19,27149648,195,49,R,11541,16,BAIR05,6619,2012-10-05 15:18:20,2012-10-05 15:19:37,188,194,14,3,42,1,0,6,2,3,1,4,0,0,0,0,0,N,N,N
2012-10-05 00:00:00,5,5-19,27149648,195,49,R,11541,17,MLRD03,6845,2012-10-05 15:19:21,2012-10-05 15:20:43,188,194,7,7,42,0,1,0,2,3,4,4,0,0,0,0,0,N,N,N
2012-10-05 00:00:00,5,5-19,27149648,195,49,R,11541,18,RIVE06,7285,2012-10-05 15:21:20,2012-10-05 15:22:54,188,194,20,18,44,4,5,7,7,5,3,4,3,0,0,0,0,N,N,N
2012-10-05 00:00:00,5,5-19,27149648,195,49,R,11541,19,TRSI02,7557,2012-10-05 15:22:46,2012-10-05 15:24:56,188,194,7,9,42,0,3,3,1,1,4,3,1,0,0,0,0,N,N,N
2012-10-05 00:00:00,5,5-19,27149648,195,49,R,11541,20,MUSE01,7948,2012-10-05 15:24:51,2012-10-05 15:27:00,188,194,20,5,57,2,2,9,0,8,1,1,2,0,0,0,0,N,N,N
2012-10-05 00:00:00,5,5-19,27149648,195,49,R,11541,21,GENT01,8277,2012-10-05 15:26:36,2012-10-05 15:28:22,188,194,5,5,57,0,0,3,2,1,2,1,1,0,0,0,0,N,N,N
2012-10-05 00:00:00,5,5-19,27149648,195,49,R,11541,22,WEBR01,8467,2012-10-05 15:27:37,2012-10-05 15:29:19,188,194,4,3,58,1,1,2,2,0,0,1,0,0,0,0,0,N,N,N
2012-10-05 00:00:00,5,5-19,27149648,195,49,R,11541,23,RIEU01,8727,2012-10-05 15:29:00,2012-10-05 15:30:48,188,194,3,2,59,0,1,1,1,2,0,0,0,0,0,0,0,N,N,N
2012-10-05 00:00:00,5,5-19,27149648,195,49,R,11541,24,FLCE01,9190,2012-10-05 15:30:14,2012-10-05 15:32:33,188,194,3,7,55,2,0,0,2,0,2,1,3,0,0,0,0,N,N,N
2012-10-05 00:00:00,5,5-19,27149648,195,49,R,11541,25,MALA02,9598,2012-10-05 15:31:20,2012-10-05 15:33:48,188,194,0,3,52,0,0,0,2,0,0,0,1,0,0,0,0,N,N,N
2012-10-05 00:00:00,5,5-19,27149648,195,49,R,11541,26,VLON00,10034,2012-10-05 15:32:22,2012-10-05 15:34:55,188,194,1,19,34,1,0,0,1,0,17,0,1,0,0,0,0,N,N,N
2012-10-05 00:00:00,5,5-19,27149648,195,49,R,11541,27,CCLA00,10467,2012-10-05 15:33:25,2012-10-05 15:35:54,188,194,4,4,34,0,0,0,1,0,2,4,1,0,0,0,0,N,N,N
2012-10-05 00:00:00,5,5-19,27149648,195,49,R,11541,28,PRSM01,10911,2012-10-05 15:34:29,2012-10-05 15:36:56,188,194,1,21,14,0,3,0,5,0,6,1,7,0,0,0,0,N,N,N
2012-10-05 00:00:00,5,5-19,27149648,195,49,R,11541,29,TVDO00,11541,2012-10-05 15:36:00,2012-10-05 15:37:55,188,194,0,20,0,0,6,0,7,0,3,0,4,0,0,0,0,N,N,N
2012-10-05 00:00:00,C,5-19,27149650,195,20,A,12017,1,PRSM00,0,2012-10-05 15:46:00,2012-10-05 15:48:03,58,50,24,0,24,5,0,5,0,2,0,12,0,0,0,0,0,N,N,N
2012-10-05 00:00:00,C,5-19,27149650,195,20,A,12017,2,CSSM01,402,2012-10-05 15:48:20,2012-10-05 15:49:59,58,50,0,0,24,0,0,0,0,0,0,0,0,0,0,0,0,N,N,N
2012-10-05 00:00:00,C,5-19,27149650,195,20,A,12017,3,FOSA00,949,2012-10-05 15:50:07,2012-10-05 15:52:12,58,50,2,2,24,0,0,2,1,0,1,0,0,0,0,0,0,N,N,N
2012-10-05 00:00:00,C,5-19,27149650,195,20,A,12017,4,CYPR00,1258,2012-10-05 15:51:08,2012-10-05 15:53:01,58,50,1,2,23,0,0,1,2,0,0,0,0,0,0,0,0,N,N,N
2012-10-05 00:00:00,C,5-19,27149650,195,20,A,12017,5,MATH00,1529,2012-10-05 15:52:01,2012-10-05 15:53:59,58,50,6,1,28,0,0,4,1,2,0,0,0,0,0,0,0,N,N,N
2012-10-05 00:00:00,C,5-19,27149650,195,20,A,12017,6,AJEN01,1777,2012-10-05 15:52:50,2012-10-05 15:54:39,58,50,0,0,28,0,0,0,0,0,0,0,0,0,0,0,0,N,N,N
2012-10-05 00:00:00,C,5-19,27149650,195,20,A,12017,7,GSON00,2232,2012-10-05 15:54:20,2012-10-05 15:56:58,58,50,22,8,42,1,1,7,3,7,2,7,2,0,0,0,0,N,N,N
2012-10-05 00:00:00,C,5-19,27149650,195,20,A,12017,8,LVAL00,2849,2012-10-05 15:56:32,2012-10-05 15:58:43,58,50,0,2,40,0,0,0,2,0,0,0,0,0,0,0,0,N,N,N
2012-10-05 00:00:00,C,5-19,27149650,195,20,A,12017,9,PIBO00,3255,2012-10-05 15:58:00,2012-10-05 15:59:46,58,50,1,9,32,0,0,1,5,0,4,0,0,0,0,0,0,N,N,N
2012-10-05 00:00:00,C,5-19,27149650,195,20,A,12017,10,SILO00,3743,2012-10-05 15:59:09,2012-10-05 16:00:59,58,50,1,4,29,0,0,1,1,0,0,0,3,0,0,0,0,N,N,N
2012-10-05 00:00:00,C,5-19,27149650,195,20,A,12017,11,PSUD00,4102,2012-10-05 16:00:00,2012-10-05 16:01:48,58,50,0,1,28,0,0,0,0,0,1,0,0,0,0,0,0,N,N,N
2012-10-05 00:00:00,C,5-19,27149650,195,20,A,12017,12,MIDE01,4432,2012-10-05 16:01:00,2012-10-05 16:02:55,58,50,1,4,25,0,0,1,1,0,2,0,1,0,0,0,0,N,N,N
2012-10-05 00:00:00,C,5-19,27149650,195,20,A,12017,13,PTOU00,4849,2012-10-05 16:02:18,2012-10-05 16:03:40,58,50,0,0,25,0,0,0,0,0,0,0,0,0,0,0,0,N,N,N
2012-10-05 00:00:00,C,5-19,27149650,195,20,A,12017,14,GRES00,5171,2012-10-05 16:03:19,2012-10-05 16:04:30,58,50,0,5,20,0,0,0,1,0,4,0,0,0,0,0,0,N,N,N
2012-10-05 00:00:00,C,5-19,27149650,195,20,A,12017,15,PUMA01,5495,2012-10-05 16:04:20,2012-10-05 16:05:30,58,50,0,4,16,0,0,0,3,0,0,0,1,0,0,0,0,N,N,N
2012-10-05 00:00:00,C,5-19,27149650,195,20,A,12017,16,AUMO00,5742,2012-10-05 16:04:49,2012-10-05 16:06:30,58,50,0,1,15,0,0,0,1,0,0,0,0,0,0,0,0,N,N,N
2012-10-05 00:00:00,C,5-19,27149650,195,20,A,12017,17,CRNR00,6232,2012-10-05 16:05:48,2012-10-05 16:07:15,58,50,0,0,15,0,0,0,0,0,0,0,0,0,0,0,0,N,N,N
2012-10-05 00:00:00,C,5-19,27149650,195,20,A,12017,18,BORN00,6624,2012-10-05 16:06:35,2012-10-05 16:07:44,58,50,0,0,15,0,0,0,0,0,0,0,0,0,0,0,0,N,N,N
2012-10-05 00:00:00,C,5-19,27149650,195,20,A,12017,19,CADO00,6959,2012-10-05 16:07:16,2012-10-05 16:08:08,58,50,0,0,15,0,0,0,0,0,0,0,0,0,0,0,0,N,N,N
2012-10-05 00:00:00,C,5-19,27149650,195,20,A,12017,20,GRCA00,7415,2012-10-05 16:08:11,2012-10-05 16:08:40,58,50,0,0,15,0,0,0,0,0,0,0,0,0,0,0,0,N,N,N
2012-10-05 00:00:00,C,5-19,27149650,195,20,A,12017,21,BASL00,7806,2012-10-05 16:08:58,2012-10-05 16:09:19,58,50,0,0,15,0,0,0,0,0,0,0,0,0,0,0,0,N,N,N
2012-10-05 00:00:00,C,5-19,27149650,195,20,A,12017,22,PSGE00,8319,2012-10-05 16:10:00,2012-10-05 16:10:37,58,50,0,2,13,0,0,0,2,0,0,0,0,0,0,0,0,N,N,N
2012-10-05 00:00:00,C,5-19,27149650,195,20,A,12017,23,ABBA00,8688,2012-10-05 16:10:49,2012-10-05 16:11:07,58,50,0,0,13,0,0,0,0,0,0,0,0,0,0,0,0,N,N,N
2012-10-05 00:00:00,C,5-19,27149650,195,20,A,12017,24,CHOR00,8919,2012-10-05 16:11:20,2012-10-05 16:11:21,58,50,0,0,13,0,0,0,0,0,0,0,0,0,0,0,0,N,N,N
2012-10-05 00:00:00,C,5-19,27149650,195,20,A,12017,25,RLUL00,9140,2012-10-05 16:11:47,2012-10-05 16:11:35,58,50,0,0,13,0,0,0,0,0,0,0,0,0,0,0,0,N,N,N
2012-10-05 00:00:00,C,5-19,27149650,195,20,A,12017,26,RPRS00,9303,2012-10-05 16:12:07,2012-10-05 16:11:45,58,50,0,0,13,0,0,0,0,0,0,0,0,0,0,0,0,N,N,N
2012-10-05 00:00:00,C,5-19,27149650,195,20,A,12017,27,LFRG00,9990,2012-10-05 16:13:33,2012-10-05 16:12:30,58,50,0,0,13,0,0,0,0,0,0,0,0,0,0,0,0,N,N,N
2012-10-05 00:00:00,C,5-19,27149650,195,20,A,12017,28,SION00,10128,2012-10-05 16:13:50,2012-10-05 16:12:41,58,50,0,0,13,0,0,0,0,0,0,0,0,0,0,0,0,N,N,N
2012-10-05 00:00:00,C,5-19,27149650,195,20,A,12017,29,LOUR00,11023,2012-10-05 16:15:41,2012-10-05 16:14:21,58,50,0,1,12,0,0,0,0,0,0,0,1,0,0,0,0,N,N,N
2012-10-05 00:00:00,C,5-19,27149650,195,20,A,12017,30,JUPL00,11338,2012-10-05 16:16:20,2012-10-05 16:15:20,58,50,0,3,9,0,2,0,0,0,0,0,1,0,0,0,0,N,N,N
2012-10-05 00:00:00,C,5-19,27149650,195,20,A,12017,31,JUCH00,11817,2012-10-05 16:17:20,2012-10-05 16:16:24,58,50,0,0,9,0,0,0,0,0,0,0,0,0,0,0,0,N,N,N
2012-10-05 00:00:00,C,5-19,27149650,195,20,A,12017,32,JUMR01,12017,2012-10-05 16:18:00,2012-10-05 16:17:54,58,50,0,1,8,0,0,0,1,0,0,0,0,0,0,0,0,N,N,N
2012-10-05 00:00:00,C,5-19,27149651,195,16,R,11885,1,JUMR01,0,2012-10-05 16:34:00,2012-10-05 16:19:07,57,59,0,0,0,0,0,0,0,0,0,0,0,0,0,0,0,N,N,N
2012-10-05 00:00:00,C,5-19,27149651,195,16,R,11885,2,JUCH01,236,2012-10-05 16:34:30,2012-10-05 16:36:48,57,59,0,0,0,0,0,0,0,0,0,0,0,0,0,0,0,N,N,N
2012-10-05 00:00:00,C,5-19,27149651,195,16,R,11885,3,JUPL01,660,2012-10-05 16:35:24,2012-10-05 16:37:58,57,59,0,0,0,0,0,0,0,0,0,0,0,0,0,0,0,N,N,N
2012-10-05 00:00:00,C,5-19,27149651,195,16,R,11885,4,LOUR01,1042,2012-10-05 16:36:13,2012-10-05 16:38:46,57,59,0,0,0,0,0,0,0,0,0,0,0,0,0,0,0,N,N,N
2012-10-05 00:00:00,C,5-19,27149651,195,16,R,11885,5,SION01,1892,2012-10-05 16:38:02,2012-10-05 16:40:01,57,59,0,0,0,0,0,0,0,0,0,0,0,0,0,0,0,N,N,N
2012-10-05 00:00:00,C,5-19,27149651,195,16,R,11885,6,LFRG01,2037,2012-10-05 16:38:21,2012-10-05 16:40:21,57,59,0,0,0,0,0,0,0,0,0,0,0,0,0,0,0,N,N,N
2012-10-05 00:00:00,C,5-19,27149651,195,16,R,11885,7,RPRS01,2719,2012-10-05 16:39:49,2012-10-05 16:41:09,57,59,0,0,0,0,0,0,0,0,0,0,0,0,0,0,0,N,N,N
2012-10-05 00:00:00,C,5-19,27149651,195,16,R,11885,8,RLUL01,2898,2012-10-05 16:40:12,2012-10-05 16:41:56,57,59,6,0,6,4,0,2,0,0,0,0,0,0,0,0,0,N,Y,Y
2012-10-05 00:00:00,C,5-19,27149651,195,16,R,11885,9,CHOR01,3116,2012-10-05 16:40:40,2012-10-05 16:43:01,57,59,29,0,35,0,0,1,0,13,0,15,0,0,0,0,0,N,N,N
2012-10-05 00:00:00,C,5-19,27149651,195,16,R,11885,10,ABBA01,3370,2012-10-05 16:41:11,2012-10-05 16:43:30,57,59,0,0,35,0,0,0,0,0,0,0,0,0,0,0,0,N,N,N
2012-10-05 00:00:00,C,5-19,27149651,195,16,R,11885,11,PSGE01,3756,2012-10-05 16:42:00,2012-10-05 16:44:23,57,59,1,0,36,0,0,1,0,0,0,0,0,0,0,0,0,N,N,N
2012-10-05 00:00:00,C,5-19,27149651,195,16,R,11885,12,BASL01,4218,2012-10-05 16:42:56,2012-10-05 16:45:06,57,59,0,0,36,0,0,0,0,0,0,0,0,0,0,0,0,N,N,N
2012-10-05 00:00:00,C,5-19,27149651,195,16,R,11885,13,GRCA01,4635,2012-10-05 16:43:47,2012-10-05 16:46:13,57,59,0,0,36,0,0,0,0,0,0,0,0,0,0,0,0,N,N,N
2012-10-05 00:00:00,C,5-19,27149651,195,16,R,11885,14,CADO01,5101,2012-10-05 16:44:43,2012-10-05 16:47:03,57,59,0,0,36,0,0,0,0,0,0,0,0,0,0,0,0,N,N,N
2012-10-05 00:00:00,C,5-19,27149651,195,16,R,11885,15,BORN01,5390,2012-10-05 16:45:19,2012-10-05 16:47:24,57,59,0,0,36,0,0,0,0,0,0,0,0,0,0,0,0,N,N,N
2012-10-05 00:00:00,C,5-19,27149651,195,16,R,11885,16,CRNR01,5797,2012-10-05 16:46:08,2012-10-05 16:48:21,57,59,2,0,38,0,0,0,0,0,0,2,0,0,0,0,0,N,N,N
2012-10-05 00:00:00,C,5-19,27149651,195,16,R,11885,17,AUMO01,6280,2012-10-05 16:47:07,2012-10-05 16:49:11,57,59,0,0,38,0,0,0,0,0,0,0,0,0,0,0,0,N,N,N
2012-10-05 00:00:00,C,5-19,27149651,195,16,R,11885,18,PUMA00,6547,2012-10-05 16:47:40,2012-10-05 16:50:23,57,59,6,0,44,0,0,4,0,2,0,0,0,0,0,0,0,N,N,N
2012-10-05 00:00:00,C,5-19,27149651,195,16,R,11885,19,GRES01,6873,2012-10-05 16:48:40,2012-10-05 16:51:22,57,59,0,0,44,0,0,0,0,0,0,0,0,0,0,0,0,N,N,N
2012-10-05 00:00:00,C,5-19,27149651,195,16,R,11885,20,PTOU01,7191,2012-10-05 16:49:40,2012-10-05 16:51:57,57,59,0,0,44,0,0,0,0,0,0,0,0,0,0,0,0,N,N,N
2012-10-05 00:00:00,C,5-19,27149651,195,16,R,11885,21,MIDE00,7704,2012-10-05 16:51:20,2012-10-05 16:53:31,57,59,0,0,44,0,0,0,0,0,0,0,0,0,0,0,0,N,N,N
2012-10-05 00:00:00,C,5-19,27149651,195,16,R,11885,22,PSUD01,8025,2012-10-05 16:52:08,2012-10-05 16:54:02,57,59,0,0,44,0,0,0,0,0,0,0,0,0,0,0,0,N,N,N
2012-10-05 00:00:00,C,5-19,27149651,195,16,R,11885,23,SILO01,8343,2012-10-05 16:52:56,2012-10-05 16:54:44,57,59,1,0,45,0,0,1,0,0,0,0,0,0,0,0,0,N,N,N
2012-10-05 00:00:00,C,5-19,27149651,195,16,R,11885,24,PIBO01,8766,2012-10-05 16:54:00,2012-10-05 16:55:53,57,59,4,3,46,0,0,1,2,3,0,0,1,0,0,0,0,N,N,N
2012-10-05 00:00:00,C,5-19,27149651,195,16,R,11885,25,LVAL01,9248,2012-10-05 16:55:35,2012-10-05 16:56:58,57,59,2,0,48,0,0,0,0,2,0,0,0,0,0,0,0,N,N,N
2012-10-05 00:00:00,C,5-19,27149651,195,16,R,11885,26,GSON01,9775,2012-10-05 16:57:20,2012-10-05 16:59:07,57,59,4,23,29,0,2,1,5,1,12,2,4,0,0,0,0,N,N,N
2012-10-05 00:00:00,C,5-19,27149651,195,16,R,11885,27,AJEN00,10277,2012-10-05 16:58:45,2012-10-05 17:01:47,57,59,0,0,29,0,0,0,0,0,0,0,0,0,0,0,0,N,N,N
2012-10-05 00:00:00,C,5-19,27149651,195,16,R,11885,28,MATH01,10512,2012-10-05 16:59:26,2012-10-05 17:02:29,57,59,0,5,24,0,2,0,1,0,2,0,0,0,0,0,0,N,N,N
2012-10-05 00:00:00,C,5-19,27149651,195,16,R,11885,29,CYPR01,10694,2012-10-05 16:59:57,2012-10-05 17:03:02,57,59,0,2,22,0,0,0,1,0,1,0,0,0,0,0,0,N,N,N
2012-10-05 00:00:00,C,5-19,27149651,195,16,R,11885,30,FOSA01,11175,2012-10-05 17:01:19,2012-10-05 17:06:51,57,59,2,1,23,0,0,2,0,0,1,0,0,0,0,0,0,N,N,N
2012-10-05 00:00:00,C,5-19,27149651,195,16,R,11885,31,CSSM02,11646,2012-10-05 17:02:40,2012-10-05 17:07:53,57,59,0,1,22,0,1,0,0,0,0,0,0,0,0,0,0,N,N,N
2012-10-05 00:00:00,C,5-19,27149651,195,16,R,11885,32,PRSM00,11885,2012-10-05 17:04:00,2012-10-05 17:10:07,57,59,0,24,0,0,0,0,9,0,3,0,12,0,0,0,0,N,N,N
2012-10-05 00:00:00,5,5-19,27149653,195,71,A,11960,1,TVDO00,0,2012-10-05 17:13:00,2012-10-05 17:15:10,304,262,7,0,7,0,0,0,0,0,0,7,0,0,0,0,0,N,Y,Y
2012-10-05 00:00:00,5,5-19,27149653,195,71,A,11960,2,PRSM02,698,2012-10-05 17:14:49,2012-10-05 17:18:04,304,262,31,2,36,7,0,17,0,7,1,0,1,0,0,0,0,N,N,N
2012-10-05 00:00:00,5,5-19,27149653,195,71,A,11960,3,CCLA01,1152,2012-10-05 17:16:01,2012-10-05 17:19:05,304,262,8,1,43,1,0,6,0,1,1,0,0,0,0,0,0,N,N,N
2012-10-05 00:00:00,5,5-19,27149653,195,71,A,11960,4,VLON01,1616,2012-10-05 17:17:14,2012-10-05 17:20:31,304,262,0,0,43,0,0,0,0,0,0,0,0,0,0,0,0,N,N,N
2012-10-05 00:00:00,5,5-19,27149653,195,71,A,11960,5,MALA01,2031,2012-10-05 17:18:20,2012-10-05 17:21:35,304,262,24,0,67,4,0,14,0,6,0,0,0,0,0,0,0,N,N,N
2012-10-05 00:00:00,5,5-19,27149653,195,71,A,11960,6,FLCE00,2395,2012-10-05 17:19:20,2012-10-05 17:22:41,304,262,11,1,77,0,0,4,1,2,0,5,0,0,0,0,0,N,N,N
2012-10-05 00:00:00,5,5-19,27149653,195,71,A,11960,7,RIEU00,2867,2012-10-05 17:20:40,2012-10-05 17:24:19,304,262,11,7,81,2,2,1,2,7,2,1,1,0,0,0,0,N,N,N
2012-10-05 00:00:00,5,5-19,27149653,195,71,A,11960,8,WEBR00,3150,2012-10-05 17:22:01,2012-10-05 17:25:21,304,262,12,3,90,3,2,7,0,1,1,1,0,0,0,0,0,N,N,N
2012-10-05 00:00:00,5,5-19,27149653,195,71,A,11960,9,GENT00,3358,2012-10-05 17:23:01,2012-10-05 17:26:07,304,262,2,3,89,1,0,0,0,1,3,0,0,0,0,0,0,N,N,N
2012-10-05 00:00:00,5,5-19,27149653,195,71,A,11960,10,MUSE00,3636,2012-10-05 17:24:22,2012-10-05 17:27:00,304,262,2,0,91,1,0,0,0,1,0,0,0,0,0,0,0,N,N,N
2012-10-05 00:00:00,5,5-19,27149653,195,71,A,11960,11,TRSI03,3947,,2012-10-05 17:28:44,304,262,8,21,78,1,2,6,10,0,8,1,1,0,0,0,0,N,Y,Y
2012-10-05 00:00:00,5,5-19,27149653,195,71,A,11960,12,PLEV00,4182,2012-10-05 17:27:00,2012-10-05 17:30:34,304,262,18,6,90,1,1,12,0,3,4,2,1,0,0,0,0,N,N,N
2012-10-05 00:00:00,5,5-19,27149653,195,71,A,11960,13,METR00,4496,,2012-10-05 17:31:43,304,262,11,6,95,0,1,7,3,1,1,3,1,0,0,0,0,N,Y,Y
2012-10-05 00:00:00,5,5-19,27149653,195,71,A,11960,14,MLRD00,4737,2012-10-05 17:30:09,2012-10-05 17:33:23,304,262,7,5,97,4,0,2,3,1,2,0,0,0,0,0,0,N,N,N
2012-10-05 00:00:00,5,5-19,27149653,195,71,A,11960,15,BAIR00,5234,2012-10-05 17:33:00,2012-10-05 17:36:52,304,262,43,20,120,3,5,8,6,15,6,17,3,0,0,0,0,N,N,N
2012-10-05 00:00:00,5,5-19,27149653,195,71,A,11960,16,COUT01,5546,2012-10-05 17:35:20,2012-10-05 17:38:37,304,262,25,25,120,4,4,7,9,7,8,7,4,0,0,0,0,N,N,N
2012-10-05 00:00:00,5,5-19,27149653,195,71,A,11960,17,CVIN07,5766,2012-10-05 17:37:00,2012-10-05 17:40:37,304,262,18,67,71,2,15,7,24,5,13,4,15,0,0,0,0,N,N,N
2012-10-05 00:00:00,5,5-19,27149653,195,71,A,11960,18,POST00,6260,2012-10-05 17:39:02,2012-10-05 17:44:01,304,262,2,1,72,0,0,2,1,0,0,0,0,0,0,0,0,N,N,N
2012-10-05 00:00:00,5,5-19,27149653,195,71,A,11960,19,BCRE00,6776,2012-10-05 17:41:10,2012-10-05 17:45:22,304,262,1,6,67,1,0,0,3,0,1,0,2,0,0,0,0,N,N,N
2012-10-05 00:00:00,5,5-19,27149653,195,71,A,11960,20,VIDO00,7058,2012-10-05 17:42:20,2012-10-05 17:46:26,304,262,1,5,63,0,0,1,2,0,3,0,0,0,0,0,0,N,N,N
2012-10-05 00:00:00,5,5-19,27149653,195,71,A,11960,21,VRMT00,7292,2012-10-05 17:43:47,2012-10-05 17:47:14,304,262,3,1,65,0,0,1,1,1,0,1,0,0,0,0,0,N,N,N
2012-10-05 00:00:00,5,5-19,27149653,195,71,A,11960,22,VRBE00,7485,2012-10-05 17:44:59,2012-10-05 17:48:01,304,262,6,3,68,2,1,2,1,2,1,0,0,0,0,0,0,N,N,N
2012-10-05 00:00:00,5,5-19,27149653,195,71,A,11960,23,NATI10,7701,2012-10-05 17:46:20,2012-10-05 17:50:39,304,262,38,2,104,13,0,17,2,4,0,4,0,0,0,0,0,N,N,N
2012-10-05 00:00:00,5,5-19,27149653,195,71,A,11960,24,INTR00,8253,2012-10-05 17:48:10,2012-10-05 17:52:40,304,262,6,1,109,1,0,3,1,0,0,2,0,0,0,0,0,N,N,N
2012-10-05 00:00:00,5,5-19,27149653,195,71,A,11960,25,MORL00,8882,2012-10-05 17:50:17,2012-10-05 17:54:27,304,262,2,6,105,0,1,2,3,0,2,0,0,0,0,0,0,N,N,N
2012-10-05 00:00:00,5,5-19,27149653,195,71,A,11960,26,POMI00,9176,2012-10-05 17:51:16,2012-10-05 17:55:28,304,262,4,15,94,3,2,1,5,0,3,0,5,0,0,0,0,N,N,N
2012-10-05 00:00:00,5,5-19,27149653,195,71,A,11960,27,GSAC00,9579,2012-10-05 17:52:37,2012-10-05 17:57:23,304,262,3,26,71,1,6,1,9,0,6,1,5,0,0,0,0,N,N,N
2012-10-05 00:00:00,5,5-19,27149653,195,71,A,11960,28,PXPO00,10090,2012-10-05 17:54:20,2012-10-05 17:58:34,304,262,0,3,68,0,0,0,1,0,1,0,1,0,0,0,0,N,N,N
2012-10-05 00:00:00,5,5-19,27149653,195,71,A,11960,29,AREN00,11560,2012-10-05 17:57:12,2012-10-05 18:01:06,304,262,0,1,67,0,0,0,1,0,0,0,0,0,0,0,0,N,N,N
2012-10-05 00:00:00,5,5-19,27149653,195,71,A,11960,30,AERO00,11960,2012-10-05 17:58:00,2012-10-05 18:02:06,304,262,0,25,42,0,7,0,14,0,3,0,1,0,0,0,0,N,N,N
2012-10-05 00:00:00,5,5-19,27149654,195,49,R,11541,1,AERO00,0,2012-10-05 18:04:00,2012-10-05 18:04:06,141,134,11,0,11,1,0,6,0,4,0,0,0,0,0,0,0,N,Y,N
2012-10-05 00:00:00,5,5-19,27149654,195,49,R,11541,2,AREN01,340,2012-10-05 18:04:55,2012-10-05 18:05:18,141,134,2,0,13,0,0,1,0,1,0,0,0,0,0,0,0,N,N,Y
2012-10-05 00:00:00,5,5-19,27149654,195,49,R,11541,3,PXPO01,1227,2012-10-05 18:07:20,2012-10-05 18:07:53,141,134,3,6,10,0,0,2,6,1,0,0,0,0,0,0,0,N,N,N
2012-10-05 00:00:00,5,5-19,27149654,195,49,R,11541,4,GSAC01,1723,2012-10-05 18:09:04,2012-10-05 18:10:12,141,134,17,2,25,7,0,6,0,2,2,2,0,0,0,0,0,N,N,N
2012-10-05 00:00:00,5,5-19,27149654,195,49,R,11541,5,POMI01,2053,2012-10-05 18:10:14,2012-10-05 18:11:01,141,134,1,2,24,0,0,1,0,0,2,0,0,0,0,0,0,N,N,N
2012-10-05 00:00:00,5,5-19,27149654,195,49,R,11541,6,MORL02,2416,2012-10-05 18:11:30,2012-10-05 18:11:56,141,134,2,0,26,0,0,2,0,0,0,0,0,0,0,0,0,N,N,N
2012-10-05 00:00:00,5,5-19,27149654,195,49,R,11541,7,INTR01,3030,2012-10-05 18:13:40,2012-10-05 18:13:41,141,134,5,5,26,0,0,3,5,2,0,0,0,0,0,0,0,N,N,N
2012-10-05 00:00:00,5,5-19,27149654,195,49,R,11541,8,NATI11,3596,2012-10-05 18:15:40,2012-10-05 18:17:28,141,134,15,6,35,14,1,0,4,1,1,0,0,0,0,0,0,N,N,N
2012-10-05 00:00:00,5,5-19,27149654,195,49,R,11541,9,VRMT01,3988,2012-10-05 18:17:07,2012-10-05 18:19:11,141,134,4,2,37,0,0,4,0,0,1,0,1,0,0,0,0,N,N,N
2012-10-05 00:00:00,5,5-19,27149654,195,49,R,11541,10,VIDO01,4316,2012-10-05 18:18:20,2012-10-05 18:20:40,141,134,1,0,38,0,0,0,0,0,0,1,0,0,0,0,0,N,N,N
2012-10-05 00:00:00,5,5-19,27149654,195,49,R,11541,11,BCRE01,4531,2012-10-05 18:19:14,2012-10-05 18:21:41,141,134,5,0,43,3,0,2,0,0,0,0,0,0,0,0,0,N,N,N
2012-10-05 00:00:00,5,5-19,27149654,195,49,R,11541,12,POST01,5103,2012-10-05 18:21:38,2012-10-05 18:24:24,141,134,0,3,40,0,0,0,3,0,0,0,0,0,0,0,0,N,N,N
2012-10-05 00:00:00,5,5-19,27149654,195,49,R,11541,13,CVIN01,5586,2012-10-05 18:23:40,2012-10-05 18:28:31,141,134,21,20,41,6,6,10,6,4,7,1,1,0,0,0,0,N,N,N
2012-10-05 00:00:00,5,5-19,27149654,195,49,R,11541,14,COUT00,5940,2012-10-05 18:25:56,2012-10-05 18:30:19,141,134,8,5,44,4,0,1,4,0,1,3,0,0,0,0,0,N,N,N
2012-10-05 00:00:00,5,5-19,27149654,195,49,R,11541,15,BAIR04,6364,2012-10-05 18:28:40,2012-10-05 18:31:51,141,134,1,8,37,0,0,0,5,0,1,1,2,0,0,0,0,N,N,N
2012-10-05 00:00:00,5,5-19,27149654,195,49,R,11541,16,BAIR05,6619,2012-10-05 18:31:20,2012-10-05 18:34:53,141,134,7,10,34,3,3,2,4,2,3,0,0,0,0,0,0,N,N,N
2012-10-05 00:00:00,5,5-19,27149654,195,49,R,11541,17,MLRD03,6845,,2012-10-05 18:36:22,141,134,7,3,38,2,0,5,1,0,0,0,2,0,0,0,0,N,Y,Y
2012-10-05 00:00:00,5,5-19,27149654,195,49,R,11541,18,RIVE06,7285,2012-10-05 18:34:20,2012-10-05 18:38:13,141,134,15,9,44,1,2,6,4,4,1,4,2,0,0,0,0,N,N,N
2012-10-05 00:00:00,5,5-19,27149654,195,49,R,11541,19,TRSI02,7557,2012-10-05 18:35:46,2012-10-05 18:41:03,141,134,6,2,48,3,1,2,0,0,0,1,1,0,0,0,0,N,N,N
2012-10-05 00:00:00,5,5-19,27149654,195,49,R,11541,20,MUSE01,7948,2012-10-05 18:37:51,2012-10-05 18:42:44,141,134,3,2,49,2,0,1,0,0,0,0,2,0,0,0,0,N,N,N
2012-10-05 00:00:00,5,5-19,27149654,195,49,R,11541,21,GENT01,8277,2012-10-05 18:39:36,2012-10-05 18:43:48,141,134,1,3,47,0,0,0,2,1,1,0,0,0,0,0,0,N,N,N
2012-10-05 00:00:00,5,5-19,27149654,195,49,R,11541,22,WEBR01,8467,2012-10-05 18:40:37,2012-10-05 18:44:36,141,134,0,5,42,0,0,0,1,0,4,0,0,0,0,0,0,N,N,N
2012-10-05 00:00:00,5,5-19,27149654,195,49,R,11541,23,RIEU01,8727,2012-10-05 18:42:00,2012-10-05 18:45:23,141,134,4,9,37,0,0,0,6,0,0,4,3,0,0,0,0,N,N,N
2012-10-05 00:00:00,5,5-19,27149654,195,49,R,11541,24,FLCE01,9190,2012-10-05 18:43:14,2012-10-05 18:47:02,141,134,1,5,33,0,0,1,1,0,1,0,3,0,0,0,0,N,N,N
2012-10-05 00:00:00,5,5-19,27149654,195,49,R,11541,25,MALA02,9598,2012-10-05 18:44:20,2012-10-05 18:47:54,141,134,0,1,32,0,0,0,1,0,0,0,0,0,0,0,0,N,N,N
2012-10-05 00:00:00,5,5-19,27149654,195,49,R,11541,26,VLON00,10034,2012-10-05 18:45:22,2012-10-05 18:49:41,141,134,1,2,31,0,0,0,0,1,1,0,1,0,0,0,0,N,N,N
2012-10-05 00:00:00,5,5-19,27149654,195,49,R,11541,27,CCLA00,10467,2012-10-05 18:46:25,2012-10-05 18:50:33,141,134,0,1,30,0,0,0,1,0,0,0,0,0,0,0,0,N,N,N
2012-10-05 00:00:00,5,5-19,27149654,195,49,R,11541,28,PRSM01,10911,2012-10-05 18:47:29,2012-10-05 18:51:30,141,134,0,23,7,0,5,0,4,0,9,0,5,0,0,0,0,N,N,N
2012-10-05 00:00:00,5,5-19,27149655,195,71,A,11960,1,TVDO00,0,2012-10-05 18:55:00,2012-10-05 18:54:49,75,68,1,0,1,1,0,0,0,0,0,0,0,0,0,0,0,N,Y,Y
2012-10-05 00:00:00,5,5-19,27149655,195,71,A,11960,2,PRSM02,698,2012-10-05 18:56:49,2012-10-05 18:56:19,75,68,1,0,2,0,0,1,0,0,0,0,0,0,0,0,0,N,N,N
2012-10-05 00:00:00,5,5-19,27149655,195,71,A,11960,3,CCLA01,1152,2012-10-05 18:58:01,2012-10-05 18:57:28,75,68,0,0,2,0,0,0,0,0,0,0,0,0,0,0,0,N,N,N
2012-10-05 00:00:00,5,5-19,27149655,195,71,A,11960,4,VLON01,1616,2012-10-05 18:59:14,2012-10-05 18:59:10,75,68,0,0,2,0,0,0,0,0,0,0,0,0,0,0,0,N,N,N
2012-10-05 00:00:00,5,5-19,27149655,195,71,A,11960,5,MALA01,2031,2012-10-05 19:00:20,2012-10-05 19:00:08,75,68,1,0,3,1,0,0,0,0,0,0,0,0,0,0,0,N,N,N
2012-10-05 00:00:00,5,5-19,27149655,195,71,A,11960,6,FLCE00,2395,2012-10-05 19:01:20,2012-10-05 19:01:07,75,68,3,0,6,3,0,0,0,0,0,0,0,0,0,0,0,N,N,N
2012-10-05 00:00:00,5,5-19,27149655,195,71,A,11960,7,RIEU00,2867,2012-10-05 19:02:40,2012-10-05 19:02:04,75,68,0,0,6,0,0,0,0,0,0,0,0,0,0,0,0,N,N,N
2012-10-05 00:00:00,5,5-19,27149655,195,71,A,11960,8,WEBR00,3150,2012-10-05 19:03:57,2012-10-05 19:03:41,75,68,0,0,6,0,0,0,0,0,0,0,0,0,0,0,0,N,N,N
2012-10-05 00:00:00,5,5-19,27149655,195,71,A,11960,9,GENT00,3358,2012-10-05 19:04:54,2012-10-05 19:04:21,75,68,1,0,7,1,0,0,0,0,0,0,0,0,0,0,0,N,N,N
2012-10-05 00:00:00,5,5-19,27149655,195,71,A,11960,10,MUSE00,3636,2012-10-05 19:06:10,2012-10-05 19:05:01,75,68,0,0,7,0,0,0,0,0,0,0,0,0,0,0,0,N,N,N
2012-10-05 00:00:00,5,5-19,27149655,195,71,A,11960,11,TRSI03,3947,,2012-10-05 19:07:25,75,68,0,2,5,0,2,0,0,0,0,0,0,0,0,0,0,N,Y,Y
2012-10-05 00:00:00,5,5-19,27149655,195,71,A,11960,12,PLEV00,4182,2012-10-05 19:08:40,2012-10-05 19:10:19,75,68,2,1,6,1,1,1,0,0,0,0,0,0,0,0,0,N,N,N
2012-10-05 00:00:00,5,5-19,27149655,195,71,A,11960,13,METR00,4496,2012-10-05 19:10:09,2012-10-05 19:12:43,75,68,6,0,12,5,0,0,0,0,0,1,0,0,0,0,0,N,N,N
2012-10-05 00:00:00,5,5-19,27149655,195,71,A,11960,14,MLRD00,4737,2012-10-05 19:11:18,2012-10-05 19:14:46,75,68,5,0,17,4,0,0,0,0,0,1,0,0,0,0,0,N,N,N
2012-10-05 00:00:00,5,5-19,27149655,195,71,A,11960,15,BAIR00,5234,2012-10-05 19:13:40,2012-10-05 19:17:21,75,68,20,1,36,4,0,8,1,4,0,4,0,0,0,0,0,N,N,N
2012-10-05 00:00:00,5,5-19,27149655,195,71,A,11960,16,COUT01,5546,2012-10-05 19:15:49,2012-10-05 19:19:22,75,68,6,3,39,4,2,2,1,0,0,0,0,0,0,0,0,N,N,N
2012-10-05 00:00:00,5,5-19,27149655,195,71,A,11960,17,CVIN07,5766,2012-10-05 19:17:20,2012-10-05 19:21:33,75,68,12,14,37,1,3,6,6,0,2,5,3,0,0,0,0,N,N,N
2012-10-05 00:00:00,5,5-19,27149655,195,71,A,11960,18,POST00,6260,2012-10-05 19:19:22,2012-10-05 19:24:45,75,68,3,4,36,1,0,1,0,1,4,0,0,0,0,0,0,N,N,N
2012-10-05 00:00:00,5,5-19,27149655,195,71,A,11960,19,BCRE00,6776,2012-10-05 19:21:30,2012-10-05 19:26:04,75,68,0,5,31,0,0,0,2,0,2,0,1,0,0,0,0,N,N,N
2012-10-05 00:00:00,5,5-19,27149655,195,71,A,11960,20,VIDO00,7058,2012-10-05 19:22:40,2012-10-05 19:27:25,75,68,0,1,30,0,0,0,0,0,1,0,0,0,0,0,0,N,N,N
2012-10-05 00:00:00,5,5-19,27149655,195,71,A,11960,21,VRMT00,7292,2012-10-05 19:24:00,2012-10-05 19:28:07,75,68,2,2,30,0,0,1,1,1,0,0,1,0,0,0,0,N,N,N
2012-10-05 00:00:00,5,5-19,27149655,195,71,A,11960,22,VRBE00,7485,2012-10-05 19:25:06,2012-10-05 19:29:15,75,68,2,2,30,0,0,0,2,1,0,1,0,0,0,0,0,N,N,N
2012-10-05 00:00:00,5,5-19,27149655,195,71,A,11960,23,NATI10,7701,2012-10-05 19:26:20,2012-10-05 19:31:50,75,68,5,2,33,1,0,4,1,0,1,0,0,0,0,0,0,N,N,N
2012-10-05 00:00:00,5,5-19,27149655,195,71,A,11960,24,INTR00,8253,2012-10-05 19:28:01,2012-10-05 19:32:54,75,68,1,1,33,0,0,1,0,0,0,0,1,0,0,0,0,N,N,N
2012-10-05 00:00:00,5,5-19,27149655,195,71,A,11960,25,MORL00,8882,2012-10-05 19:29:57,2012-10-05 19:34:15,75,68,3,3,33,0,0,0,0,2,2,1,1,0,0,0,0,N,N,N
2012-10-05 00:00:00,5,5-19,27149655,195,71,A,11960,26,POMI00,9176,2012-10-05 19:30:51,2012-10-05 19:35:12,75,68,1,5,29,0,0,0,3,0,1,1,1,0,0,0,0,N,N,N
2012-10-05 00:00:00,5,5-19,27149655,195,71,A,11960,27,GSAC00,9579,2012-10-05 19:32:05,2012-10-05 19:36:34,75,68,0,7,22,0,4,0,2,0,1,0,0,0,0,0,0,N,N,N
2012-10-05 00:00:00,5,5-19,27149655,195,71,A,11960,28,PXPO00,10090,2012-10-05 19:33:40,2012-10-05 19:37:48,75,68,0,0,22,0,0,0,0,0,0,0,0,0,0,0,0,N,N,N
2012-10-05 00:00:00,5,5-19,27149655,195,71,A,11960,29,AREN00,11560,2012-10-05 19:36:32,2012-10-05 19:40:07,75,68,0,2,20,0,0,0,0,0,0,0,2,0,0,0,0,N,N,N
2012-10-05 00:00:00,5,5-19,27149655,195,71,A,11960,30,AERO00,11960,2012-10-05 19:37:20,2012-10-05 19:41:21,75,68,0,13,7,0,0,0,10,0,3,0,0,0,0,0,0,N,N,N
2012-10-05 00:00:00,5,5-19,27149656,195,49,R,11541,1,AERO00,0,2012-10-05 19:43:00,2012-10-05 19:42:18,86,89,6,0,6,0,0,4,0,2,0,0,0,0,0,0,0,N,Y,N
2012-10-05 00:00:00,5,5-19,27149656,195,49,R,11541,2,AREN01,340,2012-10-05 19:43:55,2012-10-05 19:43:26,86,89,2,0,8,0,0,1,0,1,0,0,0,0,0,0,0,N,N,Y
2012-10-05 00:00:00,5,5-19,27149656,195,49,R,11541,3,PXPO01,1227,2012-10-05 19:46:20,2012-10-05 19:45:17,86,89,5,2,11,2,1,3,0,0,1,0,0,0,0,0,0,N,N,N
2012-10-05 00:00:00,5,5-19,27149656,195,49,R,11541,4,GSAC01,1723,2012-10-05 19:47:56,2012-10-05 19:47:14,86,89,8,3,16,3,0,4,0,1,0,0,3,0,0,0,0,N,N,N
2012-10-05 00:00:00,5,5-19,27149656,195,49,R,11541,5,POMI01,2053,2012-10-05 19:49:00,2012-10-05 19:48:08,86,89,2,1,17,0,0,1,1,1,0,0,0,0,0,0,0,N,N,N
2012-10-05 00:00:00,5,5-19,27149656,195,49,R,11541,6,MORL02,2416,2012-10-05 19:50:10,2012-10-05 19:48:58,86,89,0,0,17,0,0,0,0,0,0,0,0,0,0,0,0,N,N,N
2012-10-05 00:00:00,5,5-19,27149656,195,49,R,11541,7,INTR01,3030,2012-10-05 19:52:10,2012-10-05 19:50:21,86,89,4,3,18,2,0,2,3,0,0,0,0,0,0,0,0,N,N,N
2012-10-05 00:00:00,5,5-19,27149656,195,49,R,11541,8,NATI11,3596,2012-10-05 19:54:00,2012-10-05 19:52:50,86,89,4,2,20,0,1,3,1,0,0,1,0,0,0,0,0,N,N,N
2012-10-05 00:00:00,5,5-19,27149656,195,49,R,11541,9,VRMT01,3988,2012-10-05 19:55:16,2012-10-05 19:53:58,86,89,0,0,20,0,0,0,0,0,0,0,0,0,0,0,0,N,N,N
2012-10-05 00:00:00,5,5-19,27149656,195,49,R,11541,10,VIDO01,4316,2012-10-05 19:56:20,2012-10-05 19:55:14,86,89,6,2,24,0,0,5,1,0,1,1,0,0,0,0,0,N,N,N
2012-10-05 00:00:00,5,5-19,27149656,195,49,R,11541,11,BCRE01,4531,2012-10-05 19:57:14,2012-10-05 19:55:58,86,89,3,0,27,1,0,1,0,0,0,1,0,0,0,0,0,N,N,N
2012-10-05 00:00:00,5,5-19,27149656,195,49,R,11541,12,POST01,5103,2012-10-05 19:59:38,2012-10-05 19:57:56,86,89,0,0,27,0,0,0,0,0,0,0,0,0,0,0,0,N,N,N
2012-10-05 00:00:00,5,5-19,27149656,195,49,R,11541,13,CVIN01,5586,2012-10-05 20:01:40,2012-10-05 19:59:57,86,89,23,10,40,4,0,4,2,5,6,10,2,0,0,0,0,N,N,N
2012-10-05 00:00:00,5,5-19,27149656,195,49,R,11541,14,COUT00,5940,2012-10-05 20:03:29,2012-10-05 20:01:44,86,89,6,4,42,2,0,0,0,0,3,4,1,0,0,0,0,N,N,N
2012-10-05 00:00:00,5,5-19,27149656,195,49,R,11541,15,BAIR04,6364,2012-10-05 20:05:40,2012-10-05 20:03:59,86,89,0,9,33,0,3,0,6,0,0,0,0,0,0,0,0,N,N,N
2012-10-05 00:00:00,5,5-19,27149656,195,49,R,11541,16,BAIR05,6619,2012-10-05 20:08:00,2012-10-05 20:05:59,86,89,5,4,34,1,0,4,2,0,2,0,0,0,0,0,0,N,N,N
2012-10-05 00:00:00,5,5-19,27149656,195,49,R,11541,17,MLRD03,6845,,2012-10-05 20:06:59,86,89,2,0,36,1,0,1,0,0,0,0,0,0,0,0,0,N,Y,Y
2012-10-05 00:00:00,5,5-19,27149656,195,49,R,11541,18,RIVE06,7285,2012-10-05 20:10:20,2012-10-05 20:08:39,86,89,0,10,26,0,4,0,2,0,1,0,3,0,0,0,0,N,N,N
2012-10-05 00:00:00,5,5-19,27149656,195,49,R,11541,19,TRSI02,7557,2012-10-05 20:11:39,2012-10-05 20:10:52,86,89,4,6,24,1,0,1,2,0,3,2,1,0,0,0,0,N,N,N
2012-10-05 00:00:00,5,5-19,27149656,195,49,R,11541,20,MUSE01,7948,2012-10-05 20:13:33,2012-10-05 20:12:44,86,89,0,0,24,0,0,0,0,0,0,0,0,0,0,0,0,N,N,N
2012-10-05 00:00:00,5,5-19,27149656,195,49,R,11541,21,GENT01,8277,2012-10-05 20:15:08,2012-10-05 20:13:45,86,89,0,0,24,0,0,0,0,0,0,0,0,0,0,0,0,N,N,N
2012-10-05 00:00:00,5,5-19,27149656,195,49,R,11541,22,WEBR01,8467,2012-10-05 20:16:04,2012-10-05 20:14:27,86,89,0,1,23,0,0,0,1,0,0,0,0,0,0,0,0,N,N,N
2012-10-05 00:00:00,5,5-19,27149656,195,49,R,11541,23,RIEU01,8727,2012-10-05 20:17:20,2012-10-05 20:16:01,86,89,3,3,23,0,0,2,2,1,1,0,0,0,0,0,0,N,N,N
2012-10-05 00:00:00,5,5-19,27149656,195,49,R,11541,24,FLCE01,9190,2012-10-05 20:18:23,2012-10-05 20:17:27,86,89,0,3,20,0,0,0,1,0,1,0,1,0,0,0,0,N,N,N
2012-10-05 00:00:00,5,5-19,27149656,195,49,R,11541,25,MALA02,9598,2012-10-05 20:19:20,2012-10-05 20:18:13,86,89,0,0,20,0,0,0,0,0,0,0,0,0,0,0,0,N,N,N
2012-10-05 00:00:00,5,5-19,27149656,195,49,R,11541,26,VLON00,10034,2012-10-05 20:20:09,2012-10-05 20:19:43,86,89,3,1,22,3,0,0,0,0,1,0,0,0,0,0,0,N,N,N
2012-10-05 00:00:00,5,5-19,27149656,195,49,R,11541,27,CCLA00,10467,2012-10-05 20:20:58,2012-10-05 20:20:22,86,89,0,0,22,0,0,0,0,0,0,0,0,0,0,0,0,N,N,N
2012-10-05 00:00:00,5,5-19,27149656,195,49,R,11541,28,PRSM01,10911,2012-10-05 20:21:48,2012-10-05 20:21:13,86,89,0,25,0,0,9,0,6,0,7,0,3,0,0,0,0,N,N,N
2012-10-05 00:00:00,5,5-19,27149657,195,71,A,11960,1,TVDO00,0,2012-10-05 20:26:00,2012-10-05 20:25:39,61,71,3,0,3,0,0,2,0,0,0,1,0,0,0,0,0,N,N,N
2012-10-05 00:00:00,5,5-19,27149657,195,71,A,11960,2,PRSM02,698,2012-10-05 20:27:56,2012-10-05 20:27:08,61,71,0,0,3,0,0,0,0,0,0,0,0,0,0,0,0,N,N,N
2012-10-05 00:00:00,5,5-19,27149657,195,71,A,11960,3,CCLA01,1152,2012-10-05 20:28:58,2012-10-05 20:28:00,61,71,0,0,3,0,0,0,0,0,0,0,0,0,0,0,0,N,N,N
2012-10-05 00:00:00,5,5-19,27149657,195,71,A,11960,4,VLON01,1616,2012-10-05 20:30:02,2012-10-05 20:28:47,61,71,2,0,5,0,0,2,0,0,0,0,0,0,0,0,0,N,N,N
2012-10-05 00:00:00,5,5-19,27149657,195,71,A,11960,5,MALA01,2031,2012-10-05 20:30:40,2012-10-05 20:29:36,61,71,0,0,5,0,0,0,0,0,0,0,0,0,0,0,0,N,N,N
2012-10-05 00:00:00,5,5-19,27149657,195,71,A,11960,6,FLCE00,2395,2012-10-05 20:32:00,2012-10-05 20:30:17,61,71,0,0,5,0,0,0,0,0,0,0,0,0,0,0,0,N,N,N
2012-10-05 00:00:00,5,5-19,27149657,195,71,A,11960,7,RIEU00,2867,2012-10-05 20:33:00,2012-10-05 20:31:22,61,71,0,0,5,0,0,0,0,0,0,0,0,0,0,0,0,N,N,N
2012-10-05 00:00:00,5,5-19,27149657,195,71,A,11960,8,WEBR00,3150,2012-10-05 20:34:33,2012-10-05 20:33:01,61,71,2,0,7,0,0,2,0,0,0,0,0,0,0,0,0,N,N,N
2012-10-05 00:00:00,5,5-19,27149657,195,71,A,11960,9,GENT00,3358,2012-10-05 20:35:26,2012-10-05 20:33:57,61,71,4,0,11,0,0,1,0,0,0,3,0,0,0,0,0,N,N,N
2012-10-05 00:00:00,5,5-19,27149657,195,71,A,11960,10,MUSE00,3636,2012-10-05 20:36:38,2012-10-05 20:34:48,61,71,5,2,14,4,0,1,0,0,0,0,2,0,0,0,0,N,N,N
2012-10-05 00:00:00,5,5-19,27149657,195,71,A,11960,11,TRSI03,3947,,2012-10-05 20:37:06,61,71,4,7,11,1,5,3,2,0,0,0,0,0,0,0,0,N,Y,Y
2012-10-05 00:00:00,5,5-19,27149657,195,71,A,11960,12,PLEV00,4182,2012-10-05 20:38:40,2012-10-05 20:38:16,61,71,6,0,17,0,0,1,0,3,0,2,0,0,0,0,0,N,N,N
2012-10-05 00:00:00,5,5-19,27149657,195,71,A,11960,13,METR00,4496,,2012-10-05 20:39:34,61,71,4,0,21,1,0,3,0,0,0,0,0,0,0,0,0,N,Y,Y
2012-10-05 00:00:00,5,5-19,27149657,195,71,A,11960,14,MLRD00,4737,2012-10-05 20:41:17,2012-10-05 20:40:57,61,71,4,0,25,1,0,1,0,1,0,1,0,0,0,0,0,N,N,N
2012-10-05 00:00:00,5,5-19,27149657,195,71,A,11960,15,BAIR00,5234,2012-10-05 20:43:00,2012-10-05 20:42:28,61,71,6,6,25,0,1,0,1,0,1,6,3,0,0,0,0,N,N,N
2012-10-05 00:00:00,5,5-19,27149657,195,71,A,11960,16,COUT01,5546,2012-10-05 20:45:17,2012-10-05 20:43:55,61,71,2,2,25,0,1,0,0,2,1,0,0,0,0,0,0,N,N,N
2012-10-05 00:00:00,5,5-19,27149657,195,71,A,11960,17,CVIN07,5766,2012-10-05 20:46:20,2012-10-05 20:45:34,61,71,9,12,22,0,2,5,4,2,6,2,0,0,0,0,0,N,N,N
2012-10-05 00:00:00,5,5-19,27149657,195,71,A,11960,18,POST00,6260,2012-10-05 20:48:27,2012-10-05 20:47:55,61,71,0,2,20,0,0,0,0,0,1,0,1,0,0,0,0,N,N,N
2012-10-05 00:00:00,5,5-19,27149657,195,71,A,11960,19,BCRE00,6776,2012-10-05 20:50:18,2012-10-05 20:49:22,61,71,0,3,17,0,1,0,0,0,0,0,2,0,0,0,0,N,N,N
2012-10-05 00:00:00,5,5-19,27149657,195,71,A,11960,20,VIDO00,7058,2012-10-05 20:51:00,2012-10-05 20:50:28,61,71,2,0,19,0,0,0,0,2,0,0,0,0,0,0,0,N,N,N
2012-10-05 00:00:00,5,5-19,27149657,195,71,A,11960,21,VRMT00,7292,2012-10-05 20:52:32,2012-10-05 20:51:12,61,71,0,2,17,0,0,0,2,0,0,0,0,0,0,0,0,N,N,N
2012-10-05 00:00:00,5,5-19,27149657,195,71,A,11960,22,VRBE00,7485,2012-10-05 20:53:32,2012-10-05 20:51:47,61,71,0,2,15,0,2,0,0,0,0,0,0,0,0,0,0,N,N,N
2012-10-05 00:00:00,5,5-19,27149657,195,71,A,11960,23,NATI10,7701,2012-10-05 20:54:20,2012-10-05 20:53:30,61,71,3,2,16,2,0,1,0,0,1,0,1,0,0,0,0,N,N,N
2012-10-05 00:00:00,5,5-19,27149657,195,71,A,11960,24,INTR00,8253,2012-10-05 20:56:17,2012-10-05 20:54:37,61,71,2,7,11,2,1,0,6,0,0,0,0,0,0,0,0,N,N,N
2012-10-05 00:00:00,5,5-19,27149657,195,71,A,11960,25,MORL00,8882,2012-10-05 20:58:07,2012-10-05 20:55:38,61,71,0,0,11,0,0,0,0,0,0,0,0,0,0,0,0,N,N,N
2012-10-05 00:00:00,5,5-19,27149657,195,71,A,11960,26,POMI00,9176,2012-10-05 20:58:59,2012-10-05 20:56:42,61,71,2,2,11,0,1,0,1,0,0,2,0,0,0,0,0,N,N,N
2012-10-05 00:00:00,5,5-19,27149657,195,71,A,11960,27,GSAC00,9579,2012-10-05 21:00:10,2012-10-05 20:57:49,61,71,1,11,1,1,0,0,3,0,3,0,5,0,0,0,0,N,N,N
2012-10-05 00:00:00,5,5-19,27149657,195,71,A,11960,28,PXPO00,10090,2012-10-05 21:01:20,2012-10-05 20:59:10,61,71,0,2,0,0,0,0,2,0,0,0,0,0,0,0,0,N,N,N
2012-10-05 00:00:00,5,5-19,27149657,195,71,A,11960,29,AREN00,11560,2012-10-05 21:04:32,2012-10-05 21:01:31,61,71,0,0,0,0,0,0,0,0,0,0,0,0,0,0,0,N,N,N
2012-10-05 00:00:00,5,5-19,27149657,195,71,A,11960,30,AERO00,11960,2012-10-05 21:05:00,2012-10-05 21:02:27,61,71,0,9,0,0,2,0,3,0,3,0,1,0,0,0,0,N,N,N
2012-10-05 00:00:00,5,5-19,27149658,195,49,R,11541,1,AERO00,0,2012-10-05 21:11:00,2012-10-05 21:11:45,67,67,20,0,20,7,0,12,0,0,0,1,0,0,0,0,0,N,N,N
2012-10-05 00:00:00,5,5-19,27149658,195,49,R,11541,2,AREN01,340,2012-10-05 21:11:55,2012-10-05 21:13:05,67,67,0,0,20,0,0,0,0,0,0,0,0,0,0,0,0,N,Y,N
2012-10-05 00:00:00,5,5-19,27149658,195,49,R,11541,3,PXPO01,1227,2012-10-05 21:14:20,2012-10-05 21:14:38,67,67,0,1,19,0,0,0,0,0,0,0,1,0,0,0,0,N,N,Y
2012-10-05 00:00:00,5,5-19,27149658,195,49,R,11541,4,GSAC01,1723,2012-10-05 21:15:47,2012-10-05 21:16:02,67,67,8,1,26,1,1,5,0,2,0,0,0,0,0,0,0,N,N,N
2012-10-05 00:00:00,5,5-19,27149658,195,49,R,11541,5,POMI01,2053,2012-10-05 21:16:46,2012-10-05 21:16:50,67,67,0,1,25,0,0,0,1,0,0,0,0,0,0,0,0,N,N,N
2012-10-05 00:00:00,5,5-19,27149658,195,49,R,11541,6,MORL02,2416,2012-10-05 21:17:50,2012-10-05 21:17:25,67,67,0,0,25,0,0,0,0,0,0,0,0,0,0,0,0,N,N,N
2012-10-05 00:00:00,5,5-19,27149658,195,49,R,11541,7,INTR01,3030,2012-10-05 21:19:39,2012-10-05 21:18:43,67,67,10,1,34,2,0,8,1,0,0,0,0,0,0,0,0,N,N,N
2012-10-05 00:00:00,5,5-19,27149658,195,49,R,11541,8,NATI11,3596,2012-10-05 21:21:20,2012-10-05 21:20:39,67,67,3,7,30,0,0,0,6,0,0,3,1,0,0,0,0,N,N,N
2012-10-05 00:00:00,5,5-19,27149658,195,49,R,11541,9,VRMT01,3988,2012-10-05 21:22:36,2012-10-05 21:21:50,67,67,2,0,32,2,0,0,0,0,0,0,0,0,0,0,0,N,N,N
2012-10-05 00:00:00,5,5-19,27149658,195,49,R,11541,10,VIDO01,4316,2012-10-05 21:23:40,2012-10-05 21:22:54,67,67,3,0,35,0,0,2,0,1,0,0,0,0,0,0,0,N,N,N
2012-10-05 00:00:00,5,5-19,27149658,195,49,R,11541,11,BCRE01,4531,2012-10-05 21:24:30,2012-10-05 21:23:40,67,67,2,0,37,1,0,0,0,0,0,1,0,0,0,0,0,N,N,N
2012-10-05 00:00:00,5,5-19,27149658,195,49,R,11541,12,POST01,5103,2012-10-05 21:26:45,2012-10-05 21:25:21,67,67,0,1,36,0,0,0,0,0,1,0,0,0,0,0,0,N,N,N
2012-10-05 00:00:00,5,5-19,27149658,195,49,R,11541,13,CVIN01,5586,2012-10-05 21:28:40,2012-10-05 21:27:35,67,67,11,20,27,3,0,3,11,2,5,3,4,0,0,0,0,N,N,N
2012-10-05 00:00:00,5,5-19,27149658,195,49,R,11541,14,COUT00,5940,2012-10-05 21:30:20,2012-10-05 21:29:53,67,67,1,2,26,0,0,0,1,1,1,0,0,0,0,0,0,N,N,N
2012-10-05 00:00:00,5,5-19,27149658,195,49,R,11541,15,BAIR04,6364,2012-10-05 21:32:20,2012-10-05 21:31:37,67,67,1,4,23,0,2,0,1,1,0,0,1,0,0,0,0,N,N,N
2012-10-05 00:00:00,5,5-19,27149658,195,49,R,11541,16,BAIR05,6619,2012-10-05 21:34:40,2012-10-05 21:33:03,67,67,2,3,22,0,2,1,1,0,0,1,0,0,0,0,0,N,N,N
2012-10-05 00:00:00,5,5-19,27149658,195,49,R,11541,17,MLRD03,6845,2012-10-05 21:35:27,2012-10-05 21:33:58,67,67,0,1,21,0,0,0,0,0,0,0,1,0,0,0,0,N,N,N
2012-10-05 00:00:00,5,5-19,27149658,195,49,R,11541,18,RIVE06,7285,2012-10-05 21:37:00,2012-10-05 21:35:32,67,67,0,10,11,0,4,0,4,0,1,0,1,0,0,0,0,N,N,N
2012-10-05 00:00:00,5,5-19,27149658,195,49,R,11541,19,TRSI02,7557,2012-10-05 21:38:19,2012-10-05 21:37:02,67,67,1,5,7,0,2,1,1,0,2,0,0,0,0,0,0,N,N,N
2012-10-05 00:00:00,5,5-19,27149658,195,49,R,11541,20,MUSE01,7948,2012-10-05 21:40:13,2012-10-05 21:39:31,67,67,1,4,4,0,0,1,2,0,0,0,2,0,0,0,0,N,N,N
2012-10-05 00:00:00,5,5-19,27149658,195,49,R,11541,21,GENT01,8277,2012-10-05 21:41:48,2012-10-05 21:41:26,67,67,0,1,3,0,0,0,1,0,0,0,0,0,0,0,0,N,N,N
2012-10-05 00:00:00,5,5-19,27149658,195,49,R,11541,22,WEBR01,8467,2012-10-05 21:42:44,2012-10-05 21:42:21,67,67,1,1,3,0,0,1,0,0,1,0,0,0,0,0,0,N,N,N
2012-10-05 00:00:00,5,5-19,27149658,195,49,R,11541,23,RIEU01,8727,2012-10-05 21:44:00,2012-10-05 21:43:05,67,67,1,1,3,0,1,1,0,0,0,0,0,0,0,0,0,N,N,N
2012-10-05 00:00:00,5,5-19,27149658,195,49,R,11541,24,FLCE01,9190,2012-10-05 21:45:03,2012-10-05 21:44:29,67,67,0,1,2,0,0,0,1,0,0,0,0,0,0,0,0,N,N,N
2012-10-05 00:00:00,5,5-19,27149658,195,49,R,11541,25,MALA02,9598,2012-10-05 21:46:00,2012-10-05 21:45:12,67,67,0,0,2,0,0,0,0,0,0,0,0,0,0,0,0,N,N,N
2012-10-05 00:00:00,5,5-19,27149658,195,49,R,11541,26,VLON00,10034,2012-10-05 21:46:53,2012-10-05 21:46:19,67,67,0,1,1,0,0,0,1,0,0,0,0,0,0,0,0,N,N,N
2012-10-05 00:00:00,5,5-19,27149658,195,49,R,11541,27,CCLA00,10467,2012-10-05 21:47:47,2012-10-05 21:46:58,67,67,0,0,1,0,0,0,0,0,0,0,0,0,0,0,0,N,N,N
2012-10-05 00:00:00,5,5-19,27149658,195,49,R,11541,28,PRSM01,10911,2012-10-05 21:48:42,2012-10-05 21:47:41,67,67,0,0,1,0,0,0,0,0,0,0,0,0,0,0,0,N,N,N
2012-10-05 00:00:00,5,5-19,27149658,195,49,R,11541,29,TVDO00,11541,2012-10-05 21:50:00,2012-10-05 21:48:43,67,67,0,1,0,0,0,0,0,0,0,0,1,0,0,0,0,N,N,N
2012-10-05 00:00:00,5,5-19,27149659,195,71,A,11960,1,TVDO00,0,2012-10-05 21:54:00,2012-10-05 21:53:25,106,99,8,0,8,3,0,5,0,0,0,0,0,0,0,0,0,N,N,N
2012-10-05 00:00:00,5,5-19,27149659,195,71,A,11960,2,PRSM02,698,2012-10-05 21:55:29,2012-10-05 21:55:01,106,99,3,0,11,1,0,2,0,0,0,0,0,0,0,0,0,N,N,N
2012-10-05 00:00:00,5,5-19,27149659,195,71,A,11960,3,CCLA01,1152,2012-10-05 21:56:27,2012-10-05 21:56:03,106,99,1,0,12,0,0,1,0,0,0,0,0,0,0,0,0,N,N,N
2012-10-05 00:00:00,5,5-19,27149659,195,71,A,11960,4,VLON01,1616,2012-10-05 21:57:26,2012-10-05 21:57:03,106,99,0,0,12,0,0,0,0,0,0,0,0,0,0,0,0,N,N,N
2012-10-05 00:00:00,5,5-19,27149659,195,71,A,11960,5,MALA01,2031,2012-10-05 21:58:20,2012-10-05 21:57:46,106,99,2,0,14,0,0,2,0,0,0,0,0,0,0,0,0,N,N,N
2012-10-05 00:00:00,5,5-19,27149659,195,71,A,11960,6,FLCE00,2395,2012-10-05 21:59:20,2012-10-05 21:58:33,106,99,1,0,15,1,0,0,0,0,0,0,0,0,0,0,0,N,N,N
2012-10-05 00:00:00,5,5-19,27149659,195,71,A,11960,7,RIEU00,2867,2012-10-05 22:00:40,2012-10-05 21:59:37,106,99,4,0,19,0,0,1,0,0,0,3,0,0,0,0,0,N,N,N
2012-10-05 00:00:00,5,5-19,27149659,195,71,A,11960,8,WEBR00,3150,2012-10-05 22:01:53,2012-10-05 22:00:49,106,99,5,0,24,0,0,5,0,0,0,0,0,0,0,0,0,N,N,N
2012-10-05 00:00:00,5,5-19,27149659,195,71,A,11960,9,GENT00,3358,2012-10-05 22:02:46,2012-10-05 22:01:29,106,99,1,1,24,0,0,1,1,0,0,0,0,0,0,0,0,N,N,N
2012-10-05 00:00:00,5,5-19,27149659,195,71,A,11960,10,MUSE00,3636,2012-10-05 22:03:58,2012-10-05 22:02:17,106,99,0,5,19,0,1,0,3,0,1,0,0,0,0,0,0,N,N,N
2012-10-05 00:00:00,5,5-19,27149659,195,71,A,11960,11,TRSI03,3947,,2012-10-05 22:03:36,106,99,8,0,27,4,0,3,0,0,0,1,0,0,0,0,0,N,Y,Y
2012-10-05 00:00:00,5,5-19,27149659,195,71,A,11960,12,PLEV00,4182,2012-10-05 22:06:20,2012-10-05 22:06:56,106,99,31,1,57,0,0,5,0,11,1,15,0,0,0,0,0,N,N,N
2012-10-05 00:00:00,5,5-19,27149659,195,71,A,11960,13,METR00,4496,2012-10-05 22:07:37,2012-10-05 22:08:27,106,99,1,2,56,0,0,0,0,1,0,0,2,0,0,0,0,N,N,N
2012-10-05 00:00:00,5,5-19,27149659,195,71,A,11960,14,MLRD00,4737,2012-10-05 22:08:37,2012-10-05 22:09:17,106,99,1,1,56,0,0,1,1,0,0,0,0,0,0,0,0,N,N,N
2012-10-05 00:00:00,5,5-19,27149659,195,71,A,11960,15,BAIR00,5234,2012-10-05 22:10:40,2012-10-05 22:10:48,106,99,17,8,65,0,1,0,3,7,2,10,2,0,0,0,0,N,N,N
2012-10-05 00:00:00,5,5-19,27149659,195,71,A,11960,16,COUT01,5546,2012-10-05 22:12:37,2012-10-05 22:11:58,106,99,4,6,63,0,0,1,1,2,2,1,3,0,0,0,0,N,N,N
2012-10-05 00:00:00,5,5-19,27149659,195,71,A,11960,17,CVIN07,5766,2012-10-05 22:14:00,2012-10-05 22:13:24,106,99,12,36,39,2,7,7,8,2,16,1,5,0,0,0,0,N,N,N
2012-10-05 00:00:00,5,5-19,27149659,195,71,A,11960,18,POST00,6260,2012-10-05 22:15:47,2012-10-05 22:15:27,106,99,2,1,40,0,0,0,0,1,0,1,1,0,0,0,0,N,N,N
2012-10-05 00:00:00,5,5-19,27149659,195,71,A,11960,19,BCRE00,6776,2012-10-05 22:17:38,2012-10-05 22:17:00,106,99,0,3,37,0,0,0,0,0,2,0,1,0,0,0,0,N,N,N
2012-10-05 00:00:00,5,5-19,27149659,195,71,A,11960,20,VIDO00,7058,2012-10-05 22:18:40,2012-10-05 22:17:56,106,99,0,0,37,0,0,0,0,0,0,0,0,0,0,0,0,N,N,N
2012-10-05 00:00:00,5,5-19,27149659,195,71,A,11960,21,VRMT00,7292,2012-10-05 22:19:52,2012-10-05 22:18:38,106,99,0,2,35,0,0,0,1,0,0,0,1,0,0,0,0,N,N,N
2012-10-05 00:00:00,5,5-19,27149659,195,71,A,11960,22,VRBE00,7485,2012-10-05 22:20:52,2012-10-05 22:19:15,106,99,0,3,32,0,0,0,1,0,0,0,2,0,0,0,0,N,N,N
2012-10-05 00:00:00,5,5-19,27149659,195,71,A,11960,23,NATI10,7701,2012-10-05 22:22:00,2012-10-05 22:21:08,106,99,3,1,34,0,0,2,0,1,1,0,0,0,0,0,0,N,N,N
2012-10-05 00:00:00,5,5-19,27149659,195,71,A,11960,24,INTR00,8253,2012-10-05 22:23:27,2012-10-05 22:22:28,106,99,1,4,31,1,3,0,0,0,1,0,0,0,0,0,0,N,N,N
2012-10-05 00:00:00,5,5-19,27149659,195,71,A,11960,25,MORL00,8882,2012-10-05 22:25:07,2012-10-05 22:23:37,106,99,0,2,29,0,0,0,1,0,1,0,0,0,0,0,0,N,N,N
2012-10-05 00:00:00,5,5-19,27149659,195,71,A,11960,26,POMI00,9176,2012-10-05 22:25:54,2012-10-05 22:24:22,106,99,0,3,26,0,0,0,1,0,0,0,2,0,0,0,0,N,N,N
2012-10-05 00:00:00,5,5-19,27149659,195,71,A,11960,27,GSAC00,9579,2012-10-05 22:26:58,2012-10-05 22:25:33,106,99,1,11,16,0,3,1,4,0,3,0,1,0,0,0,0,N,N,N
2012-10-05 00:00:00,5,5-19,27149659,195,71,A,11960,28,PXPO00,10090,2012-10-05 22:28:20,2012-10-05 22:26:46,106,99,0,0,16,0,0,0,0,0,0,0,0,0,0,0,0,N,N,N
2012-10-05 00:00:00,5,5-19,27149659,195,71,A,11960,29,AREN00,11560,2012-10-05 22:31:12,2012-10-05 22:29:08,106,99,0,0,16,0,0,0,0,0,0,0,0,0,0,0,0,N,N,N
2012-10-05 00:00:00,5,5-19,27149659,195,71,A,11960,30,AERO00,11960,2012-10-05 22:32:00,2012-10-05 22:30:01,106,99,0,9,7,0,1,0,4,0,3,0,1,0,0,0,0,N,N,N
2012-10-05 00:00:00,5,5-19,27149660,195,49,R,11541,1,AERO00,0,2012-10-05 22:38:00,2012-10-05 22:37:23,84,77,28,0,28,9,0,13,0,2,0,4,0,0,0,0,0,N,N,N
2012-10-05 00:00:00,5,5-19,27149660,195,49,R,11541,2,AREN01,340,2012-10-05 22:38:55,2012-10-05 22:38:37,84,77,0,0,28,0,0,0,0,0,0,0,0,0,0,0,0,N,N,N
2012-10-05 00:00:00,5,5-19,27149660,195,49,R,11541,3,PXPO01,1227,2012-10-05 22:41:20,2012-10-05 22:40:20,84,77,0,0,28,0,0,0,0,0,0,0,0,0,0,0,0,N,N,N
2012-10-05 00:00:00,5,5-19,27149660,195,49,R,11541,4,GSAC01,1723,2012-10-05 22:42:43,2012-10-05 22:41:35,84,77,4,1,31,1,0,3,0,0,1,0,0,0,0,0,0,N,N,N
2012-10-05 00:00:00,5,5-19,27149660,195,49,R,11541,5,POMI01,2053,2012-10-05 22:43:39,2012-10-05 22:42:25,84,77,2,0,33,0,0,0,0,2,0,0,0,0,0,0,0,N,N,N
2012-10-05 00:00:00,5,5-19,27149660,195,49,R,11541,6,MORL02,2416,2012-10-05 22:44:40,2012-10-05 22:43:29,84,77,3,3,33,0,2,3,1,0,0,0,0,0,0,0,0,N,N,N
2012-10-05 00:00:00,5,5-19,27149660,195,49,R,11541,7,INTR01,3030,2012-10-05 22:46:24,2012-10-05 22:44:43,84,77,3,0,36,0,0,3,0,0,0,0,0,0,0,0,0,N,N,N
2012-10-05 00:00:00,5,5-19,27149660,195,49,R,11541,8,NATI11,3596,2012-10-05 22:48:00,2012-10-05 22:46:09,84,77,0,4,32,0,1,0,0,0,1,0,2,0,0,0,0,N,N,N
2012-10-05 00:00:00,5,5-19,27149660,195,49,R,11541,9,VRMT01,3988,2012-10-05 22:49:16,2012-10-05 22:47:45,84,77,2,0,34,0,0,2,0,0,0,0,0,0,0,0,0,N,N,N
2012-10-05 00:00:00,5,5-19,27149660,195,49,R,11541,10,VIDO01,4316,2012-10-05 22:50:20,2012-10-05 22:48:47,84,77,1,3,32,0,0,1,3,0,0,0,0,0,0,0,0,N,N,N
2012-10-05 00:00:00,5,5-19,27149660,195,49,R,11541,11,BCRE01,4531,2012-10-05 22:51:07,2012-10-05 22:49:24,84,77,0,0,32,0,0,0,0,0,0,0,0,0,0,0,0,N,N,N
2012-10-05 00:00:00,5,5-19,27149660,195,49,R,11541,12,POST01,5103,2012-10-05 22:53:13,2012-10-05 22:51:04,84,77,0,5,27,0,0,0,4,0,1,0,0,0,0,0,0,N,N,N
2012-10-05 00:00:00,5,5-19,27149660,195,49,R,11541,13,CVIN01,5586,2012-10-05 22:55:00,2012-10-05 22:54:28,84,77,6,5,28,3,1,1,0,0,3,2,1,0,0,0,0,N,N,N
2012-10-05 00:00:00,5,5-19,27149660,195,49,R,11541,14,COUT00,5940,2012-10-05 22:56:40,2012-10-05 22:56:35,84,77,3,1,30,1,0,1,0,1,1,0,0,0,0,0,0,N,N,N
2012-10-05 00:00:00,5,5-19,27149660,195,49,R,11541,15,BAIR04,6364,2012-10-05 22:58:40,2012-10-05 22:58:16,84,77,3,11,22,0,1,2,5,1,4,0,1,0,0,0,0,N,N,N
2012-10-05 00:00:00,5,5-19,27149660,195,49,R,11541,16,BAIR05,6619,2012-10-05 23:00:40,2012-10-05 22:59:50,84,77,17,2,37,0,0,5,2,8,0,4,0,0,0,0,0,N,N,N
2012-10-05 00:00:00,5,5-19,27149660,195,49,R,11541,17,MLRD03,6845,2012-10-05 23:01:27,2012-10-05 23:00:58,84,77,1,0,38,0,0,0,0,1,0,0,0,0,0,0,0,N,N,N
2012-10-05 00:00:00,5,5-19,27149660,195,49,R,11541,18,RIVE06,7285,2012-10-05 23:03:00,2012-10-05 23:02:20,84,77,3,0,41,1,0,0,0,2,0,0,0,0,0,0,0,N,N,N
2012-10-05 00:00:00,5,5-19,27149660,195,49,R,11541,19,TRSI02,7557,2012-10-05 23:04:15,2012-10-05 23:03:33,84,77,3,2,42,1,0,2,2,0,0,0,0,0,0,0,0,N,N,N
2012-10-05 00:00:00,5,5-19,27149660,195,49,R,11541,20,MUSE01,7948,2012-10-05 23:06:03,2012-10-05 23:06:12,84,77,4,4,42,3,0,0,3,0,1,1,0,0,0,0,0,N,N,N
2012-10-05 00:00:00,5,5-19,27149660,195,49,R,11541,21,GENT01,8277,2012-10-05 23:07:35,2012-10-05 23:08:04,84,77,0,4,38,0,0,0,3,0,1,0,0,0,0,0,0,N,N,N
2012-10-05 00:00:00,5,5-19,27149660,195,49,R,11541,22,WEBR01,8467,2012-10-05 23:08:27,2012-10-05 23:09:10,84,77,0,5,33,0,4,0,1,0,0,0,0,0,0,0,0,N,N,N
2012-10-05 00:00:00,5,5-19,27149660,195,49,R,11541,23,RIEU01,8727,2012-10-05 23:09:40,2012-10-05 23:10:08,84,77,0,1,32,0,0,0,0,0,0,0,1,0,0,0,0,N,N,N
2012-10-05 00:00:00,5,5-19,27149660,195,49,R,11541,24,FLCE01,9190,2012-10-05 23:10:43,2012-10-05 23:11:31,84,77,0,1,31,0,0,0,1,0,0,0,0,0,0,0,0,N,N,N
2012-10-05 00:00:00,5,5-19,27149660,195,49,R,11541,25,MALA02,9598,2012-10-05 23:11:40,2012-10-05 23:12:27,84,77,0,16,15,0,2,0,1,0,6,0,7,0,0,0,0,N,N,N
2012-10-05 00:00:00,5,5-19,27149660,195,49,R,11541,26,VLON00,10034,2012-10-05 23:12:29,2012-10-05 23:13:20,84,77,1,0,16,0,0,1,0,0,0,0,0,0,0,0,0,N,N,N
2012-10-05 00:00:00,5,5-19,27149660,195,49,R,11541,27,CCLA00,10467,2012-10-05 23:13:18,2012-10-05 23:14:14,84,77,0,1,15,0,0,0,1,0,0,0,0,0,0,0,0,N,N,N
2012-10-05 00:00:00,5,5-19,27149660,195,49,R,11541,28,PRSM01,10911,2012-10-05 23:14:08,2012-10-05 23:15:11,84,77,0,5,10,0,0,0,3,0,2,0,0,0,0,0,0,N,N,N
2012-10-05 00:00:00,5,5-19,27149660,195,49,R,11541,29,TVDO00,11541,2012-10-05 23:15:20,2012-10-05 23:16:04,84,77,0,3,7,0,1,0,2,0,0,0,0,0,0,0,0,N,N,N
2012-10-05 00:00:00,5,5-19,27149661,195,71,A,11960,1,TVDO00,0,2012-10-05 23:24:00,2012-10-05 23:24:00,67,78,1,0,1,1,0,0,0,0,0,0,0,0,0,0,0,N,N,N
2012-10-05 00:00:00,5,5-19,27149661,195,71,A,11960,2,PRSM02,698,2012-10-05 23:25:29,2012-10-05 23:25:46,67,78,4,0,5,3,0,1,0,0,0,0,0,0,0,0,0,N,N,N
2012-10-05 00:00:00,5,5-19,27149661,195,71,A,11960,3,CCLA01,1152,2012-10-05 23:26:27,2012-10-05 23:26:34,67,78,0,0,5,0,0,0,0,0,0,0,0,0,0,0,0,N,N,N
2012-10-05 00:00:00,5,5-19,27149661,195,71,A,11960,4,VLON01,1616,2012-10-05 23:27:26,2012-10-05 23:27:19,67,78,0,0,5,0,0,0,0,0,0,0,0,0,0,0,0,N,N,N
2012-10-05 00:00:00,5,5-19,27149661,195,71,A,11960,5,MALA01,2031,2012-10-05 23:28:20,2012-10-05 23:28:10,67,78,3,0,8,0,0,3,0,0,0,0,0,0,0,0,0,N,N,N
2012-10-05 00:00:00,5,5-19,27149661,195,71,A,11960,6,FLCE00,2395,2012-10-05 23:29:12,2012-10-05 23:28:58,67,78,0,0,8,0,0,0,0,0,0,0,0,0,0,0,0,N,N,N
2012-10-05 00:00:00,5,5-19,27149661,195,71,A,11960,7,RIEU00,2867,2012-10-05 23:30:20,2012-10-05 23:30:29,67,78,0,0,8,0,0,0,0,0,0,0,0,0,0,0,0,N,N,N
2012-10-05 00:00:00,5,5-19,27149661,195,71,A,11960,8,WEBR00,3150,2012-10-05 23:31:33,2012-10-05 23:31:10,67,78,0,0,8,0,0,0,0,0,0,0,0,0,0,0,0,N,N,N
2012-10-05 00:00:00,5,5-19,27149661,195,71,A,11960,9,GENT00,3358,2012-10-05 23:32:26,2012-10-05 23:31:53,67,78,6,1,13,0,0,4,1,2,0,0,0,0,0,0,0,N,N,N
2012-10-05 00:00:00,5,5-19,27149661,195,71,A,11960,10,MUSE00,3636,2012-10-05 23:33:38,2012-10-05 23:32:38,67,78,0,0,13,0,0,0,0,0,0,0,0,0,0,0,0,N,N,N
2012-10-05 00:00:00,5,5-19,27149661,195,71,A,11960,11,TRSI03,3947,,2012-10-05 23:34:20,67,78,3,6,10,2,0,1,4,0,0,0,2,0,0,0,0,N,Y,Y
2012-10-05 00:00:00,5,5-19,27149661,195,71,A,11960,12,PLEV00,4182,2012-10-05 23:36:00,2012-10-05 23:37:02,67,78,1,1,10,0,0,0,1,1,0,0,0,0,0,0,0,N,N,N
2012-10-05 00:00:00,5,5-19,27149661,195,71,A,11960,13,METR00,4496,,2012-10-05 23:38:37,67,78,3,3,10,0,1,2,2,0,0,1,0,0,0,0,0,N,Y,Y
2012-10-05 00:00:00,5,5-19,27149661,195,71,A,11960,14,MLRD00,4737,2012-10-05 23:38:17,2012-10-05 23:40:11,67,78,4,0,14,1,0,3,0,0,0,0,0,0,0,0,0,N,N,N
2012-10-05 00:00:00,5,5-19,27149661,195,71,A,11960,15,BAIR00,5234,2012-10-05 23:40:20,2012-10-05 23:42:17,67,78,19,2,31,0,0,0,2,7,0,12,0,0,0,0,0,N,N,N
2012-10-05 00:00:00,5,5-19,27149661,195,71,A,11960,16,COUT01,5546,2012-10-05 23:41:53,2012-10-05 23:43:25,67,78,1,2,30,0,0,0,2,1,0,0,0,0,0,0,0,N,N,N
2012-10-05 00:00:00,5,5-19,27149661,195,71,A,11960,17,CVIN07,5766,2012-10-05 23:43:00,2012-10-05 23:44:58,67,78,15,13,32,4,0,8,5,0,6,3,2,0,0,0,0,N,N,N
2012-10-05 00:00:00,5,5-19,27149661,195,71,A,11960,18,POST00,6260,2012-10-05 23:44:47,2012-10-05 23:47:06,67,78,2,1,33,0,1,2,0,0,0,0,0,0,0,0,0,N,N,N
2012-10-05 00:00:00,5,5-19,27149661,195,71,A,11960,19,BCRE00,6776,2012-10-05 23:46:38,2012-10-05 23:48:40,67,78,0,7,26,0,2,0,2,0,3,0,0,0,0,0,0,N,N,N
2012-10-05 00:00:00,5,5-19,27149661,195,71,A,11960,20,VIDO00,7058,2012-10-05 23:47:40,2012-10-05 23:49:37,67,78,0,2,24,0,0,0,0,0,0,0,2,0,0,0,0,N,N,N
2012-10-05 00:00:00,5,5-19,27149661,195,71,A,11960,21,VRMT00,7292,2012-10-05 23:48:45,2012-10-05 23:50:20,67,78,0,4,20,0,1,0,0,0,3,0,0,0,0,0,0,N,N,N
2012-10-05 00:00:00,5,5-19,27149661,195,71,A,11960,22,VRBE00,7485,2012-10-05 23:49:39,2012-10-05 23:51:10,67,78,0,0,20,0,0,0,0,0,0,0,0,0,0,0,0,N,N,N
2012-10-05 00:00:00,5,5-19,27149661,195,71,A,11960,23,NATI10,7701,2012-10-05 23:50:40,2012-10-05 23:52:18,67,78,2,3,19,2,0,0,0,0,0,0,3,0,0,0,0,N,N,N
2012-10-05 00:00:00,5,5-19,27149661,195,71,A,11960,24,INTR00,8253,2012-10-05 23:52:03,2012-10-05 23:54:02,67,78,2,4,17,0,2,2,2,0,0,0,0,0,0,0,0,N,N,N
2012-10-05 00:00:00,5,5-19,27149661,195,71,A,11960,25,MORL00,8882,2012-10-05 23:53:37,2012-10-05 23:54:57,67,78,0,0,17,0,0,0,0,0,0,0,0,0,0,0,0,N,N,N
2012-10-05 00:00:00,5,5-19,27149661,195,71,A,11960,26,POMI00,9176,2012-10-05 23:54:22,2012-10-05 23:55:58,67,78,1,9,9,0,0,0,3,1,0,0,6,0,0,0,0,N,N,N
2012-10-05 00:00:00,5,5-19,27149661,195,71,A,11960,27,GSAC00,9579,2012-10-05 23:55:22,2012-10-05 23:57:06,67,78,0,10,0,0,5,0,0,0,5,0,0,0,0,0,0,N,N,N
2012-10-05 00:00:00,5,5-19,27149661,195,71,A,11960,28,PXPO00,10090,2012-10-05 23:56:40,2012-10-05 23:58:29,67,78,0,5,0,0,0,0,5,0,0,0,0,0,0,0,0,N,N,N
2012-10-05 00:00:00,5,5-19,27149661,195,71,A,11960,29,AREN00,11560,2012-10-05 23:59:17,2012-10-06 00:00:50,67,78,0,0,0,0,0,0,0,0,0,0,0,0,0,0,0,N,N,N
2012-10-05 00:00:00,5,5-19,27149661,195,71,A,11960,30,AERO00,11960,2012-10-06 00:00:00,2012-10-06 00:01:42,67,78,0,5,0,0,2,0,2,0,1,0,0,0,0,0,0,N,N,N
2012-10-05 00:00:00,E,E-1,27152641,197,7,R,13561,1,HERM00,0,2012-10-05 05:41:00,2012-10-05 05:42:25,8,19,0,0,0,0,0,0,0,0,0,0,0,0,0,0,0,N,Y,N
2012-10-05 00:00:00,E,E-1,27152641,197,7,R,13561,2,TRIZ01,578,2012-10-05 05:42:07,2012-10-05 05:42:48,8,19,0,0,0,0,0,0,0,0,0,0,0,0,0,0,0,N,N,Y
2012-10-05 00:00:00,E,E-1,27152641,197,7,R,13561,3,VLLA01,1057,2012-10-05 05:43:03,2012-10-05 05:43:34,8,19,0,0,0,0,0,0,0,0,0,0,0,0,0,0,0,N,N,N
2012-10-05 00:00:00,E,E-1,27152641,197,7,R,13561,4,GRAV01,1523,2012-10-05 05:43:58,2012-10-05 05:44:17,8,19,0,0,0,0,0,0,0,0,0,0,0,0,0,0,0,N,N,N
2012-10-05 00:00:00,E,E-1,27152641,197,7,R,13561,5,SSCH01,1836,2012-10-05 05:44:34,2012-10-05 05:45:00,8,19,2,0,2,0,0,2,0,0,0,0,0,0,0,0,0,N,N,N
2012-10-05 00:00:00,E,E-1,27152641,197,7,R,13561,6,CHVA01,2438,2012-10-05 05:45:45,2012-10-05 05:46:11,8,19,0,0,2,0,0,0,0,0,0,0,0,0,0,0,0,N,N,N
2012-10-05 00:00:00,E,E-1,27152641,197,7,R,13561,7,CRBS01,2748,2012-10-05 05:46:21,2012-10-05 05:46:49,8,19,0,0,2,0,0,0,0,0,0,0,0,0,0,0,0,N,N,N
2012-10-05 00:00:00,E,E-1,27152641,197,7,R,13561,8,ANRS01,3247,2012-10-05 05:47:20,2012-10-05 05:47:50,8,19,2,0,4,1,0,1,0,0,0,0,0,0,0,0,0,N,N,N
2012-10-05 00:00:00,E,E-1,27152641,197,7,R,13561,9,MARG01,3744,2012-10-05 05:48:09,2012-10-05 05:48:39,8,19,0,0,4,0,0,0,0,0,0,0,0,0,0,0,0,N,N,N
2012-10-05 00:00:00,E,E-1,27152641,197,7,R,13561,10,NAIS01,4009,2012-10-05 05:48:36,2012-10-05 05:49:02,8,19,0,0,4,0,0,0,0,0,0,0,0,0,0,0,0,N,N,N
2012-10-05 00:00:00,E,E-1,27152641,197,7,R,13561,11,PPAL01,4525,2012-10-05 05:49:27,2012-10-05 05:49:46,8,19,0,0,4,0,0,0,0,0,0,0,0,0,0,0,0,N,N,N
2012-10-05 00:00:00,E,E-1,27152641,197,7,R,13561,12,CIPO01,4846,2012-10-05 05:50:00,2012-10-05 05:50:28,8,19,0,0,4,0,0,0,0,0,0,0,0,0,0,0,0,N,N,N
2012-10-05 00:00:00,E,E-1,27152641,197,7,R,13561,13,GAIU01,5314,2012-10-05 05:50:54,2012-10-05 05:51:10,8,19,0,0,4,0,0,0,0,0,0,0,0,0,0,0,0,N,N,N
2012-10-05 00:00:00,E,E-1,27152641,197,7,R,13561,14,SVON01,5676,2012-10-05 05:51:36,2012-10-05 05:51:55,8,19,1,0,5,0,0,1,0,0,0,0,0,0,0,0,0,N,N,N
2012-10-05 00:00:00,E,E-1,27152641,197,7,R,13561,15,RSMA01,5895,2012-10-05 05:52:02,2012-10-05 05:52:22,8,19,0,0,5,0,0,0,0,0,0,0,0,0,0,0,0,N,N,N
2012-10-05 00:00:00,E,E-1,27152641,197,7,R,13561,16,CLGE01,6221,2012-10-05 05:52:40,2012-10-05 05:53:05,8,19,0,0,5,0,0,0,0,0,0,0,0,0,0,0,0,N,N,N
2012-10-05 00:00:00,E,E-1,27152641,197,7,R,13561,17,BELL01,6596,2012-10-05 05:53:31,2012-10-05 05:54:08,8,19,2,0,7,0,0,1,0,1,0,0,0,0,0,0,0,N,N,N
2012-10-05 00:00:00,E,E-1,27152641,197,7,R,13561,18,BOCA01,6955,2012-10-05 05:54:20,2012-10-05 05:55:01,8,19,0,1,6,0,0,0,1,0,0,0,0,0,0,0,0,N,N,N
2012-10-05 00:00:00,E,E-1,27152641,197,7,R,13561,19,BISE01,7529,2012-10-05 05:55:42,2012-10-05 05:56:06,8,19,0,0,6,0,0,0,0,0,0,0,0,0,0,0,0,N,N,N
2012-10-05 00:00:00,E,E-1,27152641,197,7,R,13561,20,VSNA01,7925,2012-10-05 05:56:40,2012-10-05 05:56:52,8,19,0,0,6,0,0,0,0,0,0,0,0,0,0,0,0,N,N,N
2012-10-05 00:00:00,E,E-1,27152641,197,7,R,13561,21,BLTE01,8640,2012-10-05 05:57:52,2012-10-05 05:58:17,8,19,0,0,6,0,0,0,0,0,0,0,0,0,0,0,0,N,N,N
2012-10-05 00:00:00,E,E-1,27152641,197,7,R,13561,22,BOIS01,8904,2012-10-05 05:58:19,2012-10-05 05:58:37,8,19,0,0,6,0,0,0,0,0,0,0,0,0,0,0,0,N,N,N
2012-10-05 00:00:00,E,E-1,27152641,197,7,R,13561,23,RUTH01,9684,2012-10-05 05:59:38,2012-10-05 05:59:31,8,19,0,0,6,0,0,0,0,0,0,0,0,0,0,0,0,N,N,N
2012-10-05 00:00:00,E,E-1,27152641,197,7,R,13561,24,TCRE01,10003,2012-10-05 06:00:11,2012-10-05 05:59:54,8,19,0,0,6,0,0,0,0,0,0,0,0,0,0,0,0,N,N,N
2012-10-05 00:00:00,E,E-1,27152641,197,7,R,13561,25,MGRE01,10424,2012-10-05 06:00:53,2012-10-05 06:00:26,8,19,0,0,6,0,0,0,0,0,0,0,0,0,0,0,0,N,N,N
2012-10-05 00:00:00,E,E-1,27152641,197,7,R,13561,26,CRIG01,11079,2012-10-05 06:02:00,2012-10-05 06:01:12,8,19,0,0,6,0,0,0,0,0,0,0,0,0,0,0,0,N,N,N
2012-10-05 00:00:00,E,E-1,27152641,197,7,R,13561,27,PLGE03,11664,2012-10-05 06:03:00,2012-10-05 06:03:06,8,19,0,1,5,0,0,0,0,0,0,0,1,0,0,0,0,N,N,N
2012-10-05 00:00:00,E,E-1,27152641,197,7,R,13561,28,AUBI00,12646,2012-10-05 06:06:16,2012-10-05 06:05:10,8,19,0,0,5,0,0,0,0,0,0,0,0,0,0,0,0,N,N,N
2012-10-05 00:00:00,E,E-1,27152641,197,7,R,13561,29,VOLL00,12830,2012-10-05 06:06:53,2012-10-05 06:05:45,8,19,0,0,5,0,0,0,0,0,0,0,0,0,0,0,0,N,N,N
2012-10-05 00:00:00,E,E-1,27152641,197,7,R,13561,30,RLAC00,13124,2012-10-05 06:07:52,2012-10-05 06:06:40,8,19,1,2,4,0,0,0,1,1,0,0,1,0,0,0,0,N,N,N
2012-10-05 00:00:00,E,E-1,27152641,197,7,R,13561,31,PLEV00,13355,2012-10-05 06:08:38,2012-10-05 06:08:29,8,19,0,6,0,0,1,0,2,0,2,0,1,0,0,0,0,N,N,N
2012-10-05 00:00:00,E,E-1,27152641,197,7,R,13561,32,RIVE04,13561,2012-10-05 06:09:20,2012-10-05 06:09:12,8,19,0,9,0,0,4,0,2,0,3,0,0,0,0,0,0,N,N,N
2012-10-05 00:00:00,E,E-1,27152643,197,4,A,13331,1,RIVE03,0,2012-10-05 06:25:00,2012-10-05 06:24:59,27,25,26,0,26,3,0,7,0,12,0,4,0,0,0,0,0,N,N,N
2012-10-05 00:00:00,E,E-1,27152643,197,4,A,13331,2,VOLL02,599,2012-10-05 06:26:21,2012-10-05 06:26:59,27,25,0,0,26,0,0,0,0,0,0,0,0,0,0,0,0,N,N,N
2012-10-05 00:00:00,E,E-1,27152643,197,4,A,13331,3,PLGE01,1773,2012-10-05 06:29:00,2012-10-05 06:28:57,27,25,1,0,27,0,0,1,0,0,0,0,0,0,0,0,0,N,N,N
2012-10-05 00:00:00,E,E-1,27152643,197,4,A,13331,4,CRIG00,2429,2012-10-05 06:29:58,2012-10-05 06:30:08,27,25,0,0,27,0,0,0,0,0,0,0,0,0,0,0,0,N,N,N
2012-10-05 00:00:00,E,E-1,27152643,197,4,A,13331,5,MGRE00,3071,2012-10-05 06:30:55,2012-10-05 06:30:54,27,25,0,0,27,0,0,0,0,0,0,0,0,0,0,0,0,N,N,N
2012-10-05 00:00:00,E,E-1,27152643,197,4,A,13331,6,TCRE00,3512,2012-10-05 06:31:34,2012-10-05 06:31:24,27,25,0,0,27,0,0,0,0,0,0,0,0,0,0,0,0,N,N,N
2012-10-05 00:00:00,E,E-1,27152643,197,4,A,13331,7,RUTH00,3855,2012-10-05 06:32:04,2012-10-05 06:31:51,27,25,0,0,27,0,0,0,0,0,0,0,0,0,0,0,0,N,N,N
2012-10-05 00:00:00,E,E-1,27152643,197,4,A,13331,8,BOIS00,4602,2012-10-05 06:33:11,2012-10-05 06:32:44,27,25,0,0,27,0,0,0,0,0,0,0,0,0,0,0,0,N,N,N
2012-10-05 00:00:00,E,E-1,27152643,197,4,A,13331,9,BLTE00,4952,2012-10-05 06:33:42,2012-10-05 06:33:25,27,25,0,1,26,0,0,0,1,0,0,0,0,0,0,0,0,N,N,N
2012-10-05 00:00:00,E,E-1,27152643,197,4,A,13331,10,VSNA00,5376,2012-10-05 06:34:20,2012-10-05 06:34:24,27,25,0,0,26,0,0,0,0,0,0,0,0,0,0,0,0,N,N,N
2012-10-05 00:00:00,E,E-1,27152643,197,4,A,13331,11,BISE00,6003,2012-10-05 06:36:02,2012-10-05 06:36:02,27,25,0,2,24,0,0,0,1,0,1,0,0,0,0,0,0,N,N,N
2012-10-05 00:00:00,E,E-1,27152643,197,4,A,13331,12,BOCA00,6595,2012-10-05 06:37:40,2012-10-05 06:37:10,27,25,0,9,15,0,0,0,2,0,2,0,5,0,0,0,0,N,N,N
2012-10-05 00:00:00,E,E-1,27152643,197,4,A,13331,13,BELL00,6958,2012-10-05 06:38:34,2012-10-05 06:38:07,27,25,0,1,14,0,0,0,0,0,1,0,0,0,0,0,0,N,N,N
2012-10-05 00:00:00,E,E-1,27152643,197,4,A,13331,14,CLGE00,7257,2012-10-05 06:39:20,2012-10-05 06:39:01,27,25,0,2,12,0,0,0,1,0,1,0,0,0,0,0,0,N,N,N
2012-10-05 00:00:00,E,E-1,27152643,197,4,A,13331,15,RSMA00,7661,2012-10-05 06:40:10,2012-10-05 06:39:44,27,25,0,0,12,0,0,0,0,0,0,0,0,0,0,0,0,N,N,N
2012-10-05 00:00:00,E,E-1,27152643,197,4,A,13331,16,SVON00,7866,2012-10-05 06:40:36,2012-10-05 06:40:18,27,25,0,5,7,0,0,0,2,0,1,0,2,0,0,0,0,N,N,N
2012-10-05 00:00:00,E,E-1,27152643,197,4,A,13331,17,GAIU00,8173,2012-10-05 06:41:14,2012-10-05 06:40:50,27,25,0,0,7,0,0,0,0,0,0,0,0,0,0,0,0,N,N,N
2012-10-05 00:00:00,E,E-1,27152643,197,4,A,13331,18,CIPO00,8699,2012-10-05 06:42:20,2012-10-05 06:41:41,27,25,0,0,7,0,0,0,0,0,0,0,0,0,0,0,0,N,N,N
2012-10-05 00:00:00,E,E-1,27152643,197,4,A,13331,19,PPAL00,9007,2012-10-05 06:42:56,2012-10-05 06:42:14,27,25,0,0,7,0,0,0,0,0,0,0,0,0,0,0,0,N,N,N
2012-10-05 00:00:00,E,E-1,27152643,197,4,A,13331,20,NAIS00,9482,2012-10-05 06:43:52,2012-10-05 06:42:56,27,25,0,0,7,0,0,0,0,0,0,0,0,0,0,0,0,N,N,N
2012-10-05 00:00:00,E,E-1,27152643,197,4,A,13331,21,MARG00,9740,2012-10-05 06:44:22,2012-10-05 06:43:24,27,25,0,0,7,0,0,0,0,0,0,0,0,0,0,0,0,N,N,N
2012-10-05 00:00:00,E,E-1,27152643,197,4,A,13331,22,ANRS00,10227,2012-10-05 06:45:20,2012-10-05 06:44:19,27,25,0,0,7,0,0,0,0,0,0,0,0,0,0,0,0,N,N,N
2012-10-05 00:00:00,E,E-1,27152643,197,4,A,13331,23,CRBS00,10777,2012-10-05 06:46:23,2012-10-05 06:45:14,27,25,0,0,7,0,0,0,0,0,0,0,0,0,0,0,0,N,N,N
2012-10-05 00:00:00,E,E-1,27152643,197,4,A,13331,24,CHVA00,11083,2012-10-05 06:46:59,2012-10-05 06:45:42,27,25,0,0,7,0,0,0,0,0,0,0,0,0,0,0,0,N,N,N
2012-10-05 00:00:00,E,E-1,27152643,197,4,A,13331,25,SSCH00,11549,2012-10-05 06:47:53,2012-10-05 06:46:37,27,25,0,1,6,0,0,0,1,0,0,0,0,0,0,0,0,N,N,N
2012-10-05 00:00:00,E,E-1,27152643,197,4,A,13331,26,GRAV00,11835,2012-10-05 06:48:26,2012-10-05 06:47:11,27,25,0,0,6,0,0,0,0,0,0,0,0,0,0,0,0,N,N,N
2012-10-05 00:00:00,E,E-1,27152643,197,4,A,13331,27,VLLA00,12373,2012-10-05 06:49:28,2012-10-05 06:48:17,27,25,0,1,5,0,1,0,0,0,0,0,0,0,0,0,0,N,Y,Y
2012-10-05 00:00:00,E,E-1,27152643,197,4,A,13331,28,TRIZ00,12772,2012-10-05 06:50:15,2012-10-05 06:49:02,27,25,0,0,5,0,0,0,0,0,0,0,0,0,0,0,0,N,N,N
2012-10-05 00:00:00,E,E-1,27152643,197,4,A,13331,29,HERM00,13331,2012-10-05 06:51:20,2012-10-05 06:49:55,27,25,0,3,2,0,0,0,2,0,1,0,0,0,0,0,0,N,N,N
2012-10-05 00:00:00,E,E-1,27152644,197,7,R,13561,1,HERM00,0,2012-10-05 06:59:00,2012-10-05 06:59:00,156,145,32,0,32,8,0,13,0,8,0,3,0,0,0,0,0,N,N,N
2012-10-05 00:00:00,E,E-1,27152644,197,7,R,13561,2,TRIZ01,578,2012-10-05 07:00:21,2012-10-05 07:00:29,156,145,2,0,34,0,0,2,0,0,0,0,0,0,0,0,0,N,N,N
2012-10-05 00:00:00,E,E-1,27152644,197,7,R,13561,3,VLLA01,1057,2012-10-05 07:01:29,2012-10-05 07:01:17,156,145,0,0,34,0,0,0,0,0,0,0,0,0,0,0,0,N,N,N
2012-10-05 00:00:00,E,E-1,27152644,197,7,R,13561,4,GRAV01,1523,2012-10-05 07:02:35,2012-10-05 07:02:10,156,145,2,0,36,0,0,1,0,1,0,0,0,0,0,0,0,N,N,N
2012-10-05 00:00:00,E,E-1,27152644,197,7,R,13561,5,SSCH01,1836,2012-10-05 07:03:20,2012-10-05 07:03:04,156,145,5,0,41,4,0,0,0,1,0,0,0,0,0,0,0,N,N,N
2012-10-05 00:00:00,E,E-1,27152644,197,7,R,13561,6,CHVA01,2438,2012-10-05 07:04:45,2012-10-05 07:04:09,156,145,1,0,42,0,0,1,0,0,0,0,0,0,0,0,0,N,N,N
2012-10-05 00:00:00,E,E-1,27152644,197,7,R,13561,7,CRBS01,2748,2012-10-05 07:05:29,2012-10-05 07:04:50,156,145,0,0,42,0,0,0,0,0,0,0,0,0,0,0,0,N,N,N
2012-10-05 00:00:00,E,E-1,27152644,197,7,R,13561,8,ANRS01,3247,2012-10-05 07:06:40,2012-10-05 07:06:00,156,145,7,0,49,2,0,4,0,1,0,0,0,0,0,0,0,N,N,N
2012-10-05 00:00:00,E,E-1,27152644,197,7,R,13561,9,MARG01,3744,2012-10-05 07:07:54,2012-10-05 07:07:08,156,145,4,0,53,0,0,3,0,1,0,0,0,0,0,0,0,N,N,N
2012-10-05 00:00:00,E,E-1,27152644,197,7,R,13561,10,NAIS01,4009,2012-10-05 07:08:34,2012-10-05 07:07:53,156,145,3,0,56,0,0,2,0,1,0,0,0,0,0,0,0,N,N,N
2012-10-05 00:00:00,E,E-1,27152644,197,7,R,13561,11,PPAL01,4525,2012-10-05 07:09:51,2012-10-05 07:08:40,156,145,0,0,56,0,0,0,0,0,0,0,0,0,0,0,0,N,N,N
2012-10-05 00:00:00,E,E-1,27152644,197,7,R,13561,12,CIPO01,4846,2012-10-05 07:10:40,2012-10-05 07:09:31,156,145,9,0,65,0,0,5,0,3,0,1,0,0,0,0,0,N,N,N
2012-10-05 00:00:00,E,E-1,27152644,197,7,R,13561,13,GAIU01,5314,2012-10-05 07:11:48,2012-10-05 07:10:30,156,145,5,0,70,1,0,0,0,0,0,4,0,0,0,0,0,N,N,N
2012-10-05 00:00:00,E,E-1,27152644,197,7,R,13561,14,SVON01,5676,2012-10-05 07:12:40,2012-10-05 07:11:24,156,145,2,1,71,0,0,2,0,0,1,0,0,0,0,0,0,N,N,N
2012-10-05 00:00:00,E,E-1,27152644,197,7,R,13561,15,RSMA01,5895,,2012-10-05 07:12:04,156,145,1,0,72,0,0,0,0,1,0,0,0,0,0,0,0,N,Y,Y
2012-10-05 00:00:00,E,E-1,27152644,197,7,R,13561,16,CLGE01,6221,2012-10-05 07:14:00,2012-10-05 07:13:04,156,145,10,1,81,1,0,2,1,6,0,1,0,0,0,0,0,N,N,N
2012-10-05 00:00:00,E,E-1,27152644,197,7,R,13561,17,BELL01,6596,2012-10-05 07:15:01,2012-10-05 07:14:03,156,145,6,0,87,2,0,3,0,1,0,0,0,0,0,0,0,N,N,N
2012-10-05 00:00:00,E,E-1,27152644,197,7,R,13561,18,BOCA01,6955,2012-10-05 07:16:00,2012-10-05 07:14:47,156,145,0,0,87,0,0,0,0,0,0,0,0,0,0,0,0,N,N,N
2012-10-05 00:00:00,E,E-1,27152644,197,7,R,13561,19,BISE01,7529,2012-10-05 07:17:58,2012-10-05 07:15:58,156,145,2,0,89,1,0,1,0,0,0,0,0,0,0,0,0,N,N,N
2012-10-05 00:00:00,E,E-1,27152644,197,7,R,13561,20,VSNA01,7925,2012-10-05 07:19:20,2012-10-05 07:21:39,156,145,15,2,102,6,1,3,0,2,0,4,1,0,0,0,0,N,Y,Y
2012-10-05 00:00:00,E,E-1,27152644,197,7,R,13561,21,BLTE01,8640,2012-10-05 07:20:47,2012-10-05 07:23:26,156,145,2,3,101,0,1,0,0,2,2,0,0,0,0,0,0,N,N,N
2012-10-05 00:00:00,E,E-1,27152644,197,7,R,13561,22,BOIS01,8904,2012-10-05 07:21:20,2012-10-05 07:23:44,156,145,0,0,101,0,0,0,0,0,0,0,0,0,0,0,0,N,N,N
2012-10-05 00:00:00,E,E-1,27152644,197,7,R,13561,23,RUTH01,9684,2012-10-05 07:22:56,2012-10-05 07:24:55,156,145,0,0,101,0,0,0,0,0,0,0,0,0,0,0,0,N,N,N
2012-10-05 00:00:00,E,E-1,27152644,197,7,R,13561,24,TCRE01,10003,2012-10-05 07:23:35,2012-10-05 07:25:20,156,145,0,0,101,0,0,0,0,0,0,0,0,0,0,0,0,N,N,N
2012-10-05 00:00:00,E,E-1,27152644,197,7,R,13561,25,MGRE01,10424,2012-10-05 07:24:27,2012-10-05 07:26:09,156,145,0,0,101,0,0,0,0,0,0,0,0,0,0,0,0,N,N,N
2012-10-05 00:00:00,E,E-1,27152644,197,7,R,13561,26,CRIG01,11079,2012-10-05 07:25:48,2012-10-05 07:26:54,156,145,0,0,101,0,0,0,0,0,0,0,0,0,0,0,0,N,N,N
2012-10-05 00:00:00,E,E-1,27152644,197,7,R,13561,27,PLGE03,11664,2012-10-05 07:27:00,2012-10-05 07:28:56,156,145,14,26,89,3,6,5,15,2,4,4,1,0,0,0,0,N,N,N
2012-10-05 00:00:00,E,E-1,27152644,197,7,R,13561,28,AUBI00,12646,2012-10-05 07:31:29,2012-10-05 07:31:30,156,145,8,2,95,2,0,4,1,1,0,1,1,0,0,0,0,N,N,N
2012-10-05 00:00:00,E,E-1,27152644,197,7,R,13561,29,VOLL00,12830,2012-10-05 07:32:19,2012-10-05 07:32:26,156,145,5,5,95,2,3,3,2,0,0,0,0,0,0,0,0,N,N,N
2012-10-05 00:00:00,E,E-1,27152644,197,7,R,13561,30,RLAC00,13124,2012-10-05 07:33:40,2012-10-05 07:33:37,156,145,5,5,95,0,0,2,5,3,0,0,0,0,0,0,0,N,N,N
2012-10-05 00:00:00,E,E-1,27152644,197,7,R,13561,31,PLEV00,13355,2012-10-05 07:34:43,2012-10-05 07:36:15,156,145,16,25,86,2,2,7,10,3,10,4,3,0,0,0,0,N,N,N
2012-10-05 00:00:00,E,E-1,27152644,197,7,R,13561,32,RIVE04,13561,2012-10-05 07:35:40,2012-10-05 07:37:20,156,145,0,75,11,0,18,0,22,0,19,0,16,0,0,0,0,N,N,N
2012-10-05 00:00:00,G,G-27,27153162,197,55,A,12759,1,RIVE03,0,2012-10-05 12:11:00,2012-10-05 12:11:09,26,28,24,2,22,5,2,3,0,7,0,9,0,0,0,0,0,N,N,N
2012-10-05 00:00:00,G,G-27,27153162,197,55,A,12759,2,VOLL02,599,2012-10-05 12:12:41,2012-10-05 12:13:42,26,28,1,0,23,0,0,1,0,0,0,0,0,0,0,0,0,N,N,N
2012-10-05 00:00:00,G,G-27,27153162,197,55,A,12759,3,PLGE01,1773,2012-10-05 12:16:00,2012-10-05 12:15:32,26,28,0,0,23,0,0,0,0,0,0,0,0,0,0,0,0,N,N,N
2012-10-05 00:00:00,G,G-27,27153162,197,55,A,12759,4,CRIG00,2429,2012-10-05 12:17:01,2012-10-05 12:16:57,26,28,0,0,23,0,0,0,0,0,0,0,0,0,0,0,0,N,N,N
2012-10-05 00:00:00,G,G-27,27153162,197,55,A,12759,5,MGRE00,3071,2012-10-05 12:18:02,2012-10-05 12:17:38,26,28,0,0,23,0,0,0,0,0,0,0,0,0,0,0,0,N,N,N
2012-10-05 00:00:00,G,G-27,27153162,197,55,A,12759,6,TCRE00,3512,2012-10-05 12:18:44,2012-10-05 12:18:13,26,28,0,0,23,0,0,0,0,0,0,0,0,0,0,0,0,N,N,N
2012-10-05 00:00:00,G,G-27,27153162,197,55,A,12759,7,RUTH00,3855,2012-10-05 12:19:16,2012-10-05 12:18:40,26,28,0,0,23,0,0,0,0,0,0,0,0,0,0,0,0,N,N,N
2012-10-05 00:00:00,G,G-27,27153162,197,55,A,12759,8,BOIS00,4602,2012-10-05 12:20:26,2012-10-05 12:19:59,26,28,0,0,23,0,0,0,0,0,0,0,0,0,0,0,0,N,N,N
2012-10-05 00:00:00,G,G-27,27153162,197,55,A,12759,9,BLTE00,4952,2012-10-05 12:20:59,2012-10-05 12:20:25,26,28,0,0,23,0,0,0,0,0,0,0,0,0,0,0,0,N,N,N
2012-10-05 00:00:00,G,G-27,27153162,197,55,A,12759,10,VSNA00,5376,2012-10-05 12:21:40,2012-10-05 12:21:21,26,28,0,0,23,0,0,0,0,0,0,0,0,0,0,0,0,N,N,N
2012-10-05 00:00:00,G,G-27,27153162,197,55,A,12759,11,MANC00,6064,2012-10-05 12:23:29,2012-10-05 12:23:32,26,28,0,4,19,0,1,0,0,0,1,0,2,0,0,0,0,N,N,N
2012-10-05 00:00:00,G,G-27,27153162,197,55,A,12759,12,PETR00,6449,2012-10-05 12:24:30,2012-10-05 12:24:22,26,28,0,2,17,0,0,0,1,0,1,0,0,0,0,0,0,N,N,N
2012-10-05 00:00:00,G,G-27,27153162,197,55,A,12759,13,BOGA00,6938,2012-10-05 12:25:47,2012-10-05 12:25:09,26,28,0,0,17,0,0,0,0,0,0,0,0,0,0,0,0,N,N,N
2012-10-05 00:00:00,G,G-27,27153162,197,55,A,12759,14,PLLT00,7266,2012-10-05 12:26:40,2012-10-05 12:25:47,26,28,0,9,8,0,3,0,2,0,2,0,2,0,0,0,0,N,N,N
2012-10-05 00:00:00,G,G-27,27153162,197,55,A,12759,15,LADA00,7691,2012-10-05 12:27:26,2012-10-05 12:26:31,26,28,0,0,8,0,0,0,0,0,0,0,0,0,0,0,0,N,N,N
2012-10-05 00:00:00,G,G-27,27153162,197,55,A,12759,16,REPE00,8247,2012-10-05 12:28:26,2012-10-05 12:27:24,26,28,1,0,9,0,0,0,0,1,0,0,0,0,0,0,0,N,N,N
2012-10-05 00:00:00,G,G-27,27153162,197,55,A,12759,17,SOLE00,8855,2012-10-05 12:29:32,2012-10-05 12:28:36,26,28,0,3,6,0,0,0,1,0,2,0,0,0,0,0,0,N,N,N
2012-10-05 00:00:00,G,G-27,27153162,197,55,A,12759,18,MNEU00,9105,2012-10-05 12:30:00,2012-10-05 12:29:26,26,28,0,1,5,0,0,0,1,0,0,0,0,0,0,0,0,N,N,N
2012-10-05 00:00:00,G,G-27,27153162,197,55,A,12759,19,CIVI00,9749,2012-10-05 12:31:40,2012-10-05 12:31:54,26,28,0,1,4,0,0,0,1,0,0,0,0,0,0,0,0,N,N,N
2012-10-05 00:00:00,G,G-27,27153162,197,55,A,12759,20,MNEU99,10304,2012-10-05 12:32:43,2012-10-05 12:33:23,26,28,0,0,4,0,0,0,0,0,0,0,0,0,0,0,0,N,N,N
2012-10-05 00:00:00,G,G-27,27153162,197,55,A,12759,21,ANDO00,11329,2012-10-05 12:34:40,2012-10-05 12:34:42,26,28,0,6,0,0,1,0,1,0,2,0,2,0,0,0,0,N,Y,N
2012-10-05 00:00:00,G,G-27,27153163,197,57,R,12656,1,PRVG02,0,2012-10-05 12:53:00,2012-10-05 12:52:09,84,86,5,0,5,2,0,2,0,0,0,1,0,0,0,0,0,N,N,Y
2012-10-05 00:00:00,G,G-27,27153163,197,57,R,12656,2,_DOANS,730,2012-10-05 12:54:16,2012-10-05 12:53:49,84,86,0,0,5,0,0,0,0,0,0,0,0,0,0,0,0,N,Y,N
2012-10-05 00:00:00,G,G-27,27153163,197,57,R,12656,3,ANDO01,1397,2012-10-05 12:55:26,2012-10-05 12:54:45,84,86,3,0,8,1,0,2,0,0,0,0,0,0,0,0,0,N,N,Y
2012-10-05 00:00:00,G,G-27,27153163,197,57,R,12656,4,MNEU98,2268,2012-10-05 12:56:57,2012-10-05 12:56:17,84,86,1,0,9,0,0,1,0,0,0,0,0,0,0,0,0,N,N,N
2012-10-05 00:00:00,G,G-27,27153163,197,57,R,12656,5,CIVI00,2860,2012-10-05 12:58:00,2012-10-05 12:58:04,84,86,14,0,23,3,0,7,0,3,0,1,0,0,0,0,0,N,N,N
2012-10-05 00:00:00,G,G-27,27153163,197,57,R,12656,6,MNEU01,3407,2012-10-05 12:59:09,2012-10-05 12:59:52,84,86,1,0,24,1,0,0,0,0,0,0,0,0,0,0,0,N,N,N
2012-10-05 00:00:00,G,G-27,27153163,197,57,R,12656,7,SOLE01,3723,2012-10-05 12:59:49,2012-10-05 13:00:54,84,86,2,0,26,0,0,0,0,2,0,0,0,0,0,0,0,N,N,N
2012-10-05 00:00:00,G,G-27,27153163,197,57,R,12656,8,REPE01,4297,2012-10-05 13:01:02,2012-10-05 13:01:55,84,86,0,0,26,0,0,0,0,0,0,0,0,0,0,0,0,N,N,N
2012-10-05 00:00:00,G,G-27,27153163,197,57,R,12656,9,LADA01,4910,2012-10-05 13:02:20,2012-10-05 13:02:56,84,86,2,0,28,0,0,1,0,1,0,0,0,0,0,0,0,N,N,N
2012-10-05 00:00:00,G,G-27,27153163,197,57,R,12656,10,PLLT01,5321,2012-10-05 13:03:40,2012-10-05 13:04:05,84,86,7,1,34,0,0,2,1,2,0,3,0,0,0,0,0,N,N,N
2012-10-05 00:00:00,G,G-27,27153163,197,57,R,12656,11,BOGA01,5641,2012-10-05 13:04:32,2012-10-05 13:05:02,84,86,1,0,35,0,0,1,0,0,0,0,0,0,0,0,0,N,N,N
2012-10-05 00:00:00,G,G-27,27153163,197,57,R,12656,12,PETR01,6181,2012-10-05 13:06:01,2012-10-05 13:06:19,84,86,7,0,42,0,0,3,0,4,0,0,0,0,0,0,0,N,N,N
2012-10-05 00:00:00,G,G-27,27153163,197,57,R,12656,13,MANC01,6519,2012-10-05 13:06:57,2012-10-05 13:07:12,84,86,8,0,50,2,0,3,0,3,0,0,0,0,0,0,0,N,N,N
2012-10-05 00:00:00,G,G-27,27153163,197,57,R,12656,14,VSNA01,7020,2012-10-05 13:08:20,2012-10-05 13:09:27,84,86,26,3,73,5,1,12,0,8,1,1,1,0,0,0,0,N,Y,Y
2012-10-05 00:00:00,G,G-27,27153163,197,57,R,12656,15,BLTE01,7735,2012-10-05 13:09:44,2012-10-05 13:10:55,84,86,0,0,73,0,0,0,0,0,0,0,0,0,0,0,0,N,N,N
2012-10-05 00:00:00,G,G-27,27153163,197,57,R,12656,16,BOIS01,7999,2012-10-05 13:10:15,2012-10-05 13:11:13,84,86,0,0,73,0,0,0,0,0,0,0,0,0,0,0,0,N,N,N
2012-10-05 00:00:00,G,G-27,27153163,197,57,R,12656,17,RUTH01,8779,2012-10-05 13:11:46,2012-10-05 13:12:17,84,86,0,0,73,0,0,0,0,0,0,0,0,0,0,0,0,N,N,N
2012-10-05 00:00:00,G,G-27,27153163,197,57,R,12656,18,TCRE01,9098,2012-10-05 13:12:24,2012-10-05 13:12:39,84,86,0,0,73,0,0,0,0,0,0,0,0,0,0,0,0,N,N,N
2012-10-05 00:00:00,G,G-27,27153163,197,57,R,12656,19,MGRE01,9519,2012-10-05 13:13:14,2012-10-05 13:13:05,84,86,0,0,73,0,0,0,0,0,0,0,0,0,0,0,0,N,N,N
2012-10-05 00:00:00,G,G-27,27153163,197,57,R,12656,20,CRIG01,10174,2012-10-05 13:14:31,2012-10-05 13:13:46,84,86,0,0,73,0,0,0,0,0,0,0,0,0,0,0,0,N,N,N
2012-10-05 00:00:00,G,G-27,27153163,197,57,R,12656,21,PLGE03,10759,2012-10-05 13:15:40,2012-10-05 13:15:15,84,86,1,1,73,0,0,0,0,0,0,1,1,0,0,0,0,N,N,N
2012-10-05 00:00:00,G,G-27,27153163,197,57,R,12656,22,AUBI00,11741,2012-10-05 13:19:27,2012-10-05 13:17:46,84,86,0,2,71,0,0,0,0,0,1,0,1,0,0,0,0,N,Y,N
2012-10-05 00:00:00,G,G-27,27153163,197,57,R,12656,23,VOLL00,11925,2012-10-05 13:20:10,2012-10-05 13:18:31,84,86,2,8,65,0,0,2,8,0,0,0,0,0,0,0,0,N,N,Y
2012-10-05 00:00:00,G,G-27,27153163,197,57,R,12656,24,RLAC00,12219,2012-10-05 13:21:18,2012-10-05 13:19:34,84,86,0,6,59,0,0,0,3,0,1,0,2,0,0,0,0,N,N,N
2012-10-05 00:00:00,G,G-27,27153163,197,57,R,12656,25,PLEV00,12450,2012-10-05 13:22:12,2012-10-05 13:22:15,84,86,4,15,48,1,4,3,8,0,3,0,0,0,0,0,0,N,N,N
2012-10-05 00:00:00,G,G-27,27153163,197,57,R,12656,26,RIVE04,12656,2012-10-05 13:23:00,2012-10-05 13:24:08,84,86,0,50,0,0,7,0,17,0,13,0,13,0,0,0,0,N,N,N
2012-10-05 00:00:00,G,G-27,27153165,197,55,A,12759,1,RIVE03,0,2012-10-05 13:41:00,2012-10-05 13:40:54,57,46,45,0,45,5,0,8,0,11,0,21,0,0,0,0,0,N,N,N
2012-10-05 00:00:00,G,G-27,27153165,197,55,A,12759,2,VOLL02,599,2012-10-05 13:42:48,2012-10-05 13:43:35,57,46,1,0,46,0,0,1,0,0,0,0,0,0,0,0,0,N,N,N
2012-10-05 00:00:00,G,G-27,27153165,197,55,A,12759,3,PLGE01,1773,2012-10-05 13:46:20,2012-10-05 13:46:01,57,46,3,0,49,0,0,0,0,0,0,3,0,0,0,0,0,N,N,N
2012-10-05 00:00:00,G,G-27,27153165,197,55,A,12759,4,CRIG00,2429,2012-10-05 13:47:25,2012-10-05 13:46:56,57,46,0,0,49,0,0,0,0,0,0,0,0,0,0,0,0,N,N,N
2012-10-05 00:00:00,G,G-27,27153165,197,55,A,12759,5,MGRE00,3071,2012-10-05 13:48:29,2012-10-05 13:47:47,57,46,0,1,48,0,1,0,0,0,0,0,0,0,0,0,0,N,N,N
2012-10-05 00:00:00,G,G-27,27153165,197,55,A,12759,6,TCRE00,3512,2012-10-05 13:49:13,2012-10-05 13:48:41,57,46,2,0,50,0,0,2,0,0,0,0,0,0,0,0,0,N,N,N
2012-10-05 00:00:00,G,G-27,27153165,197,55,A,12759,7,RUTH00,3855,2012-10-05 13:49:48,2012-10-05 13:49:28,57,46,0,1,49,0,1,0,0,0,0,0,0,0,0,0,0,N,N,N
2012-10-05 00:00:00,G,G-27,27153165,197,55,A,12759,8,BOIS00,4602,2012-10-05 13:51:02,2012-10-05 13:50:52,57,46,0,0,49,0,0,0,0,0,0,0,0,0,0,0,0,N,N,N
2012-10-05 00:00:00,G,G-27,27153165,197,55,A,12759,9,BLTE00,4952,2012-10-05 13:51:37,2012-10-05 13:51:26,57,46,0,0,49,0,0,0,0,0,0,0,0,0,0,0,0,N,N,N
2012-10-05 00:00:00,G,G-27,27153165,197,55,A,12759,10,VSNA00,5376,2012-10-05 13:52:20,2012-10-05 13:54:29,57,46,5,11,43,3,3,2,1,0,2,0,5,0,0,0,0,N,N,N
2012-10-05 00:00:00,G,G-27,27153165,197,55,A,12759,11,MANC00,6064,2012-10-05 13:53:54,2012-10-05 13:56:25,57,46,0,1,42,0,1,0,0,0,0,0,0,0,0,0,0,N,N,N
2012-10-05 00:00:00,G,G-27,27153165,197,55,A,12759,12,PETR00,6449,2012-10-05 13:54:47,2012-10-05 13:57:19,57,46,0,0,42,0,0,0,0,0,0,0,0,0,0,0,0,N,N,N
2012-10-05 00:00:00,G,G-27,27153165,197,55,A,12759,13,BOGA00,6938,2012-10-05 13:55:54,2012-10-05 13:58:09,57,46,0,1,41,0,1,0,0,0,0,0,0,0,0,0,0,N,N,N
2012-10-05 00:00:00,G,G-27,27153165,197,55,A,12759,14,PLLT00,7266,2012-10-05 13:56:40,2012-10-05 13:58:54,57,46,0,1,40,0,0,0,0,0,1,0,0,0,0,0,0,N,N,N
2012-10-05 00:00:00,G,G-27,27153165,197,55,A,12759,15,LADA00,7691,2012-10-05 13:57:26,2012-10-05 13:59:42,57,46,0,0,40,0,0,0,0,0,0,0,0,0,0,0,0,N,N,N
2012-10-05 00:00:00,G,G-27,27153165,197,55,A,12759,16,REPE00,8247,2012-10-05 13:58:26,2012-10-05 14:00:28,57,46,0,0,40,0,0,0,0,0,0,0,0,0,0,0,0,N,N,N
2012-10-05 00:00:00,G,G-27,27153165,197,55,A,12759,17,SOLE00,8855,2012-10-05 13:59:32,2012-10-05 14:02:06,57,46,0,2,38,0,1,0,0,0,1,0,0,0,0,0,0,N,N,N
2012-10-05 00:00:00,G,G-27,27153165,197,55,A,12759,18,MNEU00,9105,2012-10-05 14:00:00,2012-10-05 14:02:56,57,46,0,0,38,0,0,0,0,0,0,0,0,0,0,0,0,N,N,N
2012-10-05 00:00:00,G,G-27,27153165,197,55,A,12759,19,CIVI00,9749,2012-10-05 14:01:40,2012-10-05 14:04:45,57,46,1,21,18,0,0,0,9,0,6,1,6,0,0,0,0,N,N,N
2012-10-05 00:00:00,G,G-27,27153165,197,55,A,12759,20,MNEU99,10304,2012-10-05 14:02:43,2012-10-05 14:06:02,57,46,0,0,18,0,0,0,0,0,0,0,0,0,0,0,0,N,N,N
2012-10-05 00:00:00,G,G-27,27153165,197,55,A,12759,21,ANDO00,11329,2012-10-05 14:04:40,2012-10-05 14:07:27,57,46,0,7,11,0,0,0,4,0,1,0,2,0,0,0,0,N,Y,N
2012-10-05 00:00:00,G,G-27,27153166,197,59,R,13302,1,PRVG02,0,2012-10-05 14:22:00,2012-10-05 14:21:19,63,73,4,0,4,1,0,1,0,2,0,0,0,0,0,0,0,N,N,Y
2012-10-05 00:00:00,G,G-27,27153166,197,59,R,13302,2,_DOANS,730,2012-10-05 14:23:16,2012-10-05 14:22:45,63,73,0,0,4,0,0,0,0,0,0,0,0,0,0,0,0,N,N,N
2012-10-05 00:00:00,G,G-27,27153166,197,59,R,13302,3,ANDO01,1397,2012-10-05 14:24:26,2012-10-05 14:23:40,63,73,0,0,4,0,0,0,0,0,0,0,0,0,0,0,0,N,N,N
2012-10-05 00:00:00,G,G-27,27153166,197,59,R,13302,4,MNEU98,2268,2012-10-05 14:25:57,2012-10-05 14:25:11,63,73,0,0,4,0,0,0,0,0,0,0,0,0,0,0,0,N,Y,N
2012-10-05 00:00:00,G,G-27,27153166,197,59,R,13302,5,CIVI00,2860,2012-10-05 14:27:00,2012-10-05 14:27:22,63,73,2,0,6,0,0,2,0,0,0,0,0,0,0,0,0,N,N,Y
2012-10-05 00:00:00,G,G-27,27153166,197,59,R,13302,6,MNEU01,3407,2012-10-05 14:28:13,2012-10-05 14:28:52,63,73,2,0,8,0,0,2,0,0,0,0,0,0,0,0,0,N,N,N
2012-10-05 00:00:00,G,G-27,27153166,197,59,R,13302,7,SOLE01,3723,2012-10-05 14:28:55,2012-10-05 14:29:41,63,73,0,0,8,0,0,0,0,0,0,0,0,0,0,0,0,N,N,N
2012-10-05 00:00:00,G,G-27,27153166,197,59,R,13302,8,REPE01,4297,2012-10-05 14:30:11,2012-10-05 14:30:53,63,73,16,0,24,9,0,4,0,3,0,0,0,0,0,0,0,N,N,N
2012-10-05 00:00:00,G,G-27,27153166,197,59,R,13302,9,LADA02,4807,2012-10-05 14:31:20,2012-10-05 14:31:29,63,73,0,0,24,0,0,0,0,0,0,0,0,0,0,0,0,N,N,N
2012-10-05 00:00:00,G,G-27,27153166,197,59,R,13302,10,SMAU00,5185,2012-10-05 14:32:20,2012-10-05 14:32:15,63,73,0,0,24,0,0,0,0,0,0,0,0,0,0,0,0,N,N,N
2012-10-05 00:00:00,G,G-27,27153166,197,59,R,13302,11,PLLT01,5967,2012-10-05 14:34:20,2012-10-05 14:34:16,63,73,5,0,29,0,0,4,0,1,0,0,0,0,0,0,0,N,N,N
2012-10-05 00:00:00,G,G-27,27153166,197,59,R,13302,12,BOGA01,6287,2012-10-05 14:35:12,2012-10-05 14:34:49,63,73,0,0,29,0,0,0,0,0,0,0,0,0,0,0,0,N,N,N
2012-10-05 00:00:00,G,G-27,27153166,197,59,R,13302,13,PETR01,6827,2012-10-05 14:36:41,2012-10-05 14:35:54,63,73,5,0,34,0,0,1,0,3,0,1,0,0,0,0,0,N,N,N
2012-10-05 00:00:00,G,G-27,27153166,197,59,R,13302,14,MANC01,7165,2012-10-05 14:37:37,2012-10-05 14:36:47,63,73,1,0,35,0,0,0,0,1,0,0,0,0,0,0,0,N,N,N
2012-10-05 00:00:00,G,G-27,27153166,197,59,R,13302,15,VSNA01,7666,2012-10-05 14:39:00,2012-10-05 14:40:27,63,73,18,6,47,1,2,8,1,5,2,4,1,0,0,0,0,N,Y,Y
2012-10-05 00:00:00,G,G-27,27153166,197,59,R,13302,16,BLTE01,8381,2012-10-05 14:40:20,2012-10-05 14:42:03,63,73,0,0,47,0,0,0,0,0,0,0,0,0,0,0,0,N,N,N
2012-10-05 00:00:00,G,G-27,27153166,197,59,R,13302,17,BOIS01,8645,2012-10-05 14:40:49,2012-10-05 14:42:21,63,73,0,0,47,0,0,0,0,0,0,0,0,0,0,0,0,N,N,N
2012-10-05 00:00:00,G,G-27,27153166,197,59,R,13302,18,RUTH01,9425,2012-10-05 14:42:17,2012-10-05 14:43:14,63,73,0,0,47,0,0,0,0,0,0,0,0,0,0,0,0,N,N,N
2012-10-05 00:00:00,G,G-27,27153166,197,59,R,13302,19,TCRE01,9744,2012-10-05 14:42:53,2012-10-05 14:43:36,63,73,0,0,47,0,0,0,0,0,0,0,0,0,0,0,0,N,N,N
2012-10-05 00:00:00,G,G-27,27153166,197,59,R,13302,20,MGRE01,10165,2012-10-05 14:43:40,2012-10-05 14:44:05,63,73,0,0,47,0,0,0,0,0,0,0,0,0,0,0,0,N,N,N
2012-10-05 00:00:00,G,G-27,27153166,197,59,R,13302,21,CRIG01,10820,2012-10-05 14:44:54,2012-10-05 14:44:45,63,73,0,0,47,0,0,0,0,0,0,0,0,0,0,0,0,N,N,N
2012-10-05 00:00:00,G,G-27,27153166,197,59,R,13302,22,PLGE03,11405,2012-10-05 14:46:00,2012-10-05 14:46:38,63,73,0,3,44,0,0,0,0,0,2,0,1,0,0,0,0,N,N,N
2012-10-05 00:00:00,G,G-27,27153166,197,59,R,13302,23,AUBI00,12387,2012-10-05 14:49:47,2012-10-05 14:48:46,63,73,1,0,45,1,0,0,0,0,0,0,0,0,0,0,0,N,Y,N
2012-10-05 00:00:00,G,G-27,27153166,197,59,R,13302,24,VOLL00,12571,2012-10-05 14:50:30,2012-10-05 14:49:33,63,73,4,5,44,4,1,0,4,0,0,0,0,0,0,0,0,N,N,Y
2012-10-05 00:00:00,G,G-27,27153166,197,59,R,13302,25,RLAC00,12865,,2012-10-05 14:50:35,63,73,4,2,46,2,1,1,0,1,0,0,1,0,0,0,0,N,Y,Y
2012-10-05 00:00:00,G,G-27,27153166,197,59,R,13302,26,PLEV00,13096,2012-10-05 14:52:32,2012-10-05 14:52:50,63,73,1,19,28,1,5,0,7,0,7,0,0,0,0,0,0,N,N,N
2012-10-05 00:00:00,G,G-27,27153166,197,59,R,13302,27,RIVE04,13302,2012-10-05 14:53:20,2012-10-05 14:55:46,63,73,0,38,0,0,16,0,12,0,4,0,6,0,0,0,0,N,N,N
2012-10-05 00:00:00,G,G-27,27153168,197,55,A,12759,1,RIVE03,0,2012-10-05 15:12:00,2012-10-05 15:12:14,54,47,45,0,45,9,0,11,0,14,0,11,0,0,0,0,0,N,N,N
2012-10-05 00:00:00,G,G-27,27153168,197,55,A,12759,2,VOLL02,599,2012-10-05 15:13:48,2012-10-05 15:15:49,54,47,1,0,46,0,0,1,0,0,0,0,0,0,0,0,0,N,N,N
2012-10-05 00:00:00,G,G-27,27153168,197,55,A,12759,3,PLGE01,1773,2012-10-05 15:17:20,2012-10-05 15:18:23,54,47,1,1,46,0,0,0,0,1,1,0,0,0,0,0,0,N,N,N
2012-10-05 00:00:00,G,G-27,27153168,197,55,A,12759,4,CRIG00,2429,2012-10-05 15:18:29,2012-10-05 15:19:14,54,47,0,0,46,0,0,0,0,0,0,0,0,0,0,0,0,N,N,N
2012-10-05 00:00:00,G,G-27,27153168,197,55,A,12759,5,MGRE00,3071,2012-10-05 15:19:36,2012-10-05 15:19:53,54,47,0,0,46,0,0,0,0,0,0,0,0,0,0,0,0,N,N,N
2012-10-05 00:00:00,G,G-27,27153168,197,55,A,12759,6,TCRE00,3512,2012-10-05 15:20:23,2012-10-05 15:20:24,54,47,0,0,46,0,0,0,0,0,0,0,0,0,0,0,0,N,N,N
2012-10-05 00:00:00,G,G-27,27153168,197,55,A,12759,7,RUTH00,3855,2012-10-05 15:20:59,2012-10-05 15:20:48,54,47,0,0,46,0,0,0,0,0,0,0,0,0,0,0,0,N,N,N
2012-10-05 00:00:00,G,G-27,27153168,197,55,A,12759,8,BOIS00,4602,2012-10-05 15:22:18,2012-10-05 15:21:56,54,47,0,0,46,0,0,0,0,0,0,0,0,0,0,0,0,N,N,N
2012-10-05 00:00:00,G,G-27,27153168,197,55,A,12759,9,BLTE00,4952,2012-10-05 15:22:55,2012-10-05 15:22:29,54,47,0,0,46,0,0,0,0,0,0,0,0,0,0,0,0,N,N,N
2012-10-05 00:00:00,G,G-27,27153168,197,55,A,12759,10,VSNA00,5376,2012-10-05 15:23:40,2012-10-05 15:28:35,54,47,6,12,40,3,3,2,9,1,0,0,0,0,0,0,0,N,N,N
2012-10-05 00:00:00,G,G-27,27153168,197,55,A,12759,11,MANC00,6064,2012-10-05 15:25:29,2012-10-05 15:30:20,54,47,0,1,39,0,0,0,1,0,0,0,0,0,0,0,0,N,N,N
2012-10-05 00:00:00,G,G-27,27153168,197,55,A,12759,12,PETR00,6449,2012-10-05 15:26:30,2012-10-05 15:31:13,54,47,1,6,34,0,1,1,2,0,1,0,2,0,0,0,0,N,N,N
2012-10-05 00:00:00,G,G-27,27153168,197,55,A,12759,13,BOGA00,6938,2012-10-05 15:27:47,2012-10-05 15:32:09,54,47,0,1,33,0,0,0,0,0,0,0,1,0,0,0,0,N,N,N
2012-10-05 00:00:00,G,G-27,27153168,197,55,A,12759,14,PLLT00,7266,2012-10-05 15:28:40,2012-10-05 15:32:53,54,47,0,2,31,0,0,0,1,0,1,0,0,0,0,0,0,N,N,N
2012-10-05 00:00:00,G,G-27,27153168,197,55,A,12759,15,LADA00,7691,2012-10-05 15:29:26,2012-10-05 15:33:57,54,47,0,2,29,0,0,0,0,0,2,0,0,0,0,0,0,N,N,N
2012-10-05 00:00:00,G,G-27,27153168,197,55,A,12759,16,REPE00,8247,2012-10-05 15:30:26,2012-10-05 15:34:57,54,47,0,1,28,0,0,0,1,0,0,0,0,0,0,0,0,N,N,N
2012-10-05 00:00:00,G,G-27,27153168,197,55,A,12759,17,SOLE00,8855,2012-10-05 15:31:32,2012-10-05 15:35:59,54,47,0,2,26,0,0,0,2,0,0,0,0,0,0,0,0,N,N,N
2012-10-05 00:00:00,G,G-27,27153168,197,55,A,12759,18,MNEU00,9105,2012-10-05 15:32:00,2012-10-05 15:36:39,54,47,0,1,25,0,0,0,1,0,0,0,0,0,0,0,0,N,N,N
2012-10-05 00:00:00,G,G-27,27153168,197,55,A,12759,19,CIVI00,9749,2012-10-05 15:34:00,2012-10-05 15:40:00,54,47,0,9,16,0,4,0,3,0,2,0,0,0,0,0,0,N,N,N
2012-10-05 00:00:00,G,G-27,27153168,197,55,A,12759,20,MNEU99,10304,2012-10-05 15:35:03,2012-10-05 15:41:18,54,47,0,0,16,0,0,0,0,0,0,0,0,0,0,0,0,N,N,N
2012-10-05 00:00:00,G,G-27,27153168,197,55,A,12759,21,ANDO00,11329,2012-10-05 15:37:00,2012-10-05 15:42:50,54,47,0,9,7,0,3,0,0,0,4,0,2,0,0,0,0,N,Y,N
2012-10-05 00:00:00,G,G-27,27153169,197,57,R,12656,1,PRVG02,0,2012-10-05 15:50:00,2012-10-05 15:49:19,139,134,6,0,6,3,0,2,0,1,0,0,0,0,0,0,0,N,N,Y
2012-10-05 00:00:00,G,G-27,27153169,197,57,R,12656,2,_DOANS,730,2012-10-05 15:51:16,2012-10-05 15:52:11,139,134,0,0,6,0,0,0,0,0,0,0,0,0,0,0,0,N,Y,N
2012-10-05 00:00:00,G,G-27,27153169,197,57,R,12656,3,ANDO01,1397,2012-10-05 15:52:26,2012-10-05 15:53:07,139,134,2,0,8,1,0,1,0,0,0,0,0,0,0,0,0,N,N,Y
2012-10-05 00:00:00,G,G-27,27153169,197,57,R,12656,4,MNEU98,2268,2012-10-05 15:53:57,2012-10-05 15:54:38,139,134,8,0,16,0,0,7,0,1,0,0,0,0,0,0,0,N,N,N
2012-10-05 00:00:00,G,G-27,27153169,197,57,R,12656,5,CIVI00,2860,2012-10-05 15:55:00,2012-10-05 15:56:40,139,134,19,0,35,14,0,5,0,0,0,0,0,0,0,0,0,N,N,N
2012-10-05 00:00:00,G,G-27,27153169,197,57,R,12656,6,MNEU01,3407,2012-10-05 15:56:14,2012-10-05 15:58:19,139,134,1,1,35,0,0,1,1,0,0,0,0,0,0,0,0,N,N,N
2012-10-05 00:00:00,G,G-27,27153169,197,57,R,12656,7,SOLE01,3723,2012-10-05 15:56:57,2012-10-05 15:59:01,139,134,0,0,35,0,0,0,0,0,0,0,0,0,0,0,0,N,N,N
2012-10-05 00:00:00,G,G-27,27153169,197,57,R,12656,8,REPE01,4297,2012-10-05 15:58:16,2012-10-05 16:00:34,139,134,46,4,77,16,0,15,1,8,0,7,3,0,0,0,0,N,N,N
2012-10-05 00:00:00,G,G-27,27153169,197,57,R,12656,9,LADA01,4910,2012-10-05 15:59:40,2012-10-05 16:01:36,139,134,2,0,79,0,0,2,0,0,0,0,0,0,0,0,0,N,N,N
2012-10-05 00:00:00,G,G-27,27153169,197,57,R,12656,10,PLLT01,5321,2012-10-05 16:01:00,2012-10-05 16:02:49,139,134,17,1,95,4,0,4,1,6,0,3,0,0,0,0,0,N,N,N
2012-10-05 00:00:00,G,G-27,27153169,197,57,R,12656,11,BOGA01,5641,2012-10-05 16:01:52,2012-10-05 16:03:38,139,134,0,0,95,0,0,0,0,0,0,0,0,0,0,0,0,N,N,N
2012-10-05 00:00:00,G,G-27,27153169,197,57,R,12656,12,PETR01,6181,2012-10-05 16:03:21,2012-10-05 16:04:53,139,134,1,3,93,0,0,0,2,1,1,0,0,0,0,0,0,N,N,N
2012-10-05 00:00:00,G,G-27,27153169,197,57,R,12656,13,MANC01,6519,2012-10-05 16:04:17,2012-10-05 16:05:48,139,134,5,6,92,0,0,2,3,1,2,2,1,0,0,0,0,N,N,N
2012-10-05 00:00:00,G,G-27,27153169,197,57,R,12656,14,VSNA01,7020,2012-10-05 16:05:40,2012-10-05 16:07:40,139,134,7,9,90,4,1,2,4,1,1,0,3,0,0,0,0,N,Y,Y
2012-10-05 00:00:00,G,G-27,27153169,197,57,R,12656,15,BLTE01,7735,2012-10-05 16:07:00,2012-10-05 16:09:14,139,134,0,0,90,0,0,0,0,0,0,0,0,0,0,0,0,N,N,N
2012-10-05 00:00:00,G,G-27,27153169,197,57,R,12656,16,BOIS01,7999,2012-10-05 16:07:29,2012-10-05 16:09:33,139,134,0,0,90,0,0,0,0,0,0,0,0,0,0,0,0,N,Y,N
2012-10-05 00:00:00,G,G-27,27153169,197,57,R,12656,17,RUTH01,8779,2012-10-05 16:08:57,2012-10-05 16:10:35,139,134,3,0,93,0,0,3,0,0,0,0,0,0,0,0,0,N,N,Y
2012-10-05 00:00:00,G,G-27,27153169,197,57,R,12656,18,TCRE01,9098,2012-10-05 16:09:33,2012-10-05 16:11:06,139,134,0,0,93,0,0,0,0,0,0,0,0,0,0,0,0,N,N,N
2012-10-05 00:00:00,G,G-27,27153169,197,57,R,12656,19,MGRE01,9519,2012-10-05 16:10:20,2012-10-05 16:11:42,139,134,0,0,93,0,0,0,0,0,0,0,0,0,0,0,0,N,N,N
2012-10-05 00:00:00,G,G-27,27153169,197,57,R,12656,20,CRIG01,10174,2012-10-05 16:11:34,2012-10-05 16:12:42,139,134,0,1,92,0,1,0,0,0,0,0,0,0,0,0,0,N,N,N
2012-10-05 00:00:00,G,G-27,27153169,197,57,R,12656,21,PLGE03,10759,2012-10-05 16:12:40,2012-10-05 16:15:13,139,134,0,4,88,0,0,0,3,0,0,0,1,0,0,0,0,N,N,N
2012-10-05 00:00:00,G,G-27,27153169,197,57,R,12656,22,AUBI00,11741,2012-10-05 16:16:58,2012-10-05 16:18:02,139,134,2,8,82,0,0,2,5,0,1,0,2,0,0,0,0,N,N,N
2012-10-05 00:00:00,G,G-27,27153169,197,57,R,12656,23,VOLL00,11925,2012-10-05 16:17:47,2012-10-05 16:18:44,139,134,9,7,84,0,0,3,3,2,1,4,3,0,0,0,0,N,N,N
2012-10-05 00:00:00,G,G-27,27153169,197,57,R,12656,24,RLAC00,12219,2012-10-05 16:19:04,2012-10-05 16:19:53,139,134,7,10,81,0,0,5,8,0,2,2,0,0,0,0,0,N,N,N
2012-10-05 00:00:00,G,G-27,27153169,197,57,R,12656,25,PLEV00,12450,2012-10-05 16:20:05,2012-10-05 16:22:40,139,134,4,20,65,1,2,1,8,1,6,1,4,0,0,0,0,N,N,N
2012-10-05 00:00:00,G,G-27,27153169,197,57,R,12656,26,RIVE04,12656,2012-10-05 16:21:00,2012-10-05 16:23:28,139,134,0,60,5,0,16,0,15,0,17,0,12,0,0,0,0,N,N,N
2012-10-05 00:00:00,G,G-27,27153171,197,55,A,12759,1,RIVE03,0,2012-10-05 16:33:00,2012-10-05 16:33:22,40,35,34,0,34,11,0,14,0,4,0,5,0,0,0,0,0,N,N,N
2012-10-05 00:00:00,G,G-27,27153171,197,55,A,12759,2,VOLL02,599,2012-10-05 16:35:02,2012-10-05 16:35:59,40,35,4,0,38,0,0,2,0,1,0,1,0,0,0,0,0,N,N,N
2012-10-05 00:00:00,G,G-27,27153171,197,55,A,12759,3,PLGE01,1773,2012-10-05 16:39:04,2012-10-05 16:39:07,40,35,0,3,35,0,1,0,0,0,1,0,1,0,0,0,0,N,N,N
2012-10-05 00:00:00,G,G-27,27153171,197,55,A,12759,4,CRIG00,2429,2012-10-05 16:40:16,2012-10-05 16:40:42,40,35,0,0,35,0,0,0,0,0,0,0,0,0,0,0,0,N,N,N
2012-10-05 00:00:00,G,G-27,27153171,197,55,A,12759,5,MGRE00,3071,2012-10-05 16:41:28,2012-10-05 16:41:41,40,35,0,0,35,0,0,0,0,0,0,0,0,0,0,0,0,N,N,N
2012-10-05 00:00:00,G,G-27,27153171,197,55,A,12759,6,TCRE00,3512,2012-10-05 16:42:17,2012-10-05 16:42:34,40,35,0,1,34,0,0,0,1,0,0,0,0,0,0,0,0,N,N,N
2012-10-05 00:00:00,G,G-27,27153171,197,55,A,12759,7,RUTH00,3855,2012-10-05 16:42:55,2012-10-05 16:43:06,40,35,0,0,34,0,0,0,0,0,0,0,0,0,0,0,0,N,N,N
2012-10-05 00:00:00,G,G-27,27153171,197,55,A,12759,8,BOIS00,4602,2012-10-05 16:44:18,2012-10-05 16:44:22,40,35,0,0,34,0,0,0,0,0,0,0,0,0,0,0,0,N,N,N
2012-10-05 00:00:00,G,G-27,27153171,197,55,A,12759,9,BLTE00,4952,2012-10-05 16:44:56,2012-10-05 16:44:49,40,35,0,0,34,0,0,0,0,0,0,0,0,0,0,0,0,N,N,N
2012-10-05 00:00:00,G,G-27,27153171,197,55,A,12759,10,VSNA00,5376,2012-10-05 16:45:44,2012-10-05 16:46:50,40,35,0,0,34,0,0,0,0,0,0,0,0,0,0,0,0,N,N,N
2012-10-05 00:00:00,G,G-27,27153171,197,55,A,12759,11,MANC00,6064,2012-10-05 16:47:40,2012-10-05 16:50:00,40,35,2,9,27,2,1,0,3,0,3,0,2,0,0,0,0,N,N,N
2012-10-05 00:00:00,G,G-27,27153171,197,55,A,12759,12,PETR00,6449,2012-10-05 16:48:45,2012-10-05 16:50:54,40,35,0,3,24,0,0,0,3,0,0,0,0,0,0,0,0,N,N,N
2012-10-05 00:00:00,G,G-27,27153171,197,55,A,12759,13,BOGA00,6938,2012-10-05 16:50:08,2012-10-05 16:51:53,40,35,0,1,23,0,0,0,1,0,0,0,0,0,0,0,0,N,N,N
2012-10-05 00:00:00,G,G-27,27153171,197,55,A,12759,14,PLLT00,7266,2012-10-05 16:51:04,2012-10-05 16:52:30,40,35,0,0,23,0,0,0,0,0,0,0,0,0,0,0,0,N,N,N
2012-10-05 00:00:00,G,G-27,27153171,197,55,A,12759,15,LADA00,7691,2012-10-05 16:51:50,2012-10-05 16:53:23,40,35,0,2,21,0,2,0,0,0,0,0,0,0,0,0,0,N,N,N
2012-10-05 00:00:00,G,G-27,27153171,197,55,A,12759,16,REPE00,8247,2012-10-05 16:52:50,2012-10-05 16:54:24,40,35,0,1,20,0,0,0,0,0,0,0,1,0,0,0,0,N,N,N
2012-10-05 00:00:00,G,G-27,27153171,197,55,A,12759,17,SOLE00,8855,2012-10-05 16:53:56,2012-10-05 16:55:30,40,35,0,5,15,0,0,0,4,0,0,0,1,0,0,0,0,N,N,N
2012-10-05 00:00:00,G,G-27,27153171,197,55,A,12759,18,MNEU00,9105,2012-10-05 16:54:24,2012-10-05 16:56:14,40,35,0,0,15,0,0,0,0,0,0,0,0,0,0,0,0,N,N,N
2012-10-05 00:00:00,G,G-27,27153171,197,55,A,12759,19,CIVI00,9749,2012-10-05 16:56:24,2012-10-05 16:58:27,40,35,0,2,13,0,1,0,1,0,0,0,0,0,0,0,0,N,N,N
2012-10-05 00:00:00,G,G-27,27153171,197,55,A,12759,20,MNEU99,10304,2012-10-05 16:57:27,2012-10-05 17:00:01,40,35,0,0,13,0,0,0,0,0,0,0,0,0,0,0,0,N,N,N
2012-10-05 00:00:00,G,G-27,27153171,197,55,A,12759,21,ANDO00,11329,2012-10-05 16:59:24,2012-10-05 17:01:57,40,35,0,8,5,0,2,0,3,0,3,0,0,0,0,0,0,N,Y,N
2012-10-05 00:00:00,G,G-27,27153172,197,59,R,13302,1,PRVG02,0,2012-10-05 17:08:00,2012-10-05 17:07:02,67,66,6,0,6,2,0,2,0,1,0,1,0,0,0,0,0,N,N,Y
2012-10-05 00:00:00,G,G-27,27153172,197,59,R,13302,2,_DOANS,730,2012-10-05 17:09:16,2012-10-05 17:09:50,67,66,0,0,6,0,0,0,0,0,0,0,0,0,0,0,0,N,N,N
2012-10-05 00:00:00,G,G-27,27153172,197,59,R,13302,3,ANDO01,1397,2012-10-05 17:10:26,2012-10-05 17:10:49,67,66,0,0,6,0,0,0,0,0,0,0,0,0,0,0,0,N,Y,N
2012-10-05 00:00:00,G,G-27,27153172,197,59,R,13302,4,MNEU98,2268,2012-10-05 17:11:57,2012-10-05 17:12:00,67,66,1,0,7,0,0,1,0,0,0,0,0,0,0,0,0,N,N,Y
2012-10-05 00:00:00,G,G-27,27153172,197,59,R,13302,5,CIVI00,2860,2012-10-05 17:13:00,2012-10-05 17:13:47,67,66,9,0,16,1,0,4,0,3,0,1,0,0,0,0,0,N,N,N
2012-10-05 00:00:00,G,G-27,27153172,197,59,R,13302,6,MNEU01,3407,2012-10-05 17:14:18,2012-10-05 17:15:40,67,66,0,0,16,0,0,0,0,0,0,0,0,0,0,0,0,N,N,N
2012-10-05 00:00:00,G,G-27,27153172,197,59,R,13302,7,SOLE01,3723,2012-10-05 17:15:03,2012-10-05 17:16:41,67,66,6,0,22,3,0,3,0,0,0,0,0,0,0,0,0,N,N,N
2012-10-05 00:00:00,G,G-27,27153172,197,59,R,13302,8,REPE01,4297,2012-10-05 17:16:25,2012-10-05 17:17:27,67,66,0,0,22,0,0,0,0,0,0,0,0,0,0,0,0,N,N,N
2012-10-05 00:00:00,G,G-27,27153172,197,59,R,13302,9,LADA02,4807,2012-10-05 17:17:39,2012-10-05 17:18:04,67,66,0,0,22,0,0,0,0,0,0,0,0,0,0,0,0,N,N,N
2012-10-05 00:00:00,G,G-27,27153172,197,59,R,13302,10,SMAU00,5185,2012-10-05 17:18:39,2012-10-05 17:19:20,67,66,2,0,24,0,0,2,0,0,0,0,0,0,0,0,0,N,N,N
2012-10-05 00:00:00,G,G-27,27153172,197,59,R,13302,11,PLLT01,5967,2012-10-05 17:20:39,2012-10-05 17:21:55,67,66,8,0,32,0,0,3,0,5,0,0,0,0,0,0,0,N,N,N
2012-10-05 00:00:00,G,G-27,27153172,197,59,R,13302,12,BOGA01,6287,2012-10-05 17:21:31,2012-10-05 17:23:00,67,66,2,0,34,2,0,0,0,0,0,0,0,0,0,0,0,N,N,N
2012-10-05 00:00:00,G,G-27,27153172,197,59,R,13302,13,PETR01,6827,2012-10-05 17:23:00,2012-10-05 17:24:13,67,66,6,0,40,0,0,1,0,4,0,1,0,0,0,0,0,N,N,N
2012-10-05 00:00:00,G,G-27,27153172,197,59,R,13302,14,MANC01,7165,2012-10-05 17:23:56,2012-10-05 17:25:05,67,66,2,0,42,0,0,2,0,0,0,0,0,0,0,0,0,N,N,N
2012-10-05 00:00:00,G,G-27,27153172,197,59,R,13302,15,VSNA01,7666,2012-10-05 17:25:19,2012-10-05 17:27:29,67,66,9,7,44,2,1,6,5,1,0,0,1,0,0,0,0,N,Y,Y
2012-10-05 00:00:00,G,G-27,27153172,197,59,R,13302,16,BLTE01,8381,2012-10-05 17:26:46,2012-10-05 17:29:27,67,66,2,1,45,0,0,1,0,1,1,0,0,0,0,0,0,N,Y,N
2012-10-05 00:00:00,G,G-27,27153172,197,59,R,13302,17,BOIS01,8645,2012-10-05 17:27:19,2012-10-05 17:29:57,67,66,2,0,47,0,0,0,0,1,0,1,0,0,0,0,0,N,N,Y
2012-10-05 00:00:00,G,G-27,27153172,197,59,R,13302,18,RUTH01,9425,2012-10-05 17:28:55,2012-10-05 17:31:01,67,66,0,0,47,0,0,0,0,0,0,0,0,0,0,0,0,N,N,N
2012-10-05 00:00:00,G,G-27,27153172,197,59,R,13302,19,TCRE01,9744,2012-10-05 17:29:34,2012-10-05 17:31:47,67,66,3,0,50,0,0,1,0,0,0,2,0,0,0,0,0,N,N,N
2012-10-05 00:00:00,G,G-27,27153172,197,59,R,13302,20,MGRE01,10165,2012-10-05 17:30:26,2012-10-05 17:32:27,67,66,0,0,50,0,0,0,0,0,0,0,0,0,0,0,0,N,N,N
2012-10-05 00:00:00,G,G-27,27153172,197,59,R,13302,21,CRIG01,10820,2012-10-05 17:31:47,2012-10-05 17:33:14,67,66,0,0,50,0,0,0,0,0,0,0,0,0,0,0,0,N,N,N
2012-10-05 00:00:00,G,G-27,27153172,197,59,R,13302,22,PLGE03,11405,2012-10-05 17:32:59,2012-10-05 17:35:14,67,66,0,1,49,0,0,0,1,0,0,0,0,0,0,0,0,N,N,N
2012-10-05 00:00:00,G,G-27,27153172,197,59,R,13302,23,AUBI00,12387,2012-10-05 17:37:17,2012-10-05 17:38:29,67,66,1,2,48,0,0,0,1,0,1,1,0,0,0,0,0,N,N,N
2012-10-05 00:00:00,G,G-27,27153172,197,59,R,13302,24,VOLL00,12571,2012-10-05 17:38:06,2012-10-05 17:39:18,67,66,6,3,51,2,1,3,0,1,2,0,0,0,0,0,0,N,N,N
2012-10-05 00:00:00,G,G-27,27153172,197,59,R,13302,25,RLAC00,12865,2012-10-05 17:39:23,2012-10-05 17:40:30,67,66,1,5,47,0,1,1,0,0,3,0,1,0,0,0,0,N,N,N
2012-10-05 00:00:00,G,G-27,27153172,197,59,R,13302,26,PLEV00,13096,2012-10-05 17:40:24,2012-10-05 17:42:54,67,66,1,15,33,0,0,0,7,1,5,0,3,0,0,0,0,N,N,N
2012-10-05 00:00:00,G,G-27,27153172,197,59,R,13302,27,RIVE04,13302,2012-10-05 17:41:19,2012-10-05 17:43:34,67,66,0,32,1,0,9,0,10,0,11,0,2,0,0,0,0,N,N,N
2012-10-05 00:00:00,G,G-27,27153174,197,32,A,15611,1,RIVE03,0,2012-10-05 17:48:00,2012-10-05 17:48:51,53,48,42,0,42,9,0,7,0,8,0,18,0,0,0,0,0,N,N,N
2012-10-05 00:00:00,G,G-27,27153174,197,32,A,15611,2,VOLL02,599,2012-10-05 17:50:15,2012-10-05 17:51:45,53,48,4,2,44,0,0,0,0,1,2,3,0,0,0,0,0,N,N,N
2012-10-05 00:00:00,G,G-27,27153174,197,32,A,15611,3,PLGE01,1773,2012-10-05 17:54:40,2012-10-05 17:55:17,53,48,0,11,33,0,1,0,6,0,3,0,1,0,0,0,0,N,N,N
2012-10-05 00:00:00,G,G-27,27153174,197,32,A,15611,4,CRIG00,2429,2012-10-05 17:56:00,2012-10-05 17:56:22,53,48,0,0,33,0,0,0,0,0,0,0,0,0,0,0,0,N,N,N
2012-10-05 00:00:00,G,G-27,27153174,197,32,A,15611,5,MGRE00,3071,2012-10-05 17:57:18,2012-10-05 17:57:09,53,48,0,0,33,0,0,0,0,0,0,0,0,0,0,0,0,N,N,N
2012-10-05 00:00:00,G,G-27,27153174,197,32,A,15611,6,TCRE00,3512,2012-10-05 17:58:12,2012-10-05 17:58:02,53,48,0,1,32,0,0,0,0,0,1,0,0,0,0,0,0,N,N,N
2012-10-05 00:00:00,G,G-27,27153174,197,32,A,15611,7,RUTH00,3855,2012-10-05 17:58:54,2012-10-05 17:58:36,53,48,0,0,32,0,0,0,0,0,0,0,0,0,0,0,0,N,N,N
2012-10-05 00:00:00,G,G-27,27153174,197,32,A,15611,8,BOIS00,4602,2012-10-05 18:00:25,2012-10-05 17:59:52,53,48,0,0,32,0,0,0,0,0,0,0,0,0,0,0,0,N,N,N
2012-10-05 00:00:00,G,G-27,27153174,197,32,A,15611,9,BLTE00,4952,2012-10-05 18:01:08,2012-10-05 18:00:35,53,48,0,1,31,0,0,0,0,0,1,0,0,0,0,0,0,N,N,N
2012-10-05 00:00:00,G,G-27,27153174,197,32,A,15611,10,VSNA00,5376,2012-10-05 18:02:00,2012-10-05 18:03:30,53,48,0,0,31,0,0,0,0,0,0,0,0,0,0,0,0,N,N,N
2012-10-05 00:00:00,G,G-27,27153174,197,32,A,15611,11,MANC00,6064,2012-10-05 18:03:49,2012-10-05 18:06:02,53,48,6,10,27,3,2,3,0,0,1,0,7,0,0,0,0,N,N,N
2012-10-05 00:00:00,G,G-27,27153174,197,32,A,15611,12,PETR00,6449,2012-10-05 18:04:50,2012-10-05 18:06:58,53,48,0,2,25,0,0,0,2,0,0,0,0,0,0,0,0,N,N,N
2012-10-05 00:00:00,G,G-27,27153174,197,32,A,15611,13,BOGA00,6938,2012-10-05 18:06:07,2012-10-05 18:08:04,53,48,0,5,20,0,1,0,3,0,1,0,0,0,0,0,0,N,N,N
2012-10-05 00:00:00,G,G-27,27153174,197,32,A,15611,14,PLLT00,7266,2012-10-05 18:07:00,2012-10-05 18:08:53,53,48,0,1,19,0,0,0,1,0,0,0,0,0,0,0,0,N,N,N
2012-10-05 00:00:00,G,G-27,27153174,197,32,A,15611,15,LADA00,7691,2012-10-05 18:07:46,2012-10-05 18:09:43,53,48,0,0,19,0,0,0,0,0,0,0,0,0,0,0,0,N,N,N
2012-10-05 00:00:00,G,G-27,27153174,197,32,A,15611,16,REPE00,8247,2012-10-05 18:08:46,2012-10-05 18:10:35,53,48,0,1,18,0,1,0,0,0,0,0,0,0,0,0,0,N,N,N
2012-10-05 00:00:00,G,G-27,27153174,197,32,A,15611,17,SOLE00,8855,2012-10-05 18:09:52,2012-10-05 18:11:50,53,48,0,1,17,0,0,0,0,0,1,0,0,0,0,0,0,N,N,N
2012-10-05 00:00:00,G,G-27,27153174,197,32,A,15611,18,MNEU00,9105,2012-10-05 18:10:20,2012-10-05 18:12:33,53,48,0,0,17,0,0,0,0,0,0,0,0,0,0,0,0,N,N,N
2012-10-05 00:00:00,G,G-27,27153174,197,32,A,15611,19,CIVI00,9749,2012-10-05 18:12:00,2012-10-05 18:14:26,53,48,0,3,14,0,0,0,1,0,2,0,0,0,0,0,0,N,N,N
2012-10-05 00:00:00,G,G-27,27153174,197,32,A,15611,20,MNEU99,10304,2012-10-05 18:13:03,2012-10-05 18:16:09,53,48,0,0,14,0,0,0,0,0,0,0,0,0,0,0,0,N,N,N
2012-10-05 00:00:00,G,G-27,27153174,197,32,A,15611,21,ANDO00,11329,2012-10-05 18:15:00,2012-10-05 18:17:52,53,48,0,2,12,0,0,0,1,0,1,0,0,0,0,0,0,N,Y,N
2012-10-05 00:00:00,G,G-27,27153174,197,32,A,15611,22,PRVG00,12416,2012-10-05 18:17:00,2012-10-05 18:19:58,53,48,0,3,9,0,3,0,0,0,0,0,0,0,0,0,0,N,N,Y
2012-10-05 00:00:00,G,G-27,27153174,197,32,A,15611,23,OCHT00,14639,2012-10-05 18:20:56,2012-10-05 18:23:22,53,48,0,0,9,0,0,0,0,0,0,0,0,0,0,0,0,N,N,N
2012-10-05 00:00:00,G,G-27,27153174,197,32,A,15611,24,VGEC00,15319,2012-10-05 18:22:08,2012-10-05 18:25:13,53,48,1,2,8,0,0,1,2,0,0,0,0,0,0,0,0,N,N,N
2012-10-05 00:00:00,G,G-27,27153174,197,32,A,15611,25,VEGY00,15611,2012-10-05 18:22:40,2012-10-05 18:25:55,53,48,0,3,5,0,2,0,0,0,0,0,1,0,0,0,0,N,N,N
2012-10-05 00:00:00,G,G-27,27153175,197,33,R,15868,1,VEGY00,0,2012-10-05 18:24:00,2012-10-05 18:26:24,33,40,0,0,0,0,0,0,0,0,0,0,0,0,0,0,0,N,N,N
2012-10-05 00:00:00,G,G-27,27153175,197,33,R,15868,2,VGEC01,454,2012-10-05 18:24:45,2012-10-05 18:27:53,33,40,1,2,0,0,0,1,0,0,2,0,0,0,0,0,0,N,N,N
2012-10-05 00:00:00,G,G-27,27153175,197,33,R,15868,3,OCHT01,1090,2012-10-05 18:25:48,2012-10-05 18:29:07,33,40,0,0,0,0,0,0,0,0,0,0,0,0,0,0,0,N,N,N
2012-10-05 00:00:00,G,G-27,27153175,197,33,R,15868,4,PRVG01,3410,2012-10-05 18:29:40,2012-10-05 18:32:47,33,40,4,0,4,0,0,1,0,0,0,3,0,0,0,0,0,N,N,N
2012-10-05 00:00:00,G,G-27,27153175,197,33,R,15868,5,_DOANS,3942,2012-10-05 18:30:39,2012-10-05 18:33:28,33,40,0,0,4,0,0,0,0,0,0,0,0,0,0,0,0,N,N,N
2012-10-05 00:00:00,G,G-27,27153175,197,33,R,15868,6,ANDO01,4609,2012-10-05 18:31:55,2012-10-05 18:34:21,33,40,0,0,4,0,0,0,0,0,0,0,0,0,0,0,0,N,N,N
2012-10-05 00:00:00,G,G-27,27153175,197,33,R,15868,7,MNEU98,5480,2012-10-05 18:33:33,2012-10-05 18:35:26,33,40,0,0,4,0,0,0,0,0,0,0,0,0,0,0,0,N,Y,N
2012-10-05 00:00:00,G,G-27,27153175,197,33,R,15868,8,CIVI00,6072,2012-10-05 18:34:40,2012-10-05 18:36:59,33,40,4,0,8,1,0,2,0,1,0,0,0,0,0,0,0,N,N,Y
2012-10-05 00:00:00,G,G-27,27153175,197,33,R,15868,9,MNEU01,6619,2012-10-05 18:35:49,2012-10-05 18:38:17,33,40,0,0,8,0,0,0,0,0,0,0,0,0,0,0,0,N,N,N
2012-10-05 00:00:00,G,G-27,27153175,197,33,R,15868,10,SOLE01,6935,2012-10-05 18:36:29,2012-10-05 18:38:49,33,40,0,0,8,0,0,0,0,0,0,0,0,0,0,0,0,N,N,N
2012-10-05 00:00:00,G,G-27,27153175,197,33,R,15868,11,REPE01,7509,2012-10-05 18:37:42,2012-10-05 18:39:31,33,40,0,0,8,0,0,0,0,0,0,0,0,0,0,0,0,N,N,N
2012-10-05 00:00:00,G,G-27,27153175,197,33,R,15868,12,LADA01,8122,2012-10-05 18:39:00,2012-10-05 18:40:11,33,40,0,0,8,0,0,0,0,0,0,0,0,0,0,0,0,N,N,N
2012-10-05 00:00:00,G,G-27,27153175,197,33,R,15868,13,PLLT01,8533,2012-10-05 18:40:00,2012-10-05 18:41:08,33,40,3,0,11,0,0,1,0,2,0,0,0,0,0,0,0,N,N,N
2012-10-05 00:00:00,G,G-27,27153175,197,33,R,15868,14,BOGA01,8853,2012-10-05 18:40:48,2012-10-05 18:42:08,33,40,1,0,12,1,0,0,0,0,0,0,0,0,0,0,0,N,N,N
2012-10-05 00:00:00,G,G-27,27153175,197,33,R,15868,15,PETR01,9393,2012-10-05 18:42:11,2012-10-05 18:43:24,33,40,2,1,13,0,0,1,0,1,1,0,0,0,0,0,0,N,N,N
2012-10-05 00:00:00,G,G-27,27153175,197,33,R,15868,16,MANC01,9731,2012-10-05 18:43:03,2012-10-05 18:44:14,33,40,3,0,16,1,0,2,0,0,0,0,0,0,0,0,0,N,N,N
2012-10-05 00:00:00,G,G-27,27153175,197,33,R,15868,17,VSNA01,10232,2012-10-05 18:44:20,2012-10-05 18:46:29,33,40,4,0,20,1,0,2,0,0,0,1,0,0,0,0,0,N,Y,Y
2012-10-05 00:00:00,G,G-27,27153175,197,33,R,15868,18,BLTE01,10947,2012-10-05 18:45:36,2012-10-05 18:48:02,33,40,0,0,20,0,0,0,0,0,0,0,0,0,0,0,0,N,N,N
2012-10-05 00:00:00,G,G-27,27153175,197,33,R,15868,19,BOIS01,11211,2012-10-05 18:46:04,2012-10-05 18:48:21,33,40,0,0,20,0,0,0,0,0,0,0,0,0,0,0,0,N,N,N
2012-10-05 00:00:00,G,G-27,27153175,197,33,R,15868,20,RUTH01,11991,2012-10-05 18:47:28,2012-10-05 18:49:13,33,40,0,0,20,0,0,0,0,0,0,0,0,0,0,0,0,N,N,N
2012-10-05 00:00:00,G,G-27,27153175,197,33,R,15868,21,TCRE01,12310,2012-10-05 18:48:02,2012-10-05 18:50:01,33,40,0,0,20,0,0,0,0,0,0,0,0,0,0,0,0,N,N,N
2012-10-05 00:00:00,G,G-27,27153175,197,33,R,15868,22,MGRE01,12731,2012-10-05 18:48:47,2012-10-05 18:50:30,33,40,0,0,20,0,0,0,0,0,0,0,0,0,0,0,0,N,N,N
2012-10-05 00:00:00,G,G-27,27153175,197,33,R,15868,23,CRIG01,13386,2012-10-05 18:49:57,2012-10-05 18:51:11,33,40,0,0,20,0,0,0,0,0,0,0,0,0,0,0,0,N,N,N
2012-10-05 00:00:00,G,G-27,27153175,197,33,R,15868,24,PLGE03,13971,2012-10-05 18:51:00,2012-10-05 18:53:34,33,40,0,1,19,0,1,0,0,0,0,0,0,0,0,0,0,N,N,N
2012-10-05 00:00:00,G,G-27,27153175,197,33,R,15868,25,AUBI00,14953,2012-10-05 18:54:58,2012-10-05 18:56:04,33,40,1,0,20,0,0,1,0,0,0,0,0,0,0,0,0,N,N,N
2012-10-05 00:00:00,G,G-27,27153175,197,33,R,15868,26,VOLL00,15137,2012-10-05 18:55:42,2012-10-05 18:56:52,33,40,6,0,26,0,0,2,0,2,0,2,0,0,0,0,0,N,N,N
2012-10-05 00:00:00,G,G-27,27153175,197,33,R,15868,27,RLAC00,15431,2012-10-05 18:56:54,2012-10-05 18:58:04,33,40,4,2,28,0,0,0,1,1,0,3,1,0,0,0,0,N,N,N
2012-10-05 00:00:00,G,G-27,27153175,197,33,R,15868,28,PLEV00,15662,2012-10-05 18:57:50,2012-10-05 19:00:47,33,40,0,34,0,0,3,0,15,0,9,0,7,0,0,0,0,N,N,N
2012-10-05 00:00:00,G,G-27,27153177,197,32,A,15611,1,RIVE03,0,2012-10-05 19:08:00,2012-10-05 19:09:13,62,65,42,0,42,12,0,12,0,2,0,16,0,0,0,0,0,N,N,N
2012-10-05 00:00:00,G,G-27,27153177,197,32,A,15611,2,VOLL02,599,2012-10-05 19:10:42,2012-10-05 19:11:59,62,65,9,1,50,0,0,7,0,2,0,0,1,0,0,0,0,N,N,N
2012-10-05 00:00:00,G,G-27,27153177,197,32,A,15611,3,PLGE01,1773,2012-10-05 19:14:14,2012-10-05 19:14:28,62,65,4,2,52,2,1,1,1,0,0,1,0,0,0,0,0,N,N,N
2012-10-05 00:00:00,G,G-27,27153177,197,32,A,15611,4,CRIG00,2429,2012-10-05 19:16:01,2012-10-05 19:16:12,62,65,0,0,52,0,0,0,0,0,0,0,0,0,0,0,0,N,N,N
2012-10-05 00:00:00,G,G-27,27153177,197,32,A,15611,5,MGRE00,3071,2012-10-05 19:17:11,2012-10-05 19:17:18,62,65,0,3,49,0,0,0,3,0,0,0,0,0,0,0,0,N,N,N
2012-10-05 00:00:00,G,G-27,27153177,197,32,A,15611,6,TCRE00,3512,2012-10-05 19:18:00,2012-10-05 19:18:15,62,65,0,2,47,0,2,0,0,0,0,0,0,0,0,0,0,N,N,N
2012-10-05 00:00:00,G,G-27,27153177,197,32,A,15611,7,RUTH00,3855,2012-10-05 19:18:37,2012-10-05 19:18:55,62,65,0,0,47,0,0,0,0,0,0,0,0,0,0,0,0,N,N,N
2012-10-05 00:00:00,G,G-27,27153177,197,32,A,15611,8,BOIS00,4602,2012-10-05 19:19:59,2012-10-05 19:19:51,62,65,0,0,47,0,0,0,0,0,0,0,0,0,0,0,0,N,N,N
2012-10-05 00:00:00,G,G-27,27153177,197,32,A,15611,9,BLTE00,4952,2012-10-05 19:20:37,2012-10-05 19:20:33,62,65,1,0,48,0,0,1,0,0,0,0,0,0,0,0,0,N,N,N
2012-10-05 00:00:00,G,G-27,27153177,197,32,A,15611,10,VSNA00,5376,2012-10-05 19:20:48,2012-10-05 19:22:21,62,65,0,0,48,0,0,0,0,0,0,0,0,0,0,0,0,N,N,N
2012-10-05 00:00:00,G,G-27,27153177,197,32,A,15611,11,MANC00,6064,2012-10-05 19:23:05,2012-10-05 19:25:09,62,65,2,16,34,0,2,2,7,0,3,0,4,0,0,0,0,N,N,N
2012-10-05 00:00:00,G,G-27,27153177,197,32,A,15611,12,PETR00,6449,2012-10-05 19:24:01,2012-10-05 19:26:07,62,65,0,5,29,0,0,0,4,0,0,0,1,0,0,0,0,N,N,N
2012-10-05 00:00:00,G,G-27,27153177,197,32,A,15611,13,BOGA00,6938,2012-10-05 19:25:13,2012-10-05 19:27:15,62,65,0,4,25,0,1,0,3,0,0,0,0,0,0,0,0,N,N,N
2012-10-05 00:00:00,G,G-27,27153177,197,32,A,15611,14,PLLT00,7266,2012-10-05 19:25:26,2012-10-05 19:28:05,62,65,0,1,24,0,0,0,1,0,0,0,0,0,0,0,0,N,N,N
2012-10-05 00:00:00,G,G-27,27153177,197,32,A,15611,15,LADA00,7691,2012-10-05 19:26:48,2012-10-05 19:29:07,62,65,0,4,20,0,0,0,0,0,2,0,2,0,0,0,0,N,N,N
2012-10-05 00:00:00,G,G-27,27153177,197,32,A,15611,16,REPE00,8247,2012-10-05 19:27:48,2012-10-05 19:30:02,62,65,0,0,20,0,0,0,0,0,0,0,0,0,0,0,0,N,N,N
2012-10-05 00:00:00,G,G-27,27153177,197,32,A,15611,17,SOLE00,8855,2012-10-05 19:28:54,2012-10-05 19:31:04,62,65,0,3,17,0,0,0,2,0,1,0,0,0,0,0,0,N,N,N
2012-10-05 00:00:00,G,G-27,27153177,197,32,A,15611,18,MNEU00,9105,2012-10-05 19:28:46,2012-10-05 19:31:59,62,65,3,1,19,0,0,3,1,0,0,0,0,0,0,0,0,N,N,N
2012-10-05 00:00:00,G,G-27,27153177,197,32,A,15611,19,CIVI00,9749,2012-10-05 19:30:26,2012-10-05 19:34:20,62,65,1,10,10,1,1,0,3,0,1,0,5,0,0,0,0,N,N,N
2012-10-05 00:00:00,G,G-27,27153177,197,32,A,15611,20,MNEU99,10304,2012-10-05 19:32:05,2012-10-05 19:36:03,62,65,0,0,10,0,0,0,0,0,0,0,0,0,0,0,0,N,N,N
2012-10-05 00:00:00,G,G-27,27153177,197,32,A,15611,21,ANDO00,11329,2012-10-05 19:33:26,2012-10-05 19:37:40,62,65,0,1,9,0,1,0,0,0,0,0,0,0,0,0,0,N,Y,N
2012-10-05 00:00:00,G,G-27,27153177,197,32,A,15611,22,PRVG00,12416,2012-10-05 19:35:26,2012-10-05 19:39:59,62,65,0,5,4,0,3,0,1,0,1,0,0,0,0,0,0,N,N,Y
2012-10-05 00:00:00,G,G-27,27153177,197,32,A,15611,23,OCHT00,14639,2012-10-05 19:39:30,2012-10-05 19:43:32,62,65,0,0,4,0,0,0,0,0,0,0,0,0,0,0,0,N,N,N
2012-10-05 00:00:00,G,G-27,27153177,197,32,A,15611,24,VGEC00,15319,2012-10-05 19:40:34,2012-10-05 19:44:57,62,65,0,0,4,0,0,0,0,0,0,0,0,0,0,0,0,N,N,N
2012-10-05 00:00:00,G,G-27,27153177,197,32,A,15611,25,VEGY00,15611,2012-10-05 19:40:26,2012-10-05 19:45:38,62,65,0,7,0,0,2,0,4,0,0,0,1,0,0,0,0,N,N,N
2012-10-05 00:00:00,G,G-27,27153178,197,30,R,16514,1,VEGY00,0,2012-10-05 19:54:00,2012-10-05 19:54:08,36,33,4,0,4,3,0,1,0,0,0,0,0,0,0,0,0,N,N,N
2012-10-05 00:00:00,G,G-27,27153178,197,30,R,16514,2,VGEC01,454,2012-10-05 19:54:39,2012-10-05 19:55:45,36,33,1,0,5,0,0,0,0,0,0,1,0,0,0,0,0,N,N,N
2012-10-05 00:00:00,G,G-27,27153178,197,30,R,16514,3,OCHT01,1090,2012-10-05 19:55:35,2012-10-05 19:57:19,36,33,4,0,9,0,0,2,0,0,0,2,0,0,0,0,0,N,N,N
2012-10-05 00:00:00,G,G-27,27153178,197,30,R,16514,4,PRVG01,3410,2012-10-05 19:59:00,2012-10-05 20:01:53,36,33,2,0,11,0,0,1,0,1,0,0,0,0,0,0,0,N,N,N
2012-10-05 00:00:00,G,G-27,27153178,197,30,R,16514,5,_DOANS,3942,2012-10-05 19:59:59,2012-10-05 20:02:34,36,33,0,0,11,0,0,0,0,0,0,0,0,0,0,0,0,N,N,N
2012-10-05 00:00:00,G,G-27,27153178,197,30,R,16514,6,ANDO01,4609,2012-10-05 20:01:15,2012-10-05 20:03:25,36,33,0,0,11,0,0,0,0,0,0,0,0,0,0,0,0,N,N,N
2012-10-05 00:00:00,G,G-27,27153178,197,30,R,16514,7,MNEU98,5480,2012-10-05 20:02:53,2012-10-05 20:04:30,36,33,0,0,11,0,0,0,0,0,0,0,0,0,0,0,0,N,Y,N
2012-10-05 00:00:00,G,G-27,27153178,197,30,R,16514,8,CIVI00,6072,2012-10-05 20:04:00,2012-10-05 20:05:50,36,33,3,2,12,0,0,3,0,0,0,0,2,0,0,0,0,N,N,Y
2012-10-05 00:00:00,G,G-27,27153178,197,30,R,16514,9,MNEU01,6619,2012-10-05 20:05:07,2012-10-05 20:07:35,36,33,1,0,13,0,0,1,0,0,0,0,0,0,0,0,0,N,N,N
2012-10-05 00:00:00,G,G-27,27153178,197,30,R,16514,10,SOLE01,6935,2012-10-05 20:05:46,2012-10-05 20:08:32,36,33,3,0,16,1,0,1,0,1,0,0,0,0,0,0,0,N,N,N
2012-10-05 00:00:00,G,G-27,27153178,197,30,R,16514,11,REPE01,7509,2012-10-05 20:06:57,2012-10-05 20:09:14,36,33,0,0,16,0,0,0,0,0,0,0,0,0,0,0,0,N,N,N
2012-10-05 00:00:00,G,G-27,27153178,197,30,R,16514,12,LADA02,8019,2012-10-05 20:08:00,2012-10-05 20:10:15,36,33,1,0,17,0,0,0,0,1,0,0,0,0,0,0,0,N,Y,N
2012-10-05 00:00:00,G,G-27,27153178,197,30,R,16514,13,SMAU00,8397,2012-10-05 20:09:00,2012-10-05 20:11:16,36,33,1,0,18,0,0,1,0,0,0,0,0,0,0,0,0,N,N,Y
2012-10-05 00:00:00,G,G-27,27153178,197,30,R,16514,14,PLLT01,9179,2012-10-05 20:11:00,2012-10-05 20:13:26,36,33,6,0,24,0,0,0,0,1,0,5,0,0,0,0,0,N,N,N
2012-10-05 00:00:00,G,G-27,27153178,197,30,R,16514,15,BOGA01,9499,2012-10-05 20:11:45,2012-10-05 20:14:17,36,33,4,0,28,1,0,2,0,1,0,0,0,0,0,0,0,N,N,N
2012-10-05 00:00:00,G,G-27,27153178,197,30,R,16514,16,PETR01,10039,2012-10-05 20:13:01,2012-10-05 20:15:30,36,33,1,0,29,0,0,0,0,1,0,0,0,0,0,0,0,N,N,N
2012-10-05 00:00:00,G,G-27,27153178,197,30,R,16514,17,MANC01,10377,2012-10-05 20:13:49,2012-10-05 20:16:20,36,33,1,0,30,0,0,0,0,1,0,0,0,0,0,0,0,N,N,N
2012-10-05 00:00:00,G,G-27,27153178,197,30,R,16514,18,VSNA01,10878,2012-10-05 20:15:00,2012-10-05 20:18:36,36,33,3,7,26,0,0,2,1,0,1,1,5,0,0,0,0,N,Y,Y
2012-10-05 00:00:00,G,G-27,27153178,197,30,R,16514,19,BLTE01,11593,2012-10-05 20:16:08,2012-10-05 20:19:49,36,33,0,0,26,0,0,0,0,0,0,0,0,0,0,0,0,N,N,N
2012-10-05 00:00:00,G,G-27,27153178,197,30,R,16514,20,BOIS01,11857,2012-10-05 20:16:34,2012-10-05 20:20:07,36,33,0,0,26,0,0,0,0,0,0,0,0,0,0,0,0,N,N,N
2012-10-05 00:00:00,G,G-27,27153178,197,30,R,16514,21,RUTH01,12637,2012-10-05 20:17:49,2012-10-05 20:21:06,36,33,0,0,26,0,0,0,0,0,0,0,0,0,0,0,0,N,N,N
2012-10-05 00:00:00,G,G-27,27153178,197,30,R,16514,22,TCRE01,12956,2012-10-05 20:18:20,2012-10-05 20:21:26,36,33,0,0,26,0,0,0,0,0,0,0,0,0,0,0,0,N,N,N
2012-10-05 00:00:00,G,G-27,27153178,197,30,R,16514,23,MGRE01,13377,2012-10-05 20:19:00,2012-10-05 20:21:52,36,33,0,0,26,0,0,0,0,0,0,0,0,0,0,0,0,N,N,N
2012-10-05 00:00:00,G,G-27,27153178,197,30,R,16514,24,CRIG01,14032,2012-10-05 20:20:03,2012-10-05 20:22:32,36,33,0,0,26,0,0,0,0,0,0,0,0,0,0,0,0,N,N,N
2012-10-05 00:00:00,G,G-27,27153178,197,30,R,16514,25,PLGE03,14617,2012-10-05 20:21:00,2012-10-05 20:23:58,36,33,0,0,26,0,0,0,0,0,0,0,0,0,0,0,0,N,N,N
2012-10-05 00:00:00,G,G-27,27153178,197,30,R,16514,26,AUBI00,15599,2012-10-05 20:24:37,2012-10-05 20:26:07,36,33,0,1,25,0,1,0,0,0,0,0,0,0,0,0,0,N,N,N
2012-10-05 00:00:00,G,G-27,27153178,197,30,R,16514,27,VOLL00,15783,2012-10-05 20:25:18,2012-10-05 20:26:39,36,33,0,0,25,0,0,0,0,0,0,0,0,0,0,0,0,N,N,N
2012-10-05 00:00:00,G,G-27,27153178,197,30,R,16514,28,RLAC00,16077,2012-10-05 20:26:23,2012-10-05 20:27:35,36,33,0,0,25,0,0,0,0,0,0,0,0,0,0,0,0,N,N,N
2012-10-05 00:00:00,G,G-27,27153178,197,30,R,16514,29,PLEV00,16308,2012-10-05 20:27:14,2012-10-05 20:28:45,36,33,1,3,23,1,0,0,3,0,0,0,0,0,0,0,0,N,N,N
2012-10-05 00:00:00,G,G-27,27153178,197,30,R,16514,30,RIVE04,16514,2012-10-05 20:28:00,2012-10-05 20:29:29,36,33,0,20,3,0,5,0,5,0,2,0,8,0,0,0,0,N,N,N
2012-10-05 00:00:00,E,G-27,27153180,197,4,A,13331,1,RIVE03,0,2012-10-05 20:40:00,2012-10-05 20:40:29,20,20,18,0,18,4,0,7,0,2,0,5,0,0,0,0,0,N,N,N
2012-10-05 00:00:00,E,G-27,27153180,197,4,A,13331,2,VOLL02,599,2012-10-05 20:41:41,2012-10-05 20:43:23,20,20,2,0,20,0,0,0,0,0,0,2,0,0,0,0,0,N,N,N
2012-10-05 00:00:00,E,G-27,27153180,197,4,A,13331,3,PLGE01,1773,2012-10-05 20:45:00,2012-10-05 20:45:39,20,20,0,0,20,0,0,0,0,0,0,0,0,0,0,0,0,N,N,N
2012-10-05 00:00:00,E,G-27,27153180,197,4,A,13331,4,CRIG00,2429,2012-10-05 20:45:58,2012-10-05 20:46:35,20,20,0,0,20,0,0,0,0,0,0,0,0,0,0,0,0,N,N,N
2012-10-05 00:00:00,E,G-27,27153180,197,4,A,13331,5,MGRE00,3071,2012-10-05 20:46:55,2012-10-05 20:47:17,20,20,0,0,20,0,0,0,0,0,0,0,0,0,0,0,0,N,N,N
2012-10-05 00:00:00,E,G-27,27153180,197,4,A,13331,6,TCRE00,3512,2012-10-05 20:47:34,2012-10-05 20:48:05,20,20,0,1,19,0,0,0,0,0,0,0,1,0,0,0,0,N,N,N
2012-10-05 00:00:00,E,G-27,27153180,197,4,A,13331,7,RUTH00,3855,2012-10-05 20:48:04,2012-10-05 20:48:33,20,20,0,0,19,0,0,0,0,0,0,0,0,0,0,0,0,N,N,N
2012-10-05 00:00:00,E,G-27,27153180,197,4,A,13331,8,BOIS00,4602,2012-10-05 20:49:11,2012-10-05 20:49:25,20,20,0,0,19,0,0,0,0,0,0,0,0,0,0,0,0,N,N,N
2012-10-05 00:00:00,E,G-27,27153180,197,4,A,13331,9,BLTE00,4952,2012-10-05 20:49:42,2012-10-05 20:49:55,20,20,0,0,19,0,0,0,0,0,0,0,0,0,0,0,0,N,N,N
2012-10-05 00:00:00,E,G-27,27153180,197,4,A,13331,10,VSNA00,5376,2012-10-05 20:50:20,2012-10-05 20:50:35,20,20,0,0,19,0,0,0,0,0,0,0,0,0,0,0,0,N,N,N
2012-10-05 00:00:00,E,G-27,27153180,197,4,A,13331,11,BISE00,6003,2012-10-05 20:51:52,2012-10-05 20:52:26,20,20,0,5,14,0,0,0,2,0,3,0,0,0,0,0,0,N,N,N
2012-10-05 00:00:00,E,G-27,27153180,197,4,A,13331,12,BOCA00,6595,2012-10-05 20:53:20,2012-10-05 20:53:16,20,20,0,0,14,0,0,0,0,0,0,0,0,0,0,0,0,N,N,N
2012-10-05 00:00:00,E,G-27,27153180,197,4,A,13331,13,BELL00,6958,2012-10-05 20:54:14,2012-10-05 20:53:54,20,20,0,1,13,0,1,0,0,0,0,0,0,0,0,0,0,N,N,N
2012-10-05 00:00:00,E,G-27,27153180,197,4,A,13331,14,CLGE00,7257,2012-10-05 20:55:00,2012-10-05 20:54:42,20,20,0,2,11,0,2,0,0,0,0,0,0,0,0,0,0,N,N,N
2012-10-05 00:00:00,E,G-27,27153180,197,4,A,13331,15,RSMA00,7661,2012-10-05 20:55:50,2012-10-05 20:55:19,20,20,0,0,11,0,0,0,0,0,0,0,0,0,0,0,0,N,N,N
2012-10-05 00:00:00,E,G-27,27153180,197,4,A,13331,16,SVON00,7866,2012-10-05 20:56:16,2012-10-05 20:55:42,20,20,0,0,11,0,0,0,0,0,0,0,0,0,0,0,0,N,N,N
2012-10-05 00:00:00,E,G-27,27153180,197,4,A,13331,17,GAIU00,8173,2012-10-05 20:56:54,2012-10-05 20:56:25,20,20,0,3,8,0,0,0,0,0,1,0,2,0,0,0,0,N,N,N
2012-10-05 00:00:00,E,G-27,27153180,197,4,A,13331,18,CIPO00,8699,2012-10-05 20:58:00,2012-10-05 20:57:10,20,20,0,0,8,0,0,0,0,0,0,0,0,0,0,0,0,N,N,N
2012-10-05 00:00:00,E,G-27,27153180,197,4,A,13331,19,PPAL00,9007,2012-10-05 20:58:36,2012-10-05 20:57:38,20,20,0,0,8,0,0,0,0,0,0,0,0,0,0,0,0,N,N,N
2012-10-05 00:00:00,E,G-27,27153180,197,4,A,13331,20,NAIS00,9482,2012-10-05 20:59:32,2012-10-05 20:58:10,20,20,0,0,8,0,0,0,0,0,0,0,0,0,0,0,0,N,N,N
2012-10-05 00:00:00,E,G-27,27153180,197,4,A,13331,21,MARG00,9740,2012-10-05 21:00:02,2012-10-05 20:58:26,20,20,0,0,8,0,0,0,0,0,0,0,0,0,0,0,0,N,N,N
2012-10-05 00:00:00,E,G-27,27153180,197,4,A,13331,22,ANRS00,10227,2012-10-05 21:01:00,2012-10-05 20:59:09,20,20,0,0,8,0,0,0,0,0,0,0,0,0,0,0,0,N,N,N
2012-10-05 00:00:00,E,G-27,27153180,197,4,A,13331,23,CRBS00,10777,2012-10-05 21:02:00,2012-10-05 21:00:17,20,20,0,2,6,0,1,0,0,0,0,0,1,0,0,0,0,N,N,N
2012-10-05 00:00:00,E,G-27,27153180,197,4,A,13331,24,CHVA00,11083,2012-10-05 21:02:33,2012-10-05 21:00:43,20,20,0,0,6,0,0,0,0,0,0,0,0,0,0,0,0,N,N,N
2012-10-05 00:00:00,E,G-27,27153180,197,4,A,13331,25,SSCH00,11549,2012-10-05 21:03:24,2012-10-05 21:01:35,20,20,0,4,2,0,0,0,4,0,0,0,0,0,0,0,0,N,N,N
2012-10-05 00:00:00,E,G-27,27153180,197,4,A,13331,26,GRAV00,11835,2012-10-05 21:03:56,2012-10-05 21:02:01,20,20,0,0,2,0,0,0,0,0,0,0,0,0,0,0,0,N,N,N
2012-10-05 00:00:00,E,G-27,27153180,197,4,A,13331,27,VLLA00,12373,2012-10-05 21:04:55,2012-10-05 21:02:30,20,20,0,0,2,0,0,0,0,0,0,0,0,0,0,0,0,N,N,N
2012-10-05 00:00:00,E,G-27,27153180,197,4,A,13331,28,TRIZ00,12772,2012-10-05 21:05:38,2012-10-05 21:02:54,20,20,0,0,2,0,0,0,0,0,0,0,0,0,0,0,0,N,N,N
2012-10-05 00:00:00,E,G-27,27153180,197,4,A,13331,29,HERM00,13331,2012-10-05 21:06:40,2012-10-05 21:03:29,20,20,0,2,0,0,0,0,2,0,0,0,0,0,0,0,0,N,N,N
2012-10-05 00:00:00,E,G-27,27153181,197,7,R,13561,1,HERM00,0,2012-10-05 21:15:00,2012-10-05 21:16:19,35,35,0,0,0,0,0,0,0,0,0,0,0,0,0,0,0,N,Y,Y
2012-10-05 00:00:00,E,G-27,27153181,197,7,R,13561,2,TRIZ01,578,2012-10-05 21:16:04,2012-10-05 21:18:07,35,35,0,0,0,0,0,0,0,0,0,0,0,0,0,0,0,N,N,N
2012-10-05 00:00:00,E,G-27,27153181,197,7,R,13561,3,VLLA01,1057,2012-10-05 21:16:57,2012-10-05 21:18:45,35,35,0,0,0,0,0,0,0,0,0,0,0,0,0,0,0,N,N,N
2012-10-05 00:00:00,E,G-27,27153181,197,7,R,13561,4,GRAV01,1523,2012-10-05 21:17:48,2012-10-05 21:19:19,35,35,0,0,0,0,0,0,0,0,0,0,0,0,0,0,0,N,N,N
2012-10-05 00:00:00,E,G-27,27153181,197,7,R,13561,5,SSCH01,1836,2012-10-05 21:18:23,2012-10-05 21:19:41,35,35,0,0,0,0,0,0,0,0,0,0,0,0,0,0,0,N,N,N
2012-10-05 00:00:00,E,G-27,27153181,197,7,R,13561,6,CHVA01,2438,2012-10-05 21:19:30,2012-10-05 21:20:46,35,35,2,0,2,0,0,0,0,2,0,0,0,0,0,0,0,N,N,N
2012-10-05 00:00:00,E,G-27,27153181,197,7,R,13561,7,CRBS01,2748,2012-10-05 21:20:04,2012-10-05 21:21:29,35,35,1,0,3,0,0,1,0,0,0,0,0,0,0,0,0,N,N,N
2012-10-05 00:00:00,E,G-27,27153181,197,7,R,13561,8,ANRS01,3247,2012-10-05 21:21:00,2012-10-05 21:22:25,35,35,1,0,4,0,0,0,0,1,0,0,0,0,0,0,0,N,N,N
2012-10-05 00:00:00,E,G-27,27153181,197,7,R,13561,9,MARG01,3744,2012-10-05 21:21:49,2012-10-05 21:23:14,35,35,0,0,4,0,0,0,0,0,0,0,0,0,0,0,0,N,N,N
2012-10-05 00:00:00,E,G-27,27153181,197,7,R,13561,10,NAIS01,4009,2012-10-05 21:22:16,2012-10-05 21:23:35,35,35,0,0,4,0,0,0,0,0,0,0,0,0,0,0,0,N,N,N
2012-10-05 00:00:00,E,G-27,27153181,197,7,R,13561,11,PPAL01,4525,2012-10-05 21:23:07,2012-10-05 21:24:28,35,35,2,0,6,0,0,2,0,0,0,0,0,0,0,0,0,N,N,N
2012-10-05 00:00:00,E,G-27,27153181,197,7,R,13561,12,CIPO01,4846,2012-10-05 21:23:40,2012-10-05 21:25:21,35,35,2,0,8,0,0,2,0,0,0,0,0,0,0,0,0,N,N,N
2012-10-05 00:00:00,E,G-27,27153181,197,7,R,13561,13,GAIU01,5314,2012-10-05 21:24:34,2012-10-05 21:26:19,35,35,3,0,11,0,0,0,0,3,0,0,0,0,0,0,0,N,N,N
2012-10-05 00:00:00,E,G-27,27153181,197,7,R,13561,14,SVON01,5676,2012-10-05 21:25:16,2012-10-05 21:27:08,35,35,2,0,13,0,0,2,0,0,0,0,0,0,0,0,0,N,N,N
2012-10-05 00:00:00,E,G-27,27153181,197,7,R,13561,15,RSMA01,5895,2012-10-05 21:25:42,2012-10-05 21:27:32,35,35,0,0,13,0,0,0,0,0,0,0,0,0,0,0,0,N,N,N
2012-10-05 00:00:00,E,G-27,27153181,197,7,R,13561,16,CLGE01,6221,2012-10-05 21:26:20,2012-10-05 21:28:09,35,35,1,0,14,0,0,1,0,0,0,0,0,0,0,0,0,N,N,N
2012-10-05 00:00:00,E,G-27,27153181,197,7,R,13561,17,BELL01,6596,2012-10-05 21:27:21,2012-10-05 21:28:59,35,35,0,0,14,0,0,0,0,0,0,0,0,0,0,0,0,N,N,N
2012-10-05 00:00:00,E,G-27,27153181,197,7,R,13561,18,BOCA01,6955,2012-10-05 21:28:20,2012-10-05 21:29:53,35,35,7,0,21,0,0,2,0,5,0,0,0,0,0,0,0,N,N,N
2012-10-05 00:00:00,E,G-27,27153181,197,7,R,13561,19,BISE01,7529,2012-10-05 21:29:42,2012-10-05 21:30:58,35,35,1,0,22,0,0,1,0,0,0,0,0,0,0,0,0,N,N,N
2012-10-05 00:00:00,E,G-27,27153181,197,7,R,13561,20,VSNA01,7925,2012-10-05 21:30:40,2012-10-05 21:32:19,35,35,6,0,28,0,0,2,0,3,0,1,0,0,0,0,0,N,Y,Y
2012-10-05 00:00:00,E,G-27,27153181,197,7,R,13561,21,BLTE01,8640,2012-10-05 21:31:48,2012-10-05 21:33:39,35,35,0,0,28,0,0,0,0,0,0,0,0,0,0,0,0,N,Y,N
2012-10-05 00:00:00,E,G-27,27153181,197,7,R,13561,22,BOIS01,8904,2012-10-05 21:32:14,2012-10-05 21:34:09,35,35,0,0,28,0,0,0,0,0,0,0,0,0,0,0,0,N,N,Y
2012-10-05 00:00:00,E,G-27,27153181,197,7,R,13561,23,RUTH01,9684,2012-10-05 21:33:29,2012-10-05 21:35:30,35,35,0,0,28,0,0,0,0,0,0,0,0,0,0,0,0,N,N,N
2012-10-05 00:00:00,E,G-27,27153181,197,7,R,13561,24,TCRE01,10003,2012-10-05 21:34:00,2012-10-05 21:36:07,35,35,2,0,30,0,0,2,0,0,0,0,0,0,0,0,0,N,N,N
2012-10-05 00:00:00,E,G-27,27153181,197,7,R,13561,25,MGRE01,10424,2012-10-05 21:34:40,2012-10-05 21:36:50,35,35,0,0,30,0,0,0,0,0,0,0,0,0,0,0,0,N,N,N
2012-10-05 00:00:00,E,G-27,27153181,197,7,R,13561,26,CRIG01,11079,2012-10-05 21:35:43,2012-10-05 21:37:49,35,35,0,1,29,0,0,0,1,0,0,0,0,0,0,0,0,N,N,N
2012-10-05 00:00:00,E,G-27,27153181,197,7,R,13561,27,PLGE03,11664,2012-10-05 21:36:40,2012-10-05 21:39:27,35,35,0,0,29,0,0,0,0,0,0,0,0,0,0,0,0,N,N,N
2012-10-05 00:00:00,E,G-27,27153181,197,7,R,13561,28,AUBI00,12646,2012-10-05 21:39:56,2012-10-05 21:41:32,35,35,0,1,28,0,1,0,0,0,0,0,0,0,0,0,0,N,N,N
2012-10-05 00:00:00,E,G-27,27153181,197,7,R,13561,29,VOLL00,12830,2012-10-05 21:40:33,2012-10-05 21:42:13,35,35,2,0,30,0,0,1,0,1,0,0,0,0,0,0,0,N,N,N
2012-10-05 00:00:00,E,G-27,27153181,197,7,R,13561,30,RLAC00,13124,2012-10-05 21:41:32,2012-10-05 21:43:11,35,35,2,4,28,1,2,1,1,0,1,0,0,0,0,0,0,N,N,N
2012-10-05 00:00:00,E,G-27,27153181,197,7,R,13561,31,PLEV00,13355,2012-10-05 21:42:18,2012-10-05 21:44:05,35,35,1,7,22,0,2,0,2,1,3,0,0,0,0,0,0,N,N,N
2012-10-05 00:00:00,E,G-27,27153181,197,7,R,13561,32,RIVE04,13561,2012-10-05 21:43:00,2012-10-05 21:45:22,35,35,0,22,0,0,8,0,4,0,6,0,4,0,0,0,0,N,N,N
2012-10-05 00:00:00,E,G-27,27153183,197,4,A,13331,1,RIVE03,0,2012-10-05 21:50:00,2012-10-05 21:50:09,48,49,38,0,38,4,0,8,0,7,0,19,0,0,0,0,0,N,N,N
2012-10-05 00:00:00,E,G-27,27153183,197,4,A,13331,2,VOLL02,599,2012-10-05 21:51:34,2012-10-05 21:52:26,48,49,4,3,39,0,1,0,2,0,0,4,0,0,0,0,0,N,N,N
2012-10-05 00:00:00,E,G-27,27153183,197,4,A,13331,3,PLGE01,1773,2012-10-05 21:54:40,2012-10-05 21:54:53,48,49,3,3,39,0,0,0,1,3,2,0,0,0,0,0,0,N,N,N
2012-10-05 00:00:00,E,G-27,27153183,197,4,A,13331,4,CRIG00,2429,2012-10-05 21:55:34,2012-10-05 21:56:41,48,49,0,0,39,0,0,0,0,0,0,0,0,0,0,0,0,N,N,N
2012-10-05 00:00:00,E,G-27,27153183,197,4,A,13331,5,MGRE00,3071,2012-10-05 21:56:28,2012-10-05 21:57:29,48,49,0,0,39,0,0,0,0,0,0,0,0,0,0,0,0,N,N,N
2012-10-05 00:00:00,E,G-27,27153183,197,4,A,13331,6,TCRE00,3512,2012-10-05 21:57:04,2012-10-05 21:58:13,48,49,1,0,40,0,0,1,0,0,0,0,0,0,0,0,0,N,N,N
2012-10-05 00:00:00,E,G-27,27153183,197,4,A,13331,7,RUTH00,3855,2012-10-05 21:57:33,2012-10-05 21:58:46,48,49,0,0,40,0,0,0,0,0,0,0,0,0,0,0,0,N,N,N
2012-10-05 00:00:00,E,G-27,27153183,197,4,A,13331,8,BOIS00,4602,2012-10-05 21:58:35,2012-10-05 21:59:36,48,49,0,0,40,0,0,0,0,0,0,0,0,0,0,0,0,N,N,N
2012-10-05 00:00:00,E,G-27,27153183,197,4,A,13331,9,BLTE00,4952,2012-10-05 21:59:04,2012-10-05 22:00:13,48,49,0,1,39,0,0,0,0,0,1,0,0,0,0,0,0,N,N,N
2012-10-05 00:00:00,E,G-27,27153183,197,4,A,13331,10,VSNA00,5376,2012-10-05 21:59:40,2012-10-05 22:01:11,48,49,0,0,39,0,0,0,0,0,0,0,0,0,0,0,0,N,N,N
2012-10-05 00:00:00,E,G-27,27153183,197,4,A,13331,11,BISE00,6003,2012-10-05 22:01:12,2012-10-05 22:03:17,48,49,0,11,28,0,0,0,5,0,3,0,3,0,0,0,0,N,N,N
2012-10-05 00:00:00,E,G-27,27153183,197,4,A,13331,12,BOCA00,6595,2012-10-05 22:02:40,2012-10-05 22:04:06,48,49,0,0,28,0,0,0,0,0,0,0,0,0,0,0,0,N,N,N
2012-10-05 00:00:00,E,G-27,27153183,197,4,A,13331,13,BELL00,6958,2012-10-05 22:03:34,2012-10-05 22:04:45,48,49,1,1,28,0,0,1,0,0,0,0,1,0,0,0,0,N,N,N
2012-10-05 00:00:00,E,G-27,27153183,197,4,A,13331,14,CLGE00,7257,2012-10-05 22:04:20,2012-10-05 22:05:30,48,49,1,1,28,0,0,1,0,0,1,0,0,0,0,0,0,N,N,N
2012-10-05 00:00:00,E,G-27,27153183,197,4,A,13331,15,RSMA00,7661,2012-10-05 22:05:10,2012-10-05 22:06:06,48,49,0,0,28,0,0,0,0,0,0,0,0,0,0,0,0,N,N,N
2012-10-05 00:00:00,E,G-27,27153183,197,4,A,13331,16,SVON00,7866,2012-10-05 22:05:36,2012-10-05 22:06:31,48,49,0,0,28,0,0,0,0,0,0,0,0,0,0,0,0,N,N,N
2012-10-05 00:00:00,E,G-27,27153183,197,4,A,13331,17,GAIU00,8173,2012-10-05 22:06:14,2012-10-05 22:06:59,48,49,0,0,28,0,0,0,0,0,0,0,0,0,0,0,0,N,N,N
2012-10-05 00:00:00,E,G-27,27153183,197,4,A,13331,18,CIPO00,8699,2012-10-05 22:07:20,2012-10-05 22:07:41,48,49,0,0,28,0,0,0,0,0,0,0,0,0,0,0,0,N,N,N
2012-10-05 00:00:00,E,G-27,27153183,197,4,A,13331,19,PPAL00,9007,2012-10-05 22:07:56,2012-10-05 22:08:10,48,49,0,0,28,0,0,0,0,0,0,0,0,0,0,0,0,N,N,N
2012-10-05 00:00:00,E,G-27,27153183,197,4,A,13331,20,NAIS00,9482,2012-10-05 22:08:52,2012-10-05 22:08:56,48,49,0,1,27,0,1,0,0,0,0,0,0,0,0,0,0,N,N,N
2012-10-05 00:00:00,E,G-27,27153183,197,4,A,13331,21,MARG00,9740,2012-10-05 22:09:22,2012-10-05 22:09:40,48,49,0,2,25,0,0,0,2,0,0,0,0,0,0,0,0,N,N,N
2012-10-05 00:00:00,E,G-27,27153183,197,4,A,13331,22,ANRS00,10227,2012-10-05 22:10:20,2012-10-05 22:10:40,48,49,0,10,15,0,0,0,5,0,3,0,2,0,0,0,0,N,N,N
2012-10-05 00:00:00,E,G-27,27153183,197,4,A,13331,23,CRBS00,10777,2012-10-05 22:11:20,2012-10-05 22:11:38,48,49,0,1,14,0,0,0,0,0,1,0,0,0,0,0,0,N,N,N
2012-10-05 00:00:00,E,G-27,27153183,197,4,A,13331,24,CHVA00,11083,2012-10-05 22:11:53,2012-10-05 22:12:04,48,49,0,0,14,0,0,0,0,0,0,0,0,0,0,0,0,N,N,N
2012-10-05 00:00:00,E,G-27,27153183,197,4,A,13331,25,SSCH00,11549,2012-10-05 22:12:44,2012-10-05 22:12:46,48,49,0,1,13,0,1,0,0,0,0,0,0,0,0,0,0,N,N,N
2012-10-05 00:00:00,E,G-27,27153183,197,4,A,13331,26,GRAV00,11835,2012-10-05 22:13:16,2012-10-05 22:13:13,48,49,0,0,13,0,0,0,0,0,0,0,0,0,0,0,0,N,N,N
2012-10-05 00:00:00,E,G-27,27153183,197,4,A,13331,27,VLLA00,12373,2012-10-05 22:14:15,2012-10-05 22:13:44,48,49,0,0,13,0,0,0,0,0,0,0,0,0,0,0,0,N,N,N
2012-10-05 00:00:00,E,G-27,27153183,197,4,A,13331,28,TRIZ00,12772,2012-10-05 22:14:58,2012-10-05 22:14:29,48,49,0,2,11,0,0,0,2,0,0,0,0,0,0,0,0,N,Y,Y
2012-10-05 00:00:00,E,G-27,27153183,197,4,A,13331,29,HERM00,13331,2012-10-05 22:16:00,2012-10-05 22:15:28,48,49,0,12,0,0,5,0,4,0,1,0,2,0,0,0,0,N,N,N
2012-10-05 00:00:00,E,G-27,27153184,197,7,R,13561,1,HERM00,0,2012-10-05 22:25:00,2012-10-05 22:25:23,29,28,10,0,10,3,0,6,0,0,0,1,0,0,0,0,0,N,N,N
2012-10-05 00:00:00,E,G-27,27153184,197,7,R,13561,2,TRIZ01,578,2012-10-05 22:26:04,2012-10-05 22:26:59,29,28,0,0,10,0,0,0,0,0,0,0,0,0,0,0,0,N,N,N
2012-10-05 00:00:00,E,G-27,27153184,197,7,R,13561,3,VLLA01,1057,2012-10-05 22:26:57,2012-10-05 22:27:37,29,28,0,0,10,0,0,0,0,0,0,0,0,0,0,0,0,N,N,N
2012-10-05 00:00:00,E,G-27,27153184,197,7,R,13561,4,GRAV01,1523,2012-10-05 22:27:48,2012-10-05 22:28:05,29,28,0,0,10,0,0,0,0,0,0,0,0,0,0,0,0,N,N,N
2012-10-05 00:00:00,E,G-27,27153184,197,7,R,13561,5,SSCH01,1836,2012-10-05 22:28:23,2012-10-05 22:28:27,29,28,0,0,10,0,0,0,0,0,0,0,0,0,0,0,0,N,N,N
2012-10-05 00:00:00,E,G-27,27153184,197,7,R,13561,6,CHVA01,2438,2012-10-05 22:29:30,2012-10-05 22:29:12,29,28,0,0,10,0,0,0,0,0,0,0,0,0,0,0,0,N,N,N
2012-10-05 00:00:00,E,G-27,27153184,197,7,R,13561,7,CRBS01,2748,2012-10-05 22:30:04,2012-10-05 22:29:32,29,28,0,0,10,0,0,0,0,0,0,0,0,0,0,0,0,N,N,N
2012-10-05 00:00:00,E,G-27,27153184,197,7,R,13561,8,ANRS01,3247,2012-10-05 22:31:00,2012-10-05 22:30:17,29,28,0,0,10,0,0,0,0,0,0,0,0,0,0,0,0,N,N,N
2012-10-05 00:00:00,E,G-27,27153184,197,7,R,13561,9,MARG01,3744,2012-10-05 22:31:49,2012-10-05 22:30:59,29,28,0,0,10,0,0,0,0,0,0,0,0,0,0,0,0,N,N,N
2012-10-05 00:00:00,E,G-27,27153184,197,7,R,13561,10,NAIS01,4009,2012-10-05 22:32:16,2012-10-05 22:31:18,29,28,0,0,10,0,0,0,0,0,0,0,0,0,0,0,0,N,N,N
2012-10-05 00:00:00,E,G-27,27153184,197,7,R,13561,11,PPAL01,4525,2012-10-05 22:33:07,2012-10-05 22:32:13,29,28,4,0,14,0,0,0,0,4,0,0,0,0,0,0,0,N,N,N
2012-10-05 00:00:00,E,G-27,27153184,197,7,R,13561,12,CIPO01,4846,2012-10-05 22:33:40,2012-10-05 22:32:52,29,28,0,0,14,0,0,0,0,0,0,0,0,0,0,0,0,N,N,N
2012-10-05 00:00:00,E,G-27,27153184,197,7,R,13561,13,GAIU01,5314,2012-10-05 22:34:34,2012-10-05 22:33:48,29,28,1,0,15,0,0,1,0,0,0,0,0,0,0,0,0,N,N,N
2012-10-05 00:00:00,E,G-27,27153184,197,7,R,13561,14,SVON01,5676,2012-10-05 22:35:16,2012-10-05 22:34:39,29,28,1,0,16,0,0,0,0,1,0,0,0,0,0,0,0,N,N,N
2012-10-05 00:00:00,E,G-27,27153184,197,7,R,13561,15,RSMA01,5895,2012-10-05 22:35:42,2012-10-05 22:35:03,29,28,0,0,16,0,0,0,0,0,0,0,0,0,0,0,0,N,N,N
2012-10-05 00:00:00,E,G-27,27153184,197,7,R,13561,16,CLGE01,6221,2012-10-05 22:36:20,2012-10-05 22:35:52,29,28,4,0,20,0,0,0,0,1,0,3,0,0,0,0,0,N,N,N
2012-10-05 00:00:00,E,G-27,27153184,197,7,R,13561,17,BELL01,6596,2012-10-05 22:37:11,2012-10-05 22:36:47,29,28,1,0,21,1,0,0,0,0,0,0,0,0,0,0,0,N,N,N
2012-10-05 00:00:00,E,G-27,27153184,197,7,R,13561,18,BOCA01,6955,2012-10-05 22:38:00,2012-10-05 22:37:31,29,28,0,0,21,0,0,0,0,0,0,0,0,0,0,0,0,N,N,N
2012-10-05 00:00:00,E,G-27,27153184,197,7,R,13561,19,BISE01,7529,2012-10-05 22:39:22,2012-10-05 22:38:19,29,28,0,0,21,0,0,0,0,0,0,0,0,0,0,0,0,N,N,N
2012-10-05 00:00:00,E,G-27,27153184,197,7,R,13561,20,VSNA01,7925,2012-10-05 22:40:20,2012-10-05 22:39:42,29,28,2,0,23,0,0,0,0,2,0,0,0,0,0,0,0,N,Y,Y
2012-10-05 00:00:00,E,G-27,27153184,197,7,R,13561,21,BLTE01,8640,2012-10-05 22:41:28,2012-10-05 22:40:48,29,28,0,0,23,0,0,0,0,0,0,0,0,0,0,0,0,N,N,N
2012-10-05 00:00:00,E,G-27,27153184,197,7,R,13561,22,BOIS01,8904,2012-10-05 22:41:54,2012-10-05 22:41:04,29,28,0,0,23,0,0,0,0,0,0,0,0,0,0,0,0,N,N,N
2012-10-05 00:00:00,E,G-27,27153184,197,7,R,13561,23,RUTH01,9684,2012-10-05 22:43:09,2012-10-05 22:42:04,29,28,0,0,23,0,0,0,0,0,0,0,0,0,0,0,0,N,N,N
2012-10-05 00:00:00,E,G-27,27153184,197,7,R,13561,24,TCRE01,10003,2012-10-05 22:43:40,2012-10-05 22:42:29,29,28,0,0,23,0,0,0,0,0,0,0,0,0,0,0,0,N,N,N
2012-10-05 00:00:00,E,G-27,27153184,197,7,R,13561,25,MGRE01,10424,2012-10-05 22:44:20,2012-10-05 22:43:09,29,28,0,0,23,0,0,0,0,0,0,0,0,0,0,0,0,N,N,N
2012-10-05 00:00:00,E,G-27,27153184,197,7,R,13561,26,CRIG01,11079,2012-10-05 22:45:23,2012-10-05 22:43:54,29,28,0,0,23,0,0,0,0,0,0,0,0,0,0,0,0,N,N,N
2012-10-05 00:00:00,E,G-27,27153184,197,7,R,13561,27,PLGE03,11664,2012-10-05 22:46:20,2012-10-05 22:44:54,29,28,0,0,23,0,0,0,0,0,0,0,0,0,0,0,0,N,N,N
2012-10-05 00:00:00,E,G-27,27153184,197,7,R,13561,28,AUBI00,12646,2012-10-05 22:49:16,2012-10-05 22:47:06,29,28,1,0,24,0,0,1,0,0,0,0,0,0,0,0,0,N,N,N
2012-10-05 00:00:00,E,G-27,27153184,197,7,R,13561,29,VOLL00,12830,2012-10-05 22:49:48,2012-10-05 22:47:44,29,28,1,2,23,0,0,1,2,0,0,0,0,0,0,0,0,N,N,N
2012-10-05 00:00:00,E,G-27,27153184,197,7,R,13561,30,RLAC00,13124,2012-10-05 22:50:41,2012-10-05 22:48:37,29,28,3,0,26,0,0,0,0,0,0,3,0,0,0,0,0,N,N,N
2012-10-05 00:00:00,E,G-27,27153184,197,7,R,13561,31,PLEV00,13355,2012-10-05 22:51:23,2012-10-05 22:50:46,29,28,1,7,20,0,0,0,3,0,3,1,1,0,0,0,0,N,N,N
2012-10-05 00:00:00,E,G-27,27153184,197,7,R,13561,32,RIVE04,13561,2012-10-05 22:52:00,2012-10-05 22:51:30,29,28,0,19,1,0,5,0,3,0,4,0,7,0,0,0,0,N,N,N
2012-10-05 00:00:00,G,G-27,27153186,197,55,A,12759,1,RIVE03,0,2012-10-05 23:00:00,2012-10-05 23:00:07,39,40,32,0,32,3,0,7,0,17,0,5,0,0,0,0,0,N,N,N
2012-10-05 00:00:00,G,G-27,27153186,197,55,A,12759,2,VOLL02,599,2012-10-05 23:01:34,2012-10-05 23:02:40,39,40,3,0,35,0,0,0,0,3,0,0,0,0,0,0,0,N,N,N
2012-10-05 00:00:00,G,G-27,27153186,197,55,A,12759,3,PLGE01,1773,2012-10-05 23:04:40,2012-10-05 23:04:29,39,40,0,0,35,0,0,0,0,0,0,0,0,0,0,0,0,N,N,N
2012-10-05 00:00:00,G,G-27,27153186,197,55,A,12759,4,CRIG00,2429,2012-10-05 23:05:34,2012-10-05 23:05:44,39,40,0,1,34,0,0,0,0,0,1,0,0,0,0,0,0,N,N,N
2012-10-05 00:00:00,G,G-27,27153186,197,55,A,12759,5,MGRE00,3071,2012-10-05 23:06:28,2012-10-05 23:06:33,39,40,0,0,34,0,0,0,0,0,0,0,0,0,0,0,0,N,N,N
2012-10-05 00:00:00,G,G-27,27153186,197,55,A,12759,6,TCRE00,3512,2012-10-05 23:07:04,2012-10-05 23:07:00,39,40,0,0,34,0,0,0,0,0,0,0,0,0,0,0,0,N,N,N
2012-10-05 00:00:00,G,G-27,27153186,197,55,A,12759,7,RUTH00,3855,2012-10-05 23:07:33,2012-10-05 23:07:21,39,40,0,0,34,0,0,0,0,0,0,0,0,0,0,0,0,N,N,N
2012-10-05 00:00:00,G,G-27,27153186,197,55,A,12759,8,BOIS00,4602,2012-10-05 23:08:35,2012-10-05 23:08:07,39,40,0,0,34,0,0,0,0,0,0,0,0,0,0,0,0,N,N,N
2012-10-05 00:00:00,G,G-27,27153186,197,55,A,12759,9,BLTE00,4952,2012-10-05 23:09:04,2012-10-05 23:08:43,39,40,0,0,34,0,0,0,0,0,0,0,0,0,0,0,0,N,N,N
2012-10-05 00:00:00,G,G-27,27153186,197,55,A,12759,10,VSNA00,5376,2012-10-05 23:09:40,2012-10-05 23:09:37,39,40,0,0,34,0,0,0,0,0,0,0,0,0,0,0,0,N,N,N
2012-10-05 00:00:00,G,G-27,27153186,197,55,A,12759,11,MANC00,6064,2012-10-05 23:11:07,2012-10-05 23:11:29,39,40,3,10,27,3,1,0,8,0,1,0,0,0,0,0,0,N,N,N
2012-10-05 00:00:00,G,G-27,27153186,197,55,A,12759,12,PETR00,6449,2012-10-05 23:11:56,2012-10-05 23:12:10,39,40,1,1,27,0,1,0,0,1,0,0,0,0,0,0,0,N,N,N
2012-10-05 00:00:00,G,G-27,27153186,197,55,A,12759,13,BOGA00,6938,2012-10-05 23:12:58,2012-10-05 23:13:02,39,40,0,2,25,0,1,0,0,0,1,0,0,0,0,0,0,N,N,N
2012-10-05 00:00:00,G,G-27,27153186,197,55,A,12759,14,PLLT00,7266,2012-10-05 23:13:40,2012-10-05 23:13:46,39,40,0,1,24,0,0,0,0,0,1,0,0,0,0,0,0,N,N,N
2012-10-05 00:00:00,G,G-27,27153186,197,55,A,12759,15,LADA00,7691,2012-10-05 23:14:26,2012-10-05 23:14:26,39,40,0,0,24,0,0,0,0,0,0,0,0,0,0,0,0,N,N,N
2012-10-05 00:00:00,G,G-27,27153186,197,55,A,12759,16,REPE00,8247,2012-10-05 23:15:26,2012-10-05 23:15:01,39,40,0,0,24,0,0,0,0,0,0,0,0,0,0,0,0,N,N,N
2012-10-05 00:00:00,G,G-27,27153186,197,55,A,12759,17,SOLE00,8855,2012-10-05 23:16:32,2012-10-05 23:15:50,39,40,0,1,23,0,0,0,0,0,1,0,0,0,0,0,0,N,N,N
2012-10-05 00:00:00,G,G-27,27153186,197,55,A,12759,18,MNEU00,9105,2012-10-05 23:17:00,2012-10-05 23:16:17,39,40,0,0,23,0,0,0,0,0,0,0,0,0,0,0,0,N,N,N
2012-10-05 00:00:00,G,G-27,27153186,197,55,A,12759,19,CIVI00,9749,2012-10-05 23:18:40,2012-10-05 23:17:56,39,40,0,8,15,0,0,0,1,0,2,0,5,0,0,0,0,N,N,N
2012-10-05 00:00:00,G,G-27,27153186,197,55,A,12759,20,MNEU99,10304,2012-10-05 23:19:43,2012-10-05 23:19:28,39,40,0,0,15,0,0,0,0,0,0,0,0,0,0,0,0,N,N,N
2012-10-05 00:00:00,G,G-27,27153186,197,55,A,12759,21,ANDO00,11329,2012-10-05 23:21:40,2012-10-05 23:20:48,39,40,0,16,0,0,4,0,5,0,2,0,5,0,0,0,0,N,Y,N
2012-10-05 00:00:00,G,G-27,27153187,197,57,R,12656,1,PRVG02,0,2012-10-05 23:29:00,2012-10-05 23:29:27,18,17,1,0,1,1,0,0,0,0,0,0,0,0,0,0,0,N,N,Y
2012-10-05 00:00:00,G,G-27,27153187,197,57,R,12656,2,_DOANS,730,2012-10-05 23:30:16,2012-10-05 23:30:54,18,17,0,0,1,0,0,0,0,0,0,0,0,0,0,0,0,N,Y,N
2012-10-05 00:00:00,G,G-27,27153187,197,57,R,12656,3,ANDO01,1397,2012-10-05 23:31:26,2012-10-05 23:32:29,18,17,2,2,1,0,0,0,0,0,0,2,2,0,0,0,0,N,N,Y
2012-10-05 00:00:00,G,G-27,27153187,197,57,R,12656,4,MNEU98,2268,2012-10-05 23:32:57,2012-10-05 23:33:30,18,17,0,0,1,0,0,0,0,0,0,0,0,0,0,0,0,N,N,N
2012-10-05 00:00:00,G,G-27,27153187,197,57,R,12656,5,CIVI00,2860,2012-10-05 23:34:00,2012-10-05 23:34:47,18,17,0,0,1,0,0,0,0,0,0,0,0,0,0,0,0,N,N,N
2012-10-05 00:00:00,G,G-27,27153187,197,57,R,12656,6,MNEU01,3407,2012-10-05 23:35:04,2012-10-05 23:36:26,18,17,0,0,1,0,0,0,0,0,0,0,0,0,0,0,0,N,N,N
2012-10-05 00:00:00,G,G-27,27153187,197,57,R,12656,7,SOLE01,3723,2012-10-05 23:35:41,2012-10-05 23:36:59,18,17,0,0,1,0,0,0,0,0,0,0,0,0,0,0,0,N,N,N
2012-10-05 00:00:00,G,G-27,27153187,197,57,R,12656,8,REPE01,4297,2012-10-05 23:36:48,2012-10-05 23:37:51,18,17,3,0,4,0,0,3,0,0,0,0,0,0,0,0,0,N,N,N
2012-10-05 00:00:00,G,G-27,27153187,197,57,R,12656,9,LADA01,4910,2012-10-05 23:38:00,2012-10-05 23:38:42,18,17,1,0,5,0,0,1,0,0,0,0,0,0,0,0,0,N,N,N
2012-10-05 00:00:00,G,G-27,27153187,197,57,R,12656,10,PLLT01,5321,2012-10-05 23:39:00,2012-10-05 23:39:22,18,17,0,0,5,0,0,0,0,0,0,0,0,0,0,0,0,N,N,N
2012-10-05 00:00:00,G,G-27,27153187,197,57,R,12656,11,BOGA01,5641,2012-10-05 23:39:41,2012-10-05 23:40:01,18,17,0,1,4,0,0,0,1,0,0,0,0,0,0,0,0,N,N,N
2012-10-05 00:00:00,G,G-27,27153187,197,57,R,12656,12,PETR01,6181,2012-10-05 23:40:51,2012-10-05 23:40:45,18,17,0,0,4,0,0,0,0,0,0,0,0,0,0,0,0,N,N,N
2012-10-05 00:00:00,G,G-27,27153187,197,57,R,12656,13,MANC01,6519,2012-10-05 23:41:35,2012-10-05 23:41:11,18,17,0,0,4,0,0,0,0,0,0,0,0,0,0,0,0,N,N,N
2012-10-05 00:00:00,G,G-27,27153187,197,57,R,12656,14,VSNA01,7020,2012-10-05 23:42:40,2012-10-05 23:43:07,18,17,9,0,13,0,0,3,0,1,0,5,0,0,0,0,0,N,N,N
2012-10-05 00:00:00,G,G-27,27153187,197,57,R,12656,15,BLTE01,7735,2012-10-05 23:43:48,2012-10-05 23:44:35,18,17,0,0,13,0,0,0,0,0,0,0,0,0,0,0,0,N,N,N
2012-10-05 00:00:00,G,G-27,27153187,197,57,R,12656,16,BOIS01,7999,2012-10-05 23:44:14,2012-10-05 23:44:54,18,17,0,0,13,0,0,0,0,0,0,0,0,0,0,0,0,N,Y,N
2012-10-05 00:00:00,G,G-27,27153187,197,57,R,12656,17,RUTH01,8779,2012-10-05 23:45:29,2012-10-05 23:46:04,18,17,1,1,13,0,0,1,1,0,0,0,0,0,0,0,0,N,N,Y
2012-10-05 00:00:00,G,G-27,27153187,197,57,R,12656,18,TCRE01,9098,2012-10-05 23:46:00,2012-10-05 23:46:35,18,17,0,0,13,0,0,0,0,0,0,0,0,0,0,0,0,N,N,N
2012-10-05 00:00:00,G,G-27,27153187,197,57,R,12656,19,MGRE01,9519,2012-10-05 23:46:40,2012-10-05 23:47:00,18,17,0,0,13,0,0,0,0,0,0,0,0,0,0,0,0,N,N,N
2012-10-05 00:00:00,G,G-27,27153187,197,57,R,12656,20,CRIG01,10174,2012-10-05 23:47:43,2012-10-05 23:47:37,18,17,0,0,13,0,0,0,0,0,0,0,0,0,0,0,0,N,N,N
2012-10-05 00:00:00,G,G-27,27153187,197,57,R,12656,21,PLGE03,10759,2012-10-05 23:48:40,2012-10-05 23:49:25,18,17,0,1,12,0,0,0,1,0,0,0,0,0,0,0,0,N,N,N
2012-10-05 00:00:00,G,G-27,27153187,197,57,R,12656,22,AUBI00,11741,2012-10-05 23:51:25,2012-10-05 23:51:30,18,17,0,0,12,0,0,0,0,0,0,0,0,0,0,0,0,N,N,N
2012-10-05 00:00:00,G,G-27,27153187,197,57,R,12656,23,VOLL00,11925,2012-10-05 23:51:56,2012-10-05 23:52:06,18,17,1,3,10,0,0,1,1,0,2,0,0,0,0,0,0,N,N,N
2012-10-05 00:00:00,G,G-27,27153187,197,57,R,12656,24,RLAC00,12219,,2012-10-05 23:53:01,18,17,0,1,9,0,0,0,1,0,0,0,0,0,0,0,0,N,Y,Y
2012-10-05 00:00:00,G,G-27,27153187,197,57,R,12656,25,PLEV00,12450,2012-10-05 23:53:25,2012-10-05 23:53:59,18,17,0,1,8,0,1,0,0,0,0,0,0,0,0,0,0,N,N,N
2012-10-05 00:00:00,G,G-27,27153187,197,57,R,12656,26,RIVE04,12656,2012-10-05 23:54:00,2012-10-05 23:54:47,18,17,0,7,1,0,1,0,2,0,2,0,2,0,0,0,0,N,N,N
2012-10-05 00:00:00,C,C-47,27152340,198,6,A,16275,1,MALA00,0,2012-10-05 16:13:00,2012-10-05 16:14:03,31,36,4,3,1,2,3,2,0,0,0,0,0,0,0,0,0,N,N,N
2012-10-05 00:00:00,C,C-47,27152340,198,6,A,16275,2,VLON00,516,2012-10-05 16:14:16,2012-10-05 16:17:01,31,36,0,0,1,0,0,0,0,0,0,0,0,0,0,0,0,N,N,N
2012-10-05 00:00:00,C,C-47,27152340,198,6,A,16275,3,CCLA00,949,2012-10-05 16:15:20,2012-10-05 16:17:50,31,36,4,1,4,0,0,4,1,0,0,0,0,0,0,0,0,N,N,N
2012-10-05 00:00:00,C,C-47,27152340,198,6,A,16275,4,PRSM00,1371,2012-10-05 16:16:20,2012-10-05 16:18:55,31,36,5,2,7,1,0,0,0,3,0,1,2,0,0,0,0,N,N,N
2012-10-05 00:00:00,C,C-47,27152340,198,6,A,16275,5,CSSM01,1773,2012-10-05 16:19:00,2012-10-05 16:20:52,31,36,1,0,8,0,0,1,0,0,0,0,0,0,0,0,0,N,N,N
2012-10-05 00:00:00,C,C-47,27152340,198,6,A,16275,6,FOSA00,2320,2012-10-05 16:20:59,2012-10-05 16:22:29,31,36,1,4,5,0,1,1,0,0,0,0,3,0,0,0,0,N,N,N
2012-10-05 00:00:00,C,C-47,27152340,198,6,A,16275,7,CYPR00,2629,2012-10-05 16:22:07,2012-10-05 16:23:17,31,36,0,1,4,0,0,0,1,0,0,0,0,0,0,0,0,N,N,N
2012-10-05 00:00:00,C,C-47,27152340,198,6,A,16275,8,MATH00,2900,2012-10-05 16:23:06,2012-10-05 16:24:12,31,36,1,0,5,0,0,1,0,0,0,0,0,0,0,0,0,N,N,N
2012-10-05 00:00:00,C,C-47,27152340,198,6,A,16275,9,AJEN01,3148,2012-10-05 16:24:00,2012-10-05 16:24:50,31,36,0,0,5,0,0,0,0,0,0,0,0,0,0,0,0,N,N,N
2012-10-05 00:00:00,C,C-47,27152340,198,6,A,16275,10,GSON00,3603,2012-10-05 16:25:40,2012-10-05 16:27:05,31,36,11,5,11,0,3,5,2,4,0,2,0,0,0,0,0,N,N,N
2012-10-05 00:00:00,C,C-47,27152340,198,6,A,16275,11,LVAL00,4220,2012-10-05 16:27:52,2012-10-05 16:28:59,31,36,3,2,12,0,1,1,1,0,0,2,0,0,0,0,0,N,N,N
2012-10-05 00:00:00,C,C-47,27152340,198,6,A,16275,12,PIBO00,4626,2012-10-05 16:29:20,2012-10-05 16:30:14,31,36,1,2,11,1,1,0,0,0,1,0,0,0,0,0,0,N,N,N
2012-10-05 00:00:00,C,C-47,27152340,198,6,A,16275,13,SILO00,5114,2012-10-05 16:30:40,2012-10-05 16:31:30,31,36,0,3,8,0,0,0,0,0,0,0,3,0,0,0,0,N,N,N
2012-10-05 00:00:00,C,C-47,27152340,198,6,A,16275,14,PSUD00,5473,2012-10-05 16:31:40,2012-10-05 16:32:05,31,36,0,0,8,0,0,0,0,0,0,0,0,0,0,0,0,N,N,N
2012-10-05 00:00:00,C,C-47,27152340,198,6,A,16275,15,MIDE01,5803,2012-10-05 16:32:40,2012-10-05 16:33:20,31,36,0,2,6,0,0,0,1,0,1,0,0,0,0,0,0,N,N,N
2012-10-05 00:00:00,C,C-47,27152340,198,6,A,16275,16,PTOU00,6220,2012-10-05 16:33:58,2012-10-05 16:34:25,31,36,0,0,6,0,0,0,0,0,0,0,0,0,0,0,0,N,N,N
2012-10-05 00:00:00,C,C-47,27152340,198,6,A,16275,17,GRES00,6542,2012-10-05 16:34:59,2012-10-05 16:35:32,31,36,0,0,6,0,0,0,0,0,0,0,0,0,0,0,0,N,N,N
2012-10-05 00:00:00,C,C-47,27152340,198,6,A,16275,18,PUMA01,6866,2012-10-05 16:36:00,2012-10-05 16:36:45,31,36,0,1,5,0,0,0,1,0,0,0,0,0,0,0,0,N,N,N
2012-10-05 00:00:00,C,C-47,27152340,198,6,A,16275,19,AUMO00,7113,2012-10-05 16:36:31,2012-10-05 16:37:38,31,36,0,0,5,0,0,0,0,0,0,0,0,0,0,0,0,N,N,N
2012-10-05 00:00:00,C,C-47,27152340,198,6,A,16275,20,CRNR00,7603,2012-10-05 16:37:33,2012-10-05 16:38:28,31,36,0,0,5,0,0,0,0,0,0,0,0,0,0,0,0,N,N,N
2012-10-05 00:00:00,C,C-47,27152340,198,6,A,16275,21,BORN00,7995,2012-10-05 16:38:23,2012-10-05 16:39:04,31,36,0,0,5,0,0,0,0,0,0,0,0,0,0,0,0,N,N,N
2012-10-05 00:00:00,C,C-47,27152340,198,6,A,16275,22,CADO00,8330,2012-10-05 16:39:06,2012-10-05 16:39:43,31,36,0,1,4,0,0,0,0,0,1,0,0,0,0,0,0,N,N,N
2012-10-05 00:00:00,C,C-47,27152340,198,6,A,16275,23,GRCA00,8786,2012-10-05 16:40:04,2012-10-05 16:40:31,31,36,0,0,4,0,0,0,0,0,0,0,0,0,0,0,0,N,N,N
2012-10-05 00:00:00,C,C-47,27152340,198,6,A,16275,24,BASL00,9177,2012-10-05 16:40:54,2012-10-05 16:41:22,31,36,0,0,4,0,0,0,0,0,0,0,0,0,0,0,0,N,N,N
2012-10-05 00:00:00,C,C-47,27152340,198,6,A,16275,25,PSGE00,9690,2012-10-05 16:42:00,2012-10-05 16:42:26,31,36,0,0,4,0,0,0,0,0,0,0,0,0,0,0,0,N,N,N
2012-10-05 00:00:00,C,C-47,27152340,198,6,A,16275,26,ABBA00,10059,2012-10-05 16:42:49,2012-10-05 16:42:59,31,36,0,0,4,0,0,0,0,0,0,0,0,0,0,0,0,N,N,N
2012-10-05 00:00:00,C,C-47,27152340,198,6,A,16275,27,CHOR00,10290,2012-10-05 16:43:20,2012-10-05 16:43:19,31,36,0,0,4,0,0,0,0,0,0,0,0,0,0,0,0,N,N,N
2012-10-05 00:00:00,C,C-47,27152340,198,6,A,16275,28,RLUL00,10511,2012-10-05 16:43:47,2012-10-05 16:43:52,31,36,0,1,3,0,1,0,0,0,0,0,0,0,0,0,0,N,N,N
2012-10-05 00:00:00,C,C-47,27152340,198,6,A,16275,29,RPRS00,10674,2012-10-05 16:44:07,2012-10-05 16:44:16,31,36,0,0,3,0,0,0,0,0,0,0,0,0,0,0,0,N,N,N
2012-10-05 00:00:00,C,C-47,27152340,198,6,A,16275,30,LFRG00,11361,2012-10-05 16:45:33,2012-10-05 16:45:17,31,36,0,0,3,0,0,0,0,0,0,0,0,0,0,0,0,N,N,N
2012-10-05 00:00:00,C,C-47,27152340,198,6,A,16275,31,SION00,11499,2012-10-05 16:45:50,2012-10-05 16:45:32,31,36,0,0,3,0,0,0,0,0,0,0,0,0,0,0,0,N,N,N
2012-10-05 00:00:00,C,C-47,27152340,198,6,A,16275,32,LOUR00,12394,2012-10-05 16:47:41,2012-10-05 16:47:12,31,36,0,1,2,0,0,0,0,0,1,0,0,0,0,0,0,N,N,N
2012-10-05 00:00:00,C,C-47,27152340,198,6,A,16275,33,JUPL00,12709,2012-10-05 16:48:20,2012-10-05 16:48:19,31,36,0,5,0,0,1,0,1,0,0,0,3,0,0,0,0,N,N,N
2012-10-05 00:00:00,C,C-47,27152340,198,6,A,16275,34,JUCH00,13188,2012-10-05 16:49:20,2012-10-05 16:49:38,31,36,0,0,0,0,0,0,0,0,0,0,0,0,0,0,0,N,N,N
2012-10-05 00:00:00,C,C-47,27152340,198,6,A,16275,35,JUMR00,13364,2012-10-05 16:50:00,2012-10-05 16:50:41,31,36,0,0,0,0,0,0,0,0,0,0,0,0,0,0,0,N,N,N
2012-10-05 00:00:00,C,C-47,27152340,198,6,A,16275,36,BLBO00,13792,2012-10-05 16:50:35,2012-10-05 16:51:33,31,36,0,0,0,0,0,0,0,0,0,0,0,0,0,0,0,N,N,N
2012-10-05 00:00:00,C,C-47,27152340,198,6,A,16275,37,PEUP00,14108,2012-10-05 16:51:01,2012-10-05 16:52:13,31,36,0,0,0,0,0,0,0,0,0,0,0,0,0,0,0,N,N,N
2012-10-05 00:00:00,C,C-47,27152340,198,6,A,16275,38,CTRS00,15392,2012-10-05 16:52:47,2012-10-05 16:53:30,31,36,0,0,0,0,0,0,0,0,0,0,0,0,0,0,0,N,N,N
2012-10-05 00:00:00,C,C-47,27152340,198,6,A,16275,39,MONN00,16275,2012-10-05 16:54:00,2012-10-05 16:54:52,31,36,0,2,0,0,1,0,1,0,0,0,0,0,0,0,0,N,N,N
2012-10-05 00:00:00,C,C-47,27152341,198,15,R,14752,1,MONN00,0,2012-10-05 17:04:00,2012-10-05 17:03:41,61,65,2,0,2,1,0,1,0,0,0,0,0,0,0,0,0,N,N,N
2012-10-05 00:00:00,C,C-47,27152341,198,15,R,14752,2,CTRS01,835,2012-10-05 17:05:15,2012-10-05 17:05:11,61,65,0,0,2,0,0,0,0,0,0,0,0,0,0,0,0,N,N,N
2012-10-05 00:00:00,C,C-47,27152341,198,15,R,14752,3,PEUP01,2139,2012-10-05 17:07:13,2012-10-05 17:06:56,61,65,0,0,2,0,0,0,0,0,0,0,0,0,0,0,0,N,N,N
2012-10-05 00:00:00,C,C-47,27152341,198,15,R,14752,4,BLBO01,2459,2012-10-05 17:07:42,2012-10-05 17:07:17,61,65,0,0,2,0,0,0,0,0,0,0,0,0,0,0,0,N,N,N
2012-10-05 00:00:00,C,C-47,27152341,198,15,R,14752,5,JUMR01,2867,2012-10-05 17:08:20,2012-10-05 17:08:12,61,65,1,0,3,0,0,1,0,0,0,0,0,0,0,0,0,N,N,N
2012-10-05 00:00:00,C,C-47,27152341,198,15,R,14752,6,JUCH01,3103,2012-10-05 17:08:53,2012-10-05 17:09:50,61,65,1,0,4,0,0,1,0,0,0,0,0,0,0,0,0,N,N,N
2012-10-05 00:00:00,C,C-47,27152341,198,15,R,14752,7,JUPL01,3527,2012-10-05 17:09:53,2012-10-05 17:11:48,61,65,1,0,5,1,0,0,0,0,0,0,0,0,0,0,0,N,N,N
2012-10-05 00:00:00,C,C-47,27152341,198,15,R,14752,8,LOUR01,3909,2012-10-05 17:10:47,2012-10-05 17:12:55,61,65,0,0,5,0,0,0,0,0,0,0,0,0,0,0,0,N,N,N
2012-10-05 00:00:00,C,C-47,27152341,198,15,R,14752,9,SION01,4759,2012-10-05 17:12:47,2012-10-05 17:14:15,61,65,0,0,5,0,0,0,0,0,0,0,0,0,0,0,0,N,N,N
2012-10-05 00:00:00,C,C-47,27152341,198,15,R,14752,10,LFRG01,4904,2012-10-05 17:13:07,2012-10-05 17:14:30,61,65,0,0,5,0,0,0,0,0,0,0,0,0,0,0,0,N,N,N
2012-10-05 00:00:00,C,C-47,27152341,198,15,R,14752,11,RPRS01,5586,2012-10-05 17:14:43,2012-10-05 17:15:46,61,65,1,0,6,1,0,0,0,0,0,0,0,0,0,0,0,N,N,N
2012-10-05 00:00:00,C,C-47,27152341,198,15,R,14752,12,RLUL01,5765,2012-10-05 17:15:09,2012-10-05 17:16:24,61,65,2,0,8,0,0,2,0,0,0,0,0,0,0,0,0,N,N,N
2012-10-05 00:00:00,C,C-47,27152341,198,15,R,14752,13,CHOR01,5983,2012-10-05 17:15:40,2012-10-05 17:17:17,61,65,12,0,20,0,0,9,0,3,0,0,0,0,0,0,0,N,N,N
2012-10-05 00:00:00,C,C-47,27152341,198,15,R,14752,14,ABBA01,6237,2012-10-05 17:16:11,2012-10-05 17:17:42,61,65,0,0,20,0,0,0,0,0,0,0,0,0,0,0,0,N,N,N
2012-10-05 00:00:00,C,C-47,27152341,198,15,R,14752,15,PSGE01,6623,2012-10-05 17:17:00,2012-10-05 17:18:34,61,65,2,0,22,0,0,1,0,1,0,0,0,0,0,0,0,N,N,N
2012-10-05 00:00:00,C,C-47,27152341,198,15,R,14752,16,BASL01,7085,2012-10-05 17:17:59,2012-10-05 17:19:26,61,65,0,0,22,0,0,0,0,0,0,0,0,0,0,0,0,N,N,N
2012-10-05 00:00:00,C,C-47,27152341,198,15,R,14752,17,GRCA01,7502,2012-10-05 17:18:53,2012-10-05 17:20:20,61,65,0,0,22,0,0,0,0,0,0,0,0,0,0,0,0,N,N,N
2012-10-05 00:00:00,C,C-47,27152341,198,15,R,14752,18,CADO01,7968,2012-10-05 17:19:53,2012-10-05 17:21:05,61,65,0,0,22,0,0,0,0,0,0,0,0,0,0,0,0,N,N,N
2012-10-05 00:00:00,C,C-47,27152341,198,15,R,14752,19,BORN01,8257,2012-10-05 17:20:30,2012-10-05 17:21:51,61,65,8,0,30,3,0,5,0,0,0,0,0,0,0,0,0,N,N,N
2012-10-05 00:00:00,C,C-47,27152341,198,15,R,14752,20,CRNR01,8664,2012-10-05 17:21:23,2012-10-05 17:22:52,61,65,1,0,31,1,0,0,0,0,0,0,0,0,0,0,0,N,N,N
2012-10-05 00:00:00,C,C-47,27152341,198,15,R,14752,21,AUMO01,9147,2012-10-05 17:22:25,2012-10-05 17:24:09,61,65,1,1,31,0,0,1,0,0,0,0,1,0,0,0,0,N,N,N
2012-10-05 00:00:00,C,C-47,27152341,198,15,R,14752,22,PUMA00,9414,2012-10-05 17:23:00,2012-10-05 17:25:12,61,65,0,1,30,0,0,0,0,0,0,0,1,0,0,0,0,N,N,N
2012-10-05 00:00:00,C,C-47,27152341,198,15,R,14752,23,GRES01,9740,2012-10-05 17:24:10,2012-10-05 17:26:31,61,65,1,1,30,0,0,1,0,0,1,0,0,0,0,0,0,N,N,N
2012-10-05 00:00:00,C,C-47,27152341,198,15,R,14752,24,PTOU01,10058,2012-10-05 17:25:20,2012-10-05 17:27:49,61,65,0,0,30,0,0,0,0,0,0,0,0,0,0,0,0,N,N,N
2012-10-05 00:00:00,C,C-47,27152341,198,15,R,14752,25,MIDE00,10571,2012-10-05 17:27:16,2012-10-05 17:29:18,61,65,0,0,30,0,0,0,0,0,0,0,0,0,0,0,0,N,N,N
2012-10-05 00:00:00,C,C-47,27152341,198,15,R,14752,26,PSUD01,10892,2012-10-05 17:28:03,2012-10-05 17:30:14,61,65,6,1,35,1,0,1,0,4,1,0,0,0,0,0,0,N,N,N
2012-10-05 00:00:00,C,C-47,27152341,198,15,R,14752,27,SILO01,11210,2012-10-05 17:28:49,2012-10-05 17:31:03,61,65,1,0,36,0,0,1,0,0,0,0,0,0,0,0,0,N,N,N
2012-10-05 00:00:00,C,C-47,27152341,198,15,R,14752,28,PIBO01,11633,2012-10-05 17:29:52,2012-10-05 17:32:16,61,65,0,2,34,0,2,0,0,0,0,0,0,0,0,0,0,N,N,N
2012-10-05 00:00:00,C,C-47,27152341,198,15,R,14752,29,LVAL01,12115,2012-10-05 17:31:27,2012-10-05 17:33:19,61,65,0,0,34,0,0,0,0,0,0,0,0,0,0,0,0,N,N,N
2012-10-05 00:00:00,C,C-47,27152341,198,15,R,14752,30,GSON01,12642,2012-10-05 17:33:12,2012-10-05 17:35:28,61,65,16,28,22,4,2,5,10,6,9,1,7,0,0,0,0,N,N,N
2012-10-05 00:00:00,C,C-47,27152341,198,15,R,14752,31,AJEN00,13144,2012-10-05 17:34:48,2012-10-05 17:38:01,61,65,0,0,22,0,0,0,0,0,0,0,0,0,0,0,0,N,N,N
2012-10-05 00:00:00,C,C-47,27152341,198,15,R,14752,32,MATH01,13379,2012-10-05 17:35:33,2012-10-05 17:38:45,61,65,5,7,20,0,0,2,3,3,0,0,4,0,0,0,0,N,N,N
2012-10-05 00:00:00,C,C-47,27152341,198,15,R,14752,33,CYPR01,13561,2012-10-05 17:36:08,2012-10-05 17:39:21,61,65,0,3,17,0,0,0,1,0,2,0,0,0,0,0,0,N,N,N
2012-10-05 00:00:00,C,C-47,27152341,198,15,R,14752,34,FOSA01,14042,2012-10-05 17:37:41,2012-10-05 17:42:54,61,65,0,10,7,0,0,0,7,0,3,0,0,0,0,0,0,N,N,N
2012-10-05 00:00:00,C,C-47,27152341,198,15,R,14752,35,CSSM02,14513,2012-10-05 17:39:12,2012-10-05 17:43:58,61,65,0,4,3,0,1,0,0,0,1,0,2,0,0,0,0,N,N,N
2012-10-05 00:00:00,C,C-47,27152341,198,15,R,14752,36,PRSM00,14752,2012-10-05 17:40:32,2012-10-05 17:44:53,61,65,0,7,0,0,1,0,6,0,0,0,0,0,0,0,0,N,N,N
2012-10-05 00:00:00,C,C-47,27152342,198,20,A,12017,1,PRSM00,0,2012-10-05 17:51:00,2012-10-05 17:49:01,54,51,12,0,12,1,0,0,0,2,0,9,0,0,0,0,0,N,N,N
2012-10-05 00:00:00,C,C-47,27152342,198,20,A,12017,2,CSSM01,402,2012-10-05 17:53:40,2012-10-05 17:52:15,54,51,1,0,13,1,0,0,0,0,0,0,0,0,0,0,0,N,N,N
2012-10-05 00:00:00,C,C-47,27152342,198,20,A,12017,3,FOSA00,949,2012-10-05 17:55:39,2012-10-05 17:54:51,54,51,2,2,13,0,2,0,0,2,0,0,0,0,0,0,0,N,N,N
2012-10-05 00:00:00,C,C-47,27152342,198,20,A,12017,4,CYPR00,1258,2012-10-05 17:56:47,2012-10-05 17:55:30,54,51,0,0,13,0,0,0,0,0,0,0,0,0,0,0,0,N,N,N
2012-10-05 00:00:00,C,C-47,27152342,198,20,A,12017,5,MATH00,1529,2012-10-05 17:57:46,2012-10-05 17:56:20,54,51,4,1,16,0,0,4,0,0,1,0,0,0,0,0,0,N,N,N
2012-10-05 00:00:00,C,C-47,27152342,198,20,A,12017,6,AJEN01,1777,2012-10-05 17:58:40,2012-10-05 17:57:05,54,51,0,0,16,0,0,0,0,0,0,0,0,0,0,0,0,N,N,N
2012-10-05 00:00:00,C,C-47,27152342,198,20,A,12017,7,GSON00,2232,2012-10-05 18:00:20,2012-10-05 18:00:54,54,51,28,6,38,4,3,13,0,4,0,7,3,0,0,0,0,N,N,N
2012-10-05 00:00:00,C,C-47,27152342,198,20,A,12017,8,LVAL00,2849,2012-10-05 18:02:20,2012-10-05 18:02:33,54,51,4,4,38,0,0,4,2,0,1,0,1,0,0,0,0,N,N,N
2012-10-05 00:00:00,C,C-47,27152342,198,20,A,12017,9,PIBO00,3255,2012-10-05 18:03:40,2012-10-05 18:03:33,54,51,1,6,33,0,1,0,3,0,0,1,2,0,0,0,0,N,N,N
2012-10-05 00:00:00,C,C-47,27152342,198,20,A,12017,10,SILO00,3743,2012-10-05 18:04:57,2012-10-05 18:04:32,54,51,0,0,33,0,0,0,0,0,0,0,0,0,0,0,0,N,N,N
2012-10-05 00:00:00,C,C-47,27152342,198,20,A,12017,11,PSUD00,4102,2012-10-05 18:05:55,2012-10-05 18:05:22,54,51,0,3,30,0,0,0,0,0,3,0,0,0,0,0,0,N,N,N
2012-10-05 00:00:00,C,C-47,27152342,198,20,A,12017,12,MIDE01,4432,2012-10-05 18:07:25,2012-10-05 18:06:22,54,51,0,5,25,0,0,0,3,0,1,0,1,0,0,0,0,N,N,N
2012-10-05 00:00:00,C,C-47,27152342,198,20,A,12017,13,PTOU00,4849,2012-10-05 18:08:45,2012-10-05 18:07:19,54,51,0,0,25,0,0,0,0,0,0,0,0,0,0,0,0,N,N,N
2012-10-05 00:00:00,C,C-47,27152342,198,20,A,12017,14,GRES00,5171,2012-10-05 18:09:47,2012-10-05 18:08:12,54,51,1,3,23,0,1,1,0,0,1,0,1,0,0,0,0,N,N,N
2012-10-05 00:00:00,C,C-47,27152342,198,20,A,12017,15,PUMA01,5495,2012-10-05 18:10:50,2012-10-05 18:09:19,54,51,0,2,21,0,1,0,0,0,1,0,0,0,0,0,0,N,N,N
2012-10-05 00:00:00,C,C-47,27152342,198,20,A,12017,16,AUMO00,5742,2012-10-05 18:11:19,2012-10-05 18:10:28,54,51,0,1,20,0,0,0,0,0,0,0,1,0,0,0,0,N,N,N
2012-10-05 00:00:00,C,C-47,27152342,198,20,A,12017,17,CRNR00,6232,2012-10-05 18:12:18,2012-10-05 18:11:52,54,51,1,0,21,0,0,1,0,0,0,0,0,0,0,0,0,N,N,N
2012-10-05 00:00:00,C,C-47,27152342,198,20,A,12017,18,BORN00,6624,2012-10-05 18:13:05,2012-10-05 18:12:36,54,51,0,0,21,0,0,0,0,0,0,0,0,0,0,0,0,N,N,N
2012-10-05 00:00:00,C,C-47,27152342,198,20,A,12017,19,CADO00,6959,2012-10-05 18:13:46,2012-10-05 18:13:22,54,51,0,4,17,0,0,0,3,0,1,0,0,0,0,0,0,N,N,N
2012-10-05 00:00:00,C,C-47,27152342,198,20,A,12017,20,GRCA00,7415,2012-10-05 18:14:41,2012-10-05 18:14:08,54,51,0,0,17,0,0,0,0,0,0,0,0,0,0,0,0,N,N,N
2012-10-05 00:00:00,C,C-47,27152342,198,20,A,12017,21,BASL00,7806,2012-10-05 18:15:28,2012-10-05 18:14:56,54,51,0,0,17,0,0,0,0,0,0,0,0,0,0,0,0,N,N,N
2012-10-05 00:00:00,C,C-47,27152342,198,20,A,12017,22,PSGE00,8319,2012-10-05 18:16:30,2012-10-05 18:16:05,54,51,0,3,14,0,0,0,1,0,0,0,2,0,0,0,0,N,N,N
2012-10-05 00:00:00,C,C-47,27152342,198,20,A,12017,23,ABBA00,8688,2012-10-05 18:17:19,2012-10-05 18:17:03,54,51,0,10,4,0,1,0,4,0,5,0,0,0,0,0,0,N,N,N
2012-10-05 00:00:00,C,C-47,27152342,198,20,A,12017,24,CHOR00,8919,2012-10-05 18:17:50,2012-10-05 18:17:28,54,51,0,0,4,0,0,0,0,0,0,0,0,0,0,0,0,N,N,N
2012-10-05 00:00:00,C,C-47,27152342,198,20,A,12017,25,RLUL00,9140,2012-10-05 18:18:17,2012-10-05 18:17:48,54,51,0,0,4,0,0,0,0,0,0,0,0,0,0,0,0,N,N,N
2012-10-05 00:00:00,C,C-47,27152342,198,20,A,12017,26,RPRS00,9303,2012-10-05 18:18:37,2012-10-05 18:18:08,54,51,0,0,4,0,0,0,0,0,0,0,0,0,0,0,0,N,N,N
2012-10-05 00:00:00,C,C-47,27152342,198,20,A,12017,27,LFRG00,9990,2012-10-05 18:20:03,2012-10-05 18:19:07,54,51,0,0,4,0,0,0,0,0,0,0,0,0,0,0,0,N,N,N
2012-10-05 00:00:00,C,C-47,27152342,198,20,A,12017,28,SION00,10128,2012-10-05 18:20:20,2012-10-05 18:19:27,54,51,0,0,4,0,0,0,0,0,0,0,0,0,0,0,0,N,N,N
2012-10-05 00:00:00,C,C-47,27152342,198,20,A,12017,29,LOUR00,11023,2012-10-05 18:22:11,2012-10-05 18:20:54,54,51,0,0,4,0,0,0,0,0,0,0,0,0,0,0,0,N,N,N
2012-10-05 00:00:00,C,C-47,27152342,198,20,A,12017,30,JUPL00,11338,2012-10-05 18:22:50,2012-10-05 18:21:58,54,51,0,1,3,0,0,0,0,0,1,0,0,0,0,0,0,N,N,N
2012-10-05 00:00:00,C,C-47,27152342,198,20,A,12017,31,JUCH00,11817,2012-10-05 18:23:50,2012-10-05 18:23:06,54,51,0,0,3,0,0,0,0,0,0,0,0,0,0,0,0,N,N,N
2012-10-05 00:00:00,C,C-47,27152342,198,20,A,12017,32,JUMR01,12017,2012-10-05 18:24:30,2012-10-05 18:23:50,54,51,0,0,3,0,0,0,0,0,0,0,0,0,0,0,0,N,N,N
2012-10-05 00:00:00,C,C-47,27152343,198,16,R,11885,1,JUMR01,0,2012-10-05 18:25:00,2012-10-05 18:24:05,17,20,0,0,0,0,0,0,0,0,0,0,0,0,0,0,0,N,N,N
2012-10-05 00:00:00,C,C-47,27152343,198,16,R,11885,2,JUCH01,236,2012-10-05 18:25:33,2012-10-05 18:25:07,17,20,0,0,0,0,0,0,0,0,0,0,0,0,0,0,0,N,N,N
2012-10-05 00:00:00,C,C-47,27152343,198,16,R,11885,3,JUPL01,660,2012-10-05 18:26:33,2012-10-05 18:26:45,17,20,4,0,4,1,0,3,0,0,0,0,0,0,0,0,0,N,N,N
2012-10-05 00:00:00,C,C-47,27152343,198,16,R,11885,4,LOUR01,1042,2012-10-05 18:27:27,2012-10-05 18:27:57,17,20,2,0,6,0,0,2,0,0,0,0,0,0,0,0,0,N,N,N
2012-10-05 00:00:00,C,C-47,27152343,198,16,R,11885,5,SION01,1892,2012-10-05 18:29:27,2012-10-05 18:29:17,17,20,0,0,6,0,0,0,0,0,0,0,0,0,0,0,0,N,N,N
2012-10-05 00:00:00,C,C-47,27152343,198,16,R,11885,6,LFRG01,2037,2012-10-05 18:29:47,2012-10-05 18:29:47,17,20,2,0,8,0,0,2,0,0,0,0,0,0,0,0,0,N,N,N
2012-10-05 00:00:00,C,C-47,27152343,198,16,R,11885,7,RPRS01,2719,2012-10-05 18:31:23,2012-10-05 18:30:52,17,20,0,0,8,0,0,0,0,0,0,0,0,0,0,0,0,N,N,N
2012-10-05 00:00:00,C,C-47,27152343,198,16,R,11885,8,RLUL01,2898,2012-10-05 18:31:49,2012-10-05 18:31:12,17,20,0,0,8,0,0,0,0,0,0,0,0,0,0,0,0,N,N,N
2012-10-05 00:00:00,C,C-47,27152343,198,16,R,11885,9,CHOR01,3116,2012-10-05 18:32:20,2012-10-05 18:31:26,17,20,0,0,8,0,0,0,0,0,0,0,0,0,0,0,0,N,N,N
2012-10-05 00:00:00,C,C-47,27152343,198,16,R,11885,10,ABBA01,3370,2012-10-05 18:32:51,2012-10-05 18:32:04,17,20,2,0,10,1,0,1,0,0,0,0,0,0,0,0,0,N,N,N
2012-10-05 00:00:00,C,C-47,27152343,198,16,R,11885,11,PSGE01,3756,2012-10-05 18:33:40,2012-10-05 18:32:52,17,20,0,0,10,0,0,0,0,0,0,0,0,0,0,0,0,N,N,N
2012-10-05 00:00:00,C,C-47,27152343,198,16,R,11885,12,BASL01,4218,2012-10-05 18:34:36,2012-10-05 18:33:41,17,20,0,0,10,0,0,0,0,0,0,0,0,0,0,0,0,N,N,N
2012-10-05 00:00:00,C,C-47,27152343,198,16,R,11885,13,GRCA01,4635,2012-10-05 18:35:27,2012-10-05 18:34:33,17,20,0,0,10,0,0,0,0,0,0,0,0,0,0,0,0,N,N,N
2012-10-05 00:00:00,C,C-47,27152343,198,16,R,11885,14,CADO01,5101,2012-10-05 18:36:23,2012-10-05 18:35:11,17,20,0,0,10,0,0,0,0,0,0,0,0,0,0,0,0,N,N,N
2012-10-05 00:00:00,C,C-47,27152343,198,16,R,11885,15,BORN01,5390,2012-10-05 18:36:59,2012-10-05 18:35:34,17,20,0,0,10,0,0,0,0,0,0,0,0,0,0,0,0,N,N,N
2012-10-05 00:00:00,C,C-47,27152343,198,16,R,11885,16,CRNR01,5797,2012-10-05 18:37:48,2012-10-05 18:36:17,17,20,0,0,10,0,0,0,0,0,0,0,0,0,0,0,0,N,N,N
2012-10-05 00:00:00,C,C-47,27152343,198,16,R,11885,17,AUMO01,6280,2012-10-05 18:38:47,2012-10-05 18:37:19,17,20,0,0,10,0,0,0,0,0,0,0,0,0,0,0,0,N,N,N
2012-10-05 00:00:00,C,C-47,27152343,198,16,R,11885,18,PUMA00,6547,2012-10-05 18:39:20,2012-10-05 18:38:25,17,20,2,0,12,0,0,1,0,1,0,0,0,0,0,0,0,N,N,N
2012-10-05 00:00:00,C,C-47,27152343,198,16,R,11885,19,GRES01,6873,2012-10-05 18:40:20,2012-10-05 18:39:49,17,20,0,0,12,0,0,0,0,0,0,0,0,0,0,0,0,N,N,N
2012-10-05 00:00:00,C,C-47,27152343,198,16,R,11885,20,PTOU01,7191,2012-10-05 18:41:20,2012-10-05 18:40:49,17,20,0,0,12,0,0,0,0,0,0,0,0,0,0,0,0,N,N,N
2012-10-05 00:00:00,C,C-47,27152343,198,16,R,11885,21,MIDE00,7704,2012-10-05 18:43:00,2012-10-05 18:42:23,17,20,1,0,13,0,0,0,0,1,0,0,0,0,0,0,0,N,N,N
2012-10-05 00:00:00,C,C-47,27152343,198,16,R,11885,22,PSUD01,8025,2012-10-05 18:43:42,2012-10-05 18:42:52,17,20,0,0,13,0,0,0,0,0,0,0,0,0,0,0,0,N,N,N
2012-10-05 00:00:00,C,C-47,27152343,198,16,R,11885,23,SILO01,8343,2012-10-05 18:44:24,2012-10-05 18:43:15,17,20,0,0,13,0,0,0,0,0,0,0,0,0,0,0,0,N,N,N
2012-10-05 00:00:00,C,C-47,27152343,198,16,R,11885,24,PIBO01,8766,2012-10-05 18:45:20,2012-10-05 18:44:33,17,20,1,3,11,0,0,1,3,0,0,0,0,0,0,0,0,N,N,N
2012-10-05 00:00:00,C,C-47,27152343,198,16,R,11885,25,LVAL01,9248,2012-10-05 18:46:55,2012-10-05 18:45:27,17,20,0,0,11,0,0,0,0,0,0,0,0,0,0,0,0,N,N,N
2012-10-05 00:00:00,C,C-47,27152343,198,16,R,11885,26,GSON01,9775,2012-10-05 18:48:40,2012-10-05 18:47:02,17,20,3,13,1,0,3,1,6,2,2,0,2,0,0,0,0,N,N,N
2012-10-05 00:00:00,C,C-47,27152343,198,16,R,11885,27,AJEN00,10277,2012-10-05 18:50:05,2012-10-05 18:48:35,17,20,0,0,1,0,0,0,0,0,0,0,0,0,0,0,0,N,N,N
2012-10-05 00:00:00,C,C-47,27152343,198,16,R,11885,28,MATH01,10512,2012-10-05 18:50:46,2012-10-05 18:49:02,17,20,0,0,1,0,0,0,0,0,0,0,0,0,0,0,0,N,N,N
2012-10-05 00:00:00,C,C-47,27152343,198,16,R,11885,29,CYPR01,10694,2012-10-05 18:51:17,2012-10-05 18:49:32,17,20,0,1,0,0,0,0,0,0,1,0,0,0,0,0,0,N,N,N
2012-10-05 00:00:00,C,C-47,27152343,198,16,R,11885,30,FOSA01,11175,2012-10-05 18:52:39,2012-10-05 18:51:39,17,20,0,0,0,0,0,0,0,0,0,0,0,0,0,0,0,N,N,N
2012-10-05 00:00:00,C,C-47,27152343,198,16,R,11885,31,CSSM02,11646,2012-10-05 18:54:00,2012-10-05 18:52:24,17,20,0,0,0,0,0,0,0,0,0,0,0,0,0,0,0,N,N,N
2012-10-05 00:00:00,C,C-47,27152343,198,16,R,11885,32,PRSM00,11885,2012-10-05 18:55:20,2012-10-05 18:52:59,17,20,0,3,0,0,0,0,3,0,0,0,0,0,0,0,0,N,N,N
2012-10-05 00:00:00,L,L-26,27153489,198,26,A,15533,1,PTLA00,0,2012-10-05 07:23:00,2012-10-05 07:22:01,14,14,2,1,1,1,1,1,0,0,0,0,0,0,0,0,0,N,N,N
2012-10-05 00:00:00,L,L-26,27153489,198,26,A,15533,2,ESRT00,556,2012-10-05 07:24:00,2012-10-05 07:23:41,14,14,4,0,5,0,0,1,0,2,0,1,0,0,0,0,0,N,N,N
2012-10-05 00:00:00,L,L-26,27153489,198,26,A,15533,3,BNDL00,1119,2012-10-05 07:25:40,2012-10-05 07:25:03,14,14,3,0,8,0,0,0,0,2,0,1,0,0,0,0,0,N,N,N
2012-10-05 00:00:00,L,L-26,27153489,198,26,A,15533,4,ONEX00,1681,2012-10-05 07:27:20,2012-10-05 07:26:17,14,14,0,5,3,0,0,0,0,0,4,0,1,0,0,0,0,N,N,N
2012-10-05 00:00:00,L,L-26,27153489,198,26,A,15533,5,DODE00,2254,2012-10-05 07:28:48,2012-10-05 07:27:16,14,14,0,0,3,0,0,0,0,0,0,0,0,0,0,0,0,N,N,N
2012-10-05 00:00:00,L,L-26,27153489,198,26,A,15533,6,CRCO00,2669,2012-10-05 07:29:52,2012-10-05 07:28:13,14,14,0,0,3,0,0,0,0,0,0,0,0,0,0,0,0,N,N,N
2012-10-05 00:00:00,L,L-26,27153489,198,26,A,15533,7,PRBE03,3215,2012-10-05 07:31:16,2012-10-05 07:31:04,14,14,1,0,4,0,0,0,0,1,0,0,0,0,0,0,0,N,N,N
2012-10-05 00:00:00,L,L-26,27153489,198,26,A,15533,8,VUIL00,3498,2012-10-05 07:32:00,2012-10-05 07:31:52,14,14,1,0,5,0,0,1,0,0,0,0,0,0,0,0,0,N,N,N
2012-10-05 00:00:00,L,L-26,27153489,198,26,A,15533,9,BXPL00,3783,2012-10-05 07:33:00,2012-10-05 07:32:50,14,14,1,2,4,0,0,1,2,0,0,0,0,0,0,0,0,N,N,N
2012-10-05 00:00:00,L,L-26,27153489,198,26,A,15533,10,BXMA00,4034,2012-10-05 07:33:50,2012-10-05 07:33:42,14,14,0,1,3,0,0,0,1,0,0,0,0,0,0,0,0,N,N,N
2012-10-05 00:00:00,L,L-26,27153489,198,26,A,15533,11,BXEG00,4299,2012-10-05 07:34:43,2012-10-05 07:34:26,14,14,0,1,2,0,0,0,0,0,1,0,0,0,0,0,0,N,N,N
2012-10-05 00:00:00,L,L-26,27153489,198,26,A,15533,12,BXSA02,4679,2012-10-05 07:36:00,2012-10-05 07:35:34,14,14,0,1,1,0,1,0,0,0,0,0,0,0,0,0,0,N,N,N
2012-10-05 00:00:00,L,L-26,27153489,198,26,A,15533,13,VALY01,5088,2012-10-05 07:36:38,2012-10-05 07:36:46,14,14,0,1,0,0,0,0,0,0,1,0,0,0,0,0,0,N,N,N
2012-10-05 00:00:00,L,L-26,27153489,198,26,A,15533,14,AFER00,5967,2012-10-05 07:38:01,2012-10-05 07:38:08,14,14,0,0,0,0,0,0,0,0,0,0,0,0,0,0,0,N,N,N
2012-10-05 00:00:00,L,L-26,27153489,198,26,A,15533,15,MSNT00,6512,2012-10-05 07:38:53,2012-10-05 07:38:43,14,14,0,0,0,0,0,0,0,0,0,0,0,0,0,0,0,N,N,N
2012-10-05 00:00:00,L,L-26,27153489,198,26,A,15533,16,CLOS00,6953,2012-10-05 07:39:35,2012-10-05 07:39:09,14,14,0,0,0,0,0,0,0,0,0,0,0,0,0,0,0,N,N,N
2012-10-05 00:00:00,L,L-26,27153489,198,26,A,15533,17,STLA00,7536,2012-10-05 07:40:30,2012-10-05 07:39:54,14,14,0,0,0,0,0,0,0,0,0,0,0,0,0,0,0,N,N,N
2012-10-05 00:00:00,L,L-26,27153489,198,26,A,15533,18,LACO00,7852,2012-10-05 07:41:00,2012-10-05 07:40:45,14,14,0,0,0,0,0,0,0,0,0,0,0,0,0,0,0,N,N,N
2012-10-05 00:00:00,L,L-26,27153489,198,26,A,15533,19,MOLL00,8174,2012-10-05 07:41:39,2012-10-05 07:41:29,14,14,0,0,0,0,0,0,0,0,0,0,0,0,0,0,0,N,N,N
2012-10-05 00:00:00,L,L-26,27153489,198,26,A,15533,20,SRVI00,9653,2012-10-05 07:44:40,2012-10-05 07:44:03,14,14,0,0,0,0,0,0,0,0,0,0,0,0,0,0,0,N,N,N
2012-10-05 00:00:00,L,L-26,27153489,198,26,A,15533,21,SRMA00,9931,2012-10-05 07:45:07,2012-10-05 07:45:04,14,14,0,0,0,0,0,0,0,0,0,0,0,0,0,0,0,N,N,N
2012-10-05 00:00:00,L,L-26,27153489,198,26,A,15533,22,SUMO00,11622,2012-10-05 07:47:56,2012-10-05 07:47:49,14,14,0,0,0,0,0,0,0,0,0,0,0,0,0,0,0,N,N,N
2012-10-05 00:00:00,L,L-26,27153489,198,26,A,15533,23,SEZG00,12253,2012-10-05 07:49:00,2012-10-05 07:49:11,14,14,0,1,0,0,0,0,1,0,0,0,0,0,0,0,0,N,N,N
2012-10-05 00:00:00,L,L-26,27153489,198,26,A,15533,24,REFT00,12409,2012-10-05 07:49:24,2012-10-05 07:50:09,14,14,2,0,2,2,0,0,0,0,0,0,0,0,0,0,0,N,N,N
2012-10-05 00:00:00,L,L-26,27153489,198,26,A,15533,25,TUIL00,13102,2012-10-05 07:51:10,2012-10-05 07:51:18,14,14,0,0,2,0,0,0,0,0,0,0,0,0,0,0,0,N,N,N
2012-10-05 00:00:00,L,L-26,27153489,198,26,A,15533,26,ATVI00,13810,2012-10-05 07:53:00,2012-10-05 07:52:28,14,14,0,0,2,0,0,0,0,0,0,0,0,0,0,0,0,N,N,N
2012-10-05 00:00:00,L,L-26,27153489,198,26,A,15533,27,ATEC00,14047,2012-10-05 07:53:35,2012-10-05 07:53:16,14,14,0,1,1,0,0,0,0,0,0,0,1,0,0,0,0,N,N,N
2012-10-05 00:00:00,L,L-26,27153489,198,26,A,15533,28,PSRY00,14181,2012-10-05 07:53:55,2012-10-05 07:53:53,14,14,0,0,1,0,0,0,0,0,0,0,0,0,0,0,0,N,N,N
2012-10-05 00:00:00,L,L-26,27153489,198,26,A,15533,29,CRUP00,14996,2012-10-05 07:55:58,2012-10-05 07:55:46,14,14,0,0,1,0,0,0,0,0,0,0,0,0,0,0,0,N,N,N
2012-10-05 00:00:00,L,L-26,27153489,198,26,A,15533,30,MOVE00,15255,2012-10-05 07:56:38,2012-10-05 07:56:18,14,14,0,0,1,0,0,0,0,0,0,0,0,0,0,0,0,N,N,N
2012-10-05 00:00:00,L,L-26,27153489,198,26,A,15533,31,AVSY00,15533,2012-10-05 07:57:20,2012-10-05 07:56:56,14,14,0,0,1,0,0,0,0,0,0,0,0,0,0,0,0,N,N,N
2012-10-05 00:00:00,L,L-26,27153490,198,27,R,15145,1,AVSY00,0,2012-10-05 08:07:00,2012-10-05 08:06:59,27,27,1,0,1,0,0,0,0,0,0,1,0,0,0,0,0,N,N,N
2012-10-05 00:00:00,L,L-26,27153490,198,27,R,15145,2,QUOA00,155,2012-10-05 08:07:24,2012-10-05 08:07:22,27,27,0,0,1,0,0,0,0,0,0,0,0,0,0,0,0,N,N,N
2012-10-05 00:00:00,L,L-26,27153490,198,27,R,15145,3,PSRY01,899,2012-10-05 08:09:21,2012-10-05 08:08:58,27,27,0,0,1,0,0,0,0,0,0,0,0,0,0,0,0,N,N,N
2012-10-05 00:00:00,L,L-26,27153490,198,27,R,15145,4,ATEC01,1033,2012-10-05 08:09:42,2012-10-05 08:09:19,27,27,0,0,1,0,0,0,0,0,0,0,0,0,0,0,0,N,N,N
2012-10-05 00:00:00,L,L-26,27153490,198,27,R,15145,5,ATVI01,1275,2012-10-05 08:10:20,2012-10-05 08:10:03,27,27,0,0,1,0,0,0,0,0,0,0,0,0,0,0,0,N,N,N
2012-10-05 00:00:00,L,L-26,27153490,198,27,R,15145,6,TUIL01,1993,2012-10-05 08:12:39,2012-10-05 08:11:26,27,27,0,0,1,0,0,0,0,0,0,0,0,0,0,0,0,N,N,N
2012-10-05 00:00:00,L,L-26,27153490,198,27,R,15145,7,REFT01,2645,2012-10-05 08:14:45,2012-10-05 08:12:55,27,27,2,0,3,0,0,2,0,0,0,0,0,0,0,0,0,N,N,N
2012-10-05 00:00:00,L,L-26,27153490,198,27,R,15145,8,SEZG01,2822,2012-10-05 08:15:20,2012-10-05 08:13:46,27,27,0,0,3,0,0,0,0,0,0,0,0,0,0,0,0,N,N,N
2012-10-05 00:00:00,L,L-26,27153490,198,27,R,15145,9,SUMO01,3467,2012-10-05 08:16:43,2012-10-05 08:15:01,27,27,0,0,3,0,0,0,0,0,0,0,0,0,0,0,0,N,N,N
2012-10-05 00:00:00,L,L-26,27153490,198,27,R,15145,10,SRMA01,5156,2012-10-05 08:20:22,2012-10-05 08:19:46,27,27,2,0,5,0,0,1,0,1,0,0,0,0,0,0,0,N,N,N
2012-10-05 00:00:00,L,L-26,27153490,198,27,R,15145,11,SRVI01,5444,2012-10-05 08:21:00,2012-10-05 08:20:54,27,27,2,0,7,0,0,0,0,1,0,1,0,0,0,0,0,N,N,N
2012-10-05 00:00:00,L,L-26,27153490,198,27,R,15145,12,MOLL01,6908,2012-10-05 08:24:35,2012-10-05 08:23:00,27,27,0,0,7,0,0,0,0,0,0,0,0,0,0,0,0,N,N,N
2012-10-05 00:00:00,L,L-26,27153490,198,27,R,15145,13,LACO01,7210,2012-10-05 08:25:20,2012-10-05 08:23:54,27,27,2,0,9,0,0,2,0,0,0,0,0,0,0,0,0,N,N,N
2012-10-05 00:00:00,L,L-26,27153490,198,27,R,15145,14,STLA01,7553,2012-10-05 08:25:46,2012-10-05 08:25:03,27,27,3,0,12,0,0,3,0,0,0,0,0,0,0,0,0,N,N,N
2012-10-05 00:00:00,L,L-26,27153490,198,27,R,15145,15,CLOS01,8142,2012-10-05 08:26:32,2012-10-05 08:25:53,27,27,0,0,12,0,0,0,0,0,0,0,0,0,0,0,0,N,N,N
2012-10-05 00:00:00,L,L-26,27153490,198,27,R,15145,16,MSNT01,8551,2012-10-05 08:27:03,2012-10-05 08:26:18,27,27,0,0,12,0,0,0,0,0,0,0,0,0,0,0,0,N,N,N
2012-10-05 00:00:00,L,L-26,27153490,198,27,R,15145,17,AFER01,9057,2012-10-05 08:27:42,2012-10-05 08:26:51,27,27,0,0,12,0,0,0,0,0,0,0,0,0,0,0,0,N,N,N
2012-10-05 00:00:00,L,L-26,27153490,198,27,R,15145,18,VALY00,9973,2012-10-05 08:28:53,2012-10-05 08:28:55,27,27,3,0,15,1,0,0,0,2,0,0,0,0,0,0,0,N,N,N
2012-10-05 00:00:00,L,L-26,27153490,198,27,R,15145,19,BXSA01,10314,2012-10-05 08:29:20,2012-10-05 08:29:49,27,27,1,0,16,0,0,1,0,0,0,0,0,0,0,0,0,N,N,N
2012-10-05 00:00:00,L,L-26,27153490,198,27,R,15145,20,BXEG01,10778,2012-10-05 08:30:32,2012-10-05 08:30:57,27,27,3,0,19,0,0,3,0,0,0,0,0,0,0,0,0,N,N,N
2012-10-05 00:00:00,L,L-26,27153490,198,27,R,15145,21,BXMA01,11014,2012-10-05 08:31:09,2012-10-05 08:31:37,27,27,1,0,20,0,0,1,0,0,0,0,0,0,0,0,0,N,N,N
2012-10-05 00:00:00,L,L-26,27153490,198,27,R,15145,22,BXPL02,11339,2012-10-05 08:32:00,2012-10-05 08:32:41,27,27,3,0,23,0,0,2,0,1,0,0,0,0,0,0,0,N,N,N
2012-10-05 00:00:00,L,L-26,27153490,198,27,R,15145,23,VUIL01,11575,2012-10-05 08:33:00,2012-10-05 08:33:30,27,27,1,6,18,0,0,0,5,0,0,1,1,0,0,0,0,N,N,N
2012-10-05 00:00:00,L,L-26,27153490,198,27,R,15145,24,PRBE04,12019,2012-10-05 08:34:23,2012-10-05 08:34:33,27,27,0,1,17,0,0,0,1,0,0,0,0,0,0,0,0,N,N,N
2012-10-05 00:00:00,L,L-26,27153490,198,27,R,15145,25,CRCO01,12384,2012-10-05 08:35:32,2012-10-05 08:35:33,27,27,0,8,9,0,1,0,5,0,0,0,2,0,0,0,0,N,N,N
2012-10-05 00:00:00,L,L-26,27153490,198,27,R,15145,26,DODE01,12906,2012-10-05 08:37:11,2012-10-05 08:36:36,27,27,3,0,12,0,0,0,0,2,0,1,0,0,0,0,0,N,N,N
2012-10-05 00:00:00,L,L-26,27153490,198,27,R,15145,27,ONEX01,13373,2012-10-05 08:38:40,2012-10-05 08:37:38,27,27,0,1,11,0,0,0,1,0,0,0,0,0,0,0,0,N,N,N
2012-10-05 00:00:00,L,L-26,27153490,198,27,R,15145,28,BNDL01,13931,2012-10-05 08:40:29,2012-10-05 08:38:50,27,27,0,0,11,0,0,0,0,0,0,0,0,0,0,0,0,N,N,N
2012-10-05 00:00:00,L,L-26,27153490,198,27,R,15145,29,ESRT01,14497,2012-10-05 08:42:20,2012-10-05 08:40:05,27,27,0,8,3,0,1,0,4,0,1,0,2,0,0,0,0,N,N,N
2012-10-05 00:00:00,L,L-26,27153490,198,27,R,15145,30,PTLA02,15019,2012-10-05 08:43:56,2012-10-05 08:42:24,27,27,0,3,0,0,1,0,1,0,1,0,0,0,0,0,0,N,N,N
2012-10-05 00:00:00,L,L-26,27153490,198,27,R,15145,31,PEVD00,15145,2012-10-05 08:44:20,2012-10-05 08:42:49,27,27,0,0,0,0,0,0,0,0,0,0,0,0,0,0,0,N,N,N
2012-10-05 00:00:00,L,L-26,27153491,198,25,A,16007,1,PEVD00,0,2012-10-05 08:51:00,2012-10-05 08:50:45,11,11,0,0,0,0,0,0,0,0,0,0,0,0,0,0,0,N,N,N
2012-10-05 00:00:00,L,L-26,27153491,198,25,A,16007,2,PTLA00,474,2012-10-05 08:54:00,2012-10-05 08:53:12,11,11,1,0,1,0,0,1,0,0,0,0,0,0,0,0,0,N,N,N
2012-10-05 00:00:00,L,L-26,27153491,198,25,A,16007,3,ESRT00,1030,2012-10-05 08:55:00,2012-10-05 08:54:41,11,11,3,0,4,1,0,1,0,1,0,0,0,0,0,0,0,N,N,N
2012-10-05 00:00:00,L,L-26,27153491,198,25,A,16007,4,BNDL00,1593,2012-10-05 08:56:40,2012-10-05 08:55:57,11,11,0,0,4,0,0,0,0,0,0,0,0,0,0,0,0,N,N,N
2012-10-05 00:00:00,L,L-26,27153491,198,25,A,16007,5,ONEX00,2155,2012-10-05 08:58:20,2012-10-05 08:57:28,11,11,5,0,9,0,0,2,0,1,0,2,0,0,0,0,0,N,N,N
2012-10-05 00:00:00,L,L-26,27153491,198,25,A,16007,6,DODE00,2728,2012-10-05 08:59:48,2012-10-05 08:58:39,11,11,0,0,9,0,0,0,0,0,0,0,0,0,0,0,0,N,N,N
2012-10-05 00:00:00,L,L-26,27153491,198,25,A,16007,7,CRCO00,3143,2012-10-05 09:00:52,2012-10-05 08:59:51,11,11,1,0,10,0,0,0,0,1,0,0,0,0,0,0,0,N,N,N
2012-10-05 00:00:00,L,L-26,27153491,198,25,A,16007,8,PRBE03,3689,2012-10-05 09:02:16,2012-10-05 09:02:40,11,11,0,0,10,0,0,0,0,0,0,0,0,0,0,0,0,N,N,N
2012-10-05 00:00:00,L,L-26,27153491,198,25,A,16007,9,VUIL00,3972,2012-10-05 09:03:00,2012-10-05 09:03:21,11,11,0,0,10,0,0,0,0,0,0,0,0,0,0,0,0,N,N,N
2012-10-05 00:00:00,L,L-26,27153491,198,25,A,16007,10,BXPL00,4257,2012-10-05 09:04:00,2012-10-05 09:04:21,11,11,0,1,9,0,0,0,0,0,0,0,1,0,0,0,0,N,N,N
2012-10-05 00:00:00,L,L-26,27153491,198,25,A,16007,11,BXMA00,4508,2012-10-05 09:04:50,2012-10-05 09:04:53,11,11,0,0,9,0,0,0,0,0,0,0,0,0,0,0,0,N,N,N
2012-10-05 00:00:00,L,L-26,27153491,198,25,A,16007,12,BXEG00,4773,2012-10-05 09:05:43,2012-10-05 09:05:34,11,11,0,1,8,0,0,0,1,0,0,0,0,0,0,0,0,N,N,N
2012-10-05 00:00:00,L,L-26,27153491,198,25,A,16007,13,BXSA02,5153,2012-10-05 09:07:00,2012-10-05 09:07:11,11,11,0,1,7,0,0,0,0,0,0,0,1,0,0,0,0,N,N,N
2012-10-05 00:00:00,L,L-26,27153491,198,25,A,16007,14,VALY01,5562,,2012-10-05 09:08:09,11,11,0,1,6,0,0,0,0,0,0,0,1,0,0,0,0,N,Y,Y
2012-10-05 00:00:00,L,L-26,27153491,198,25,A,16007,15,AFER00,6441,2012-10-05 09:09:01,2012-10-05 09:09:40,11,11,0,1,5,0,0,0,0,0,1,0,0,0,0,0,0,N,N,N
2012-10-05 00:00:00,L,L-26,27153491,198,25,A,16007,16,MSNT00,6986,2012-10-05 09:09:53,2012-10-05 09:10:22,11,11,0,0,5,0,0,0,0,0,0,0,0,0,0,0,0,N,N,N
2012-10-05 00:00:00,L,L-26,27153491,198,25,A,16007,17,CLOS00,7427,2012-10-05 09:10:35,2012-10-05 09:10:47,11,11,0,0,5,0,0,0,0,0,0,0,0,0,0,0,0,N,N,N
2012-10-05 00:00:00,L,L-26,27153491,198,25,A,16007,18,STLA00,8010,2012-10-05 09:11:30,2012-10-05 09:11:45,11,11,0,1,4,0,0,0,1,0,0,0,0,0,0,0,0,N,N,N
2012-10-05 00:00:00,L,L-26,27153491,198,25,A,16007,19,LACO00,8326,2012-10-05 09:12:00,2012-10-05 09:12:41,11,11,1,0,5,0,0,0,0,1,0,0,0,0,0,0,0,N,N,N
2012-10-05 00:00:00,L,L-26,27153491,198,25,A,16007,20,MOLL00,8648,2012-10-05 09:12:35,2012-10-05 09:13:24,11,11,0,0,5,0,0,0,0,0,0,0,0,0,0,0,0,N,N,N
2012-10-05 00:00:00,L,L-26,27153491,198,25,A,16007,21,SRVI00,10127,2012-10-05 09:15:20,2012-10-05 09:15:43,11,11,0,2,3,0,0,0,1,0,1,0,0,0,0,0,0,N,N,N
2012-10-05 00:00:00,L,L-26,27153491,198,25,A,16007,22,SRMA00,10405,2012-10-05 09:15:49,2012-10-05 09:16:26,11,11,0,0,3,0,0,0,0,0,0,0,0,0,0,0,0,N,N,N
2012-10-05 00:00:00,L,L-26,27153491,198,25,A,16007,23,SUMO00,12096,2012-10-05 09:18:52,2012-10-05 09:18:29,11,11,0,0,3,0,0,0,0,0,0,0,0,0,0,0,0,N,N,N
2012-10-05 00:00:00,L,L-26,27153491,198,25,A,16007,24,SEZG00,12727,2012-10-05 09:20:00,2012-10-05 09:19:34,11,11,0,1,2,0,1,0,0,0,0,0,0,0,0,0,0,N,N,N
2012-10-05 00:00:00,L,L-26,27153491,198,25,A,16007,25,REFT00,12883,2012-10-05 09:20:20,2012-10-05 09:20:07,11,11,0,0,2,0,0,0,0,0,0,0,0,0,0,0,0,N,N,N
2012-10-05 00:00:00,L,L-26,27153491,198,25,A,16007,26,TUIL00,13576,2012-10-05 09:21:49,2012-10-05 09:21:05,11,11,0,0,2,0,0,0,0,0,0,0,0,0,0,0,0,N,N,N
2012-10-05 00:00:00,L,L-26,27153491,198,25,A,16007,27,ATVI00,14284,2012-10-05 09:23:20,2012-10-05 09:22:10,11,11,0,0,2,0,0,0,0,0,0,0,0,0,0,0,0,N,N,N
2012-10-05 00:00:00,L,L-26,27153491,198,25,A,16007,28,ATEC00,14521,2012-10-05 09:23:50,2012-10-05 09:22:42,11,11,0,0,2,0,0,0,0,0,0,0,0,0,0,0,0,N,N,N
2012-10-05 00:00:00,L,L-26,27153491,198,25,A,16007,29,PSRY00,14655,2012-10-05 09:24:07,2012-10-05 09:23:00,11,11,0,0,2,0,0,0,0,0,0,0,0,0,0,0,0,N,N,N
2012-10-05 00:00:00,L,L-26,27153491,198,25,A,16007,30,CRUP00,15470,2012-10-05 09:25:51,2012-10-05 09:24:25,11,11,0,0,2,0,0,0,0,0,0,0,0,0,0,0,0,N,N,N
2012-10-05 00:00:00,L,L-26,27153491,198,25,A,16007,31,MOVE00,15729,2012-10-05 09:26:24,2012-10-05 09:25:05,11,11,0,1,1,0,0,0,0,0,1,0,0,0,0,0,0,N,N,N
2012-10-05 00:00:00,L,L-26,27153491,198,25,A,16007,32,AVSY00,16007,2012-10-05 09:27:00,2012-10-05 09:25:45,11,11,0,1,0,0,0,0,1,0,0,0,0,0,0,0,0,N,N,N
2012-10-05 00:00:00,EB,EB-34,27152845,20344,4,A,13331,1,RIVE03,0,2012-10-05 16:55:00,2012-10-05 16:54:07,53,54,42,8,34,13,1,14,0,14,0,1,7,0,0,0,0,N,N,N
2012-10-05 00:00:00,EB,EB-34,27152845,20344,4,A,13331,2,VOLL02,599,2012-10-05 16:57:08,2012-10-05 16:58:58,53,54,5,1,38,5,1,0,0,0,0,0,0,0,0,0,0,N,N,N
2012-10-05 00:00:00,EB,EB-34,27152845,20344,4,A,13331,3,PLGE01,1773,2012-10-05 17:01:20,2012-10-05 17:01:41,53,54,1,3,36,1,0,0,2,0,1,0,0,0,0,0,0,N,N,N
2012-10-05 00:00:00,EB,EB-34,27152845,20344,4,A,13331,4,CRIG00,2429,2012-10-05 17:02:32,2012-10-05 17:02:54,53,54,0,0,36,0,0,0,0,0,0,0,0,0,0,0,0,N,N,N
2012-10-05 00:00:00,EB,EB-34,27152845,20344,4,A,13331,5,MGRE00,3071,2012-10-05 17:03:44,2012-10-05 17:03:51,53,54,0,0,36,0,0,0,0,0,0,0,0,0,0,0,0,N,N,N
2012-10-05 00:00:00,EB,EB-34,27152845,20344,4,A,13331,6,TCRE00,3512,2012-10-05 17:04:33,2012-10-05 17:04:53,53,54,0,2,34,0,0,0,0,0,2,0,0,0,0,0,0,N,N,N
2012-10-05 00:00:00,EB,EB-34,27152845,20344,4,A,13331,7,RUTH00,3855,2012-10-05 17:05:11,2012-10-05 17:05:31,53,54,0,0,34,0,0,0,0,0,0,0,0,0,0,0,0,N,N,N
2012-10-05 00:00:00,EB,EB-34,27152845,20344,4,A,13331,8,BOIS00,4602,2012-10-05 17:06:34,2012-10-05 17:06:18,53,54,0,0,34,0,0,0,0,0,0,0,0,0,0,0,0,N,N,N
2012-10-05 00:00:00,EB,EB-34,27152845,20344,4,A,13331,9,BLTE00,4952,2012-10-05 17:07:12,2012-10-05 17:07:06,53,54,0,4,30,0,4,0,0,0,0,0,0,0,0,0,0,N,N,N
2012-10-05 00:00:00,EB,EB-34,27152845,20344,4,A,13331,10,VSNA00,5376,2012-10-05 17:08:00,2012-10-05 17:10:14,53,54,0,0,30,0,0,0,0,0,0,0,0,0,0,0,0,N,N,N
2012-10-05 00:00:00,EB,EB-34,27152845,20344,4,A,13331,11,BISE00,6003,2012-10-05 17:09:53,2012-10-05 17:12:21,53,54,1,6,25,0,1,0,1,0,4,1,0,0,0,0,0,N,N,N
2012-10-05 00:00:00,EB,EB-34,27152845,20344,4,A,13331,12,BOCA00,6595,2012-10-05 17:11:40,2012-10-05 17:13:31,53,54,1,1,25,0,0,0,1,0,0,1,0,0,0,0,0,N,N,N
2012-10-05 00:00:00,EB,EB-34,27152845,20344,4,A,13331,13,BELL00,6958,2012-10-05 17:12:45,2012-10-05 17:14:30,53,54,0,3,22,0,0,0,0,0,3,0,0,0,0,0,0,N,N,N
2012-10-05 00:00:00,EB,EB-34,27152845,20344,4,A,13331,14,CLGE00,7257,2012-10-05 17:13:40,2012-10-05 17:15:28,53,54,0,3,19,0,1,0,1,0,1,0,0,0,0,0,0,N,N,N
2012-10-05 00:00:00,EB,EB-34,27152845,20344,4,A,13331,15,RSMA00,7661,2012-10-05 17:14:36,2012-10-05 17:16:05,53,54,0,0,19,0,0,0,0,0,0,0,0,0,0,0,0,N,N,N
2012-10-05 00:00:00,EB,EB-34,27152845,20344,4,A,13331,16,SVON00,7866,2012-10-05 17:15:04,2012-10-05 17:16:40,53,54,0,6,13,0,0,0,3,0,3,0,0,0,0,0,0,N,N,N
2012-10-05 00:00:00,EB,EB-34,27152845,20344,4,A,13331,17,GAIU00,8173,2012-10-05 17:15:47,2012-10-05 17:17:28,53,54,0,1,12,0,0,0,1,0,0,0,0,0,0,0,0,N,N,N
2012-10-05 00:00:00,EB,EB-34,27152845,20344,4,A,13331,18,CIPO00,8699,2012-10-05 17:17:00,2012-10-05 17:18:30,53,54,1,0,13,0,0,0,0,0,0,1,0,0,0,0,0,N,N,N
2012-10-05 00:00:00,EB,EB-34,27152845,20344,4,A,13331,19,PPAL00,9007,2012-10-05 17:17:40,2012-10-05 17:19:16,53,54,1,0,14,0,0,0,0,0,0,1,0,0,0,0,0,N,N,N
2012-10-05 00:00:00,EB,EB-34,27152845,20344,4,A,13331,20,NAIS00,9482,2012-10-05 17:18:42,2012-10-05 17:20:12,53,54,0,0,14,0,0,0,0,0,0,0,0,0,0,0,0,N,N,N
2012-10-05 00:00:00,EB,EB-34,27152845,20344,4,A,13331,21,MARG00,9740,2012-10-05 17:19:16,2012-10-05 17:20:42,53,54,0,1,13,0,1,0,0,0,0,0,0,0,0,0,0,N,N,N
2012-10-05 00:00:00,EB,EB-34,27152845,20344,4,A,13331,22,ANRS00,10227,2012-10-05 17:20:20,2012-10-05 17:21:49,53,54,0,2,11,0,0,0,1,0,1,0,0,0,0,0,0,N,N,N
2012-10-05 00:00:00,EB,EB-34,27152845,20344,4,A,13331,23,CRBS00,10777,2012-10-05 17:21:27,2012-10-05 17:23:08,53,54,1,2,10,0,0,0,1,0,1,1,0,0,0,0,0,N,N,N
2012-10-05 00:00:00,EB,EB-34,27152845,20344,4,A,13331,24,CHVA00,11083,2012-10-05 17:22:04,2012-10-05 17:23:39,53,54,0,0,10,0,0,0,0,0,0,0,0,0,0,0,0,N,N,N
2012-10-05 00:00:00,EB,EB-34,27152845,20344,4,A,13331,25,SSCH00,11549,2012-10-05 17:23:01,2012-10-05 17:24:33,53,54,0,0,10,0,0,0,0,0,0,0,0,0,0,0,0,N,N,N
2012-10-05 00:00:00,EB,EB-34,27152845,20344,4,A,13331,26,GRAV00,11835,2012-10-05 17:23:36,2012-10-05 17:25:22,53,54,0,1,9,0,1,0,0,0,0,0,0,0,0,0,0,N,Y,Y
2012-10-05 00:00:00,EB,EB-34,27152845,20344,4,A,13331,27,VLLA00,12373,2012-10-05 17:24:42,2012-10-05 17:26:12,53,54,0,0,9,0,0,0,0,0,0,0,0,0,0,0,0,N,N,N
2012-10-05 00:00:00,EB,EB-34,27152845,20344,4,A,13331,28,TRIZ00,12772,2012-10-05 17:25:31,2012-10-05 17:26:58,53,54,0,1,8,0,0,0,1,0,0,0,0,0,0,0,0,N,N,N
2012-10-05 00:00:00,EB,EB-34,27152845,20344,4,A,13331,29,HERM00,13331,2012-10-05 17:26:40,2012-10-05 17:27:52,53,54,0,9,0,0,2,0,2,0,5,0,0,0,0,0,0,N,N,N
2012-10-05 00:00:00,EB,EB-34,27152846,20344,7,R,13561,1,HERM00,0,2012-10-05 17:35:00,2012-10-05 17:37:30,30,50,7,0,7,5,0,0,0,0,0,2,0,0,0,0,0,N,N,N
2012-10-05 00:00:00,EB,EB-34,27152846,20344,7,R,13561,2,TRIZ01,578,2012-10-05 17:36:14,2012-10-05 17:38:57,30,50,2,0,9,0,0,0,0,2,0,0,0,0,0,0,0,N,N,N
2012-10-05 00:00:00,EB,EB-34,27152846,20344,7,R,13561,3,VLLA01,1057,2012-10-05 17:37:16,2012-10-05 17:39:39,30,50,0,0,9,0,0,0,0,0,0,0,0,0,0,0,0,N,N,N
2012-10-05 00:00:00,EB,EB-34,27152846,20344,7,R,13561,4,GRAV01,1523,2012-10-05 17:38:17,2012-10-05 17:40:17,30,50,0,0,9,0,0,0,0,0,0,0,0,0,0,0,0,N,N,N
2012-10-05 00:00:00,EB,EB-34,27152846,20344,7,R,13561,5,SSCH01,1836,2012-10-05 17:38:57,2012-10-05 17:40:57,30,50,2,0,11,1,0,1,0,0,0,0,0,0,0,0,0,N,Y,Y
2012-10-05 00:00:00,EB,EB-34,27152846,20344,7,R,13561,6,CHVA01,2438,2012-10-05 17:40:15,2012-10-05 17:41:50,30,50,0,0,11,0,0,0,0,0,0,0,0,0,0,0,0,N,N,N
2012-10-05 00:00:00,EB,EB-34,27152846,20344,7,R,13561,7,CRBS01,2748,2012-10-05 17:40:55,2012-10-05 17:42:16,30,50,0,0,11,0,0,0,0,0,0,0,0,0,0,0,0,N,N,N
2012-10-05 00:00:00,EB,EB-34,27152846,20344,7,R,13561,8,ANRS01,3247,2012-10-05 17:42:00,2012-10-05 17:43:13,30,50,2,2,11,1,0,1,0,0,0,0,2,0,0,0,0,N,N,N
2012-10-05 00:00:00,EB,EB-34,27152846,20344,7,R,13561,9,MARG01,3744,2012-10-05 17:43:02,2012-10-05 17:44:03,30,50,0,0,11,0,0,0,0,0,0,0,0,0,0,0,0,N,N,N
2012-10-05 00:00:00,EB,EB-34,27152846,20344,7,R,13561,10,NAIS01,4009,2012-10-05 17:43:35,2012-10-05 17:44:23,30,50,0,0,11,0,0,0,0,0,0,0,0,0,0,0,0,N,N,N
2012-10-05 00:00:00,EB,EB-34,27152846,20344,7,R,13561,11,PPAL01,4525,2012-10-05 17:44:39,2012-10-05 17:45:02,30,50,0,0,11,0,0,0,0,0,0,0,0,0,0,0,0,N,N,N
2012-10-05 00:00:00,EB,EB-34,27152846,20344,7,R,13561,12,CIPO01,4846,2012-10-05 17:45:20,2012-10-05 17:45:41,30,50,0,0,11,0,0,0,0,0,0,0,0,0,0,0,0,N,N,N
2012-10-05 00:00:00,EB,EB-34,27152846,20344,7,R,13561,13,GAIU01,5314,2012-10-05 17:46:28,2012-10-05 17:46:40,30,50,1,0,12,0,0,0,0,1,0,0,0,0,0,0,0,N,N,N
2012-10-05 00:00:00,EB,EB-34,27152846,20344,7,R,13561,14,SVON01,5676,2012-10-05 17:47:20,2012-10-05 17:47:36,30,50,3,0,15,0,0,1,0,2,0,0,0,0,0,0,0,N,N,N
2012-10-05 00:00:00,EB,EB-34,27152846,20344,7,R,13561,15,RSMA01,5895,2012-10-05 17:47:52,2012-10-05 17:48:05,30,50,0,0,15,0,0,0,0,0,0,0,0,0,0,0,0,N,N,N
2012-10-05 00:00:00,EB,EB-34,27152846,20344,7,R,13561,16,CLGE01,6221,2012-10-05 17:48:40,2012-10-05 17:48:45,30,50,0,0,15,0,0,0,0,0,0,0,0,0,0,0,0,N,N,N
2012-10-05 00:00:00,EB,EB-34,27152846,20344,7,R,13561,17,BELL01,6596,2012-10-05 17:49:41,2012-10-05 17:50:11,30,50,0,0,15,0,0,0,0,0,0,0,0,0,0,0,0,N,N,N
2012-10-05 00:00:00,EB,EB-34,27152846,20344,7,R,13561,18,BOCA01,6955,2012-10-05 17:50:40,2012-10-05 17:51:23,30,50,1,0,16,1,0,0,0,0,0,0,0,0,0,0,0,N,N,N
2012-10-05 00:00:00,EB,EB-34,27152846,20344,7,R,13561,19,BISE01,7529,2012-10-05 17:52:26,2012-10-05 17:52:27,30,50,0,0,16,0,0,0,0,0,0,0,0,0,0,0,0,N,N,N
2012-10-05 00:00:00,EB,EB-34,27152846,20344,7,R,13561,20,VSNA01,7925,2012-10-05 17:53:40,2012-10-05 17:53:46,30,50,2,0,18,0,0,0,0,2,0,0,0,0,0,0,0,N,Y,Y
2012-10-05 00:00:00,EB,EB-34,27152846,20344,7,R,13561,21,BLTE01,8640,2012-10-05 17:55:04,2012-10-05 17:55:34,30,50,0,0,18,0,0,0,0,0,0,0,0,0,0,0,0,N,N,N
2012-10-05 00:00:00,EB,EB-34,27152846,20344,7,R,13561,22,BOIS01,8904,2012-10-05 17:55:35,2012-10-05 17:55:51,30,50,0,0,18,0,0,0,0,0,0,0,0,0,0,0,0,N,N,N
2012-10-05 00:00:00,EB,EB-34,27152846,20344,7,R,13561,23,RUTH01,9684,2012-10-05 17:57:06,2012-10-05 17:56:44,30,50,0,0,18,0,0,0,0,0,0,0,0,0,0,0,0,N,N,N
2012-10-05 00:00:00,EB,EB-34,27152846,20344,7,R,13561,24,TCRE01,10003,2012-10-05 17:57:44,2012-10-05 17:57:07,30,50,0,0,18,0,0,0,0,0,0,0,0,0,0,0,0,N,N,N
2012-10-05 00:00:00,EB,EB-34,27152846,20344,7,R,13561,25,MGRE01,10424,2012-10-05 17:58:34,2012-10-05 17:57:34,30,50,0,0,18,0,0,0,0,0,0,0,0,0,0,0,0,N,N,N
2012-10-05 00:00:00,EB,EB-34,27152846,20344,7,R,13561,26,CRIG01,11079,2012-10-05 17:59:51,2012-10-05 17:58:16,30,50,0,0,18,0,0,0,0,0,0,0,0,0,0,0,0,N,N,N
2012-10-05 00:00:00,EB,EB-34,27152846,20344,7,R,13561,27,PLGE03,11664,2012-10-05 18:01:00,2012-10-05 18:00:18,30,50,0,1,17,0,1,0,0,0,0,0,0,0,0,0,0,N,N,N
2012-10-05 00:00:00,EB,EB-34,27152846,20344,7,R,13561,28,AUBI00,12646,2012-10-05 18:05:18,2012-10-05 18:03:28,30,50,4,1,20,1,0,2,0,1,1,0,0,0,0,0,0,N,Y,N
2012-10-05 00:00:00,EB,EB-34,27152846,20344,7,R,13561,29,VOLL00,12830,2012-10-05 18:06:07,2012-10-05 18:04:23,30,50,2,3,19,0,2,1,0,1,0,0,1,0,0,0,0,N,N,Y
2012-10-05 00:00:00,EB,EB-34,27152846,20344,7,R,13561,30,RLAC00,13124,2012-10-05 18:07:24,2012-10-05 18:05:35,30,50,4,0,23,0,0,0,0,1,0,3,0,0,0,0,0,N,N,N
2012-10-05 00:00:00,EB,EB-34,27152846,20344,7,R,13561,31,PLEV00,13355,2012-10-05 18:08:25,2012-10-05 18:07:01,30,50,0,43,0,0,7,0,6,0,7,0,23,0,0,0,0,N,N,N
2012-10-05 00:00:00,EB,EB-34,27152848,20344,4,A,13331,1,RIVE03,0,2012-10-05 18:19:00,2012-10-05 18:19:54,20,30,14,0,14,4,0,2,0,5,0,3,0,0,0,0,0,N,N,N
2012-10-05 00:00:00,EB,EB-34,27152848,20344,4,A,13331,2,VOLL02,599,2012-10-05 18:21:15,2012-10-05 18:23:54,20,30,0,0,14,0,0,0,0,0,0,0,0,0,0,0,0,N,N,N
2012-10-05 00:00:00,EB,EB-34,27152848,20344,4,A,13331,3,PLGE01,1773,2012-10-05 18:25:40,2012-10-05 18:26:42,20,30,0,0,14,0,0,0,0,0,0,0,0,0,0,0,0,N,N,N
2012-10-05 00:00:00,EB,EB-34,27152848,20344,4,A,13331,4,CRIG00,2429,2012-10-05 18:26:56,2012-10-05 18:27:51,20,30,0,0,14,0,0,0,0,0,0,0,0,0,0,0,0,N,N,N
2012-10-05 00:00:00,EB,EB-34,27152848,20344,4,A,13331,5,MGRE00,3071,2012-10-05 18:28:11,2012-10-05 18:28:33,20,30,0,0,14,0,0,0,0,0,0,0,0,0,0,0,0,N,N,N
2012-10-05 00:00:00,EB,EB-34,27152848,20344,4,A,13331,6,TCRE00,3512,2012-10-05 18:29:02,2012-10-05 18:29:04,20,30,0,0,14,0,0,0,0,0,0,0,0,0,0,0,0,N,N,N
2012-10-05 00:00:00,EB,EB-34,27152848,20344,4,A,13331,7,RUTH00,3855,2012-10-05 18:29:42,2012-10-05 18:29:44,20,30,0,1,13,0,0,0,1,0,0,0,0,0,0,0,0,N,N,N
2012-10-05 00:00:00,EB,EB-34,27152848,20344,4,A,13331,8,BOIS00,4602,2012-10-05 18:31:09,2012-10-05 18:30:43,20,30,0,0,13,0,0,0,0,0,0,0,0,0,0,0,0,N,N,N
2012-10-05 00:00:00,EB,EB-34,27152848,20344,4,A,13331,9,BLTE00,4952,2012-10-05 18:31:50,2012-10-05 18:31:14,20,30,0,0,13,0,0,0,0,0,0,0,0,0,0,0,0,N,N,N
2012-10-05 00:00:00,EB,EB-34,27152848,20344,4,A,13331,10,VSNA00,5376,2012-10-05 18:32:40,2012-10-05 18:33:56,20,30,4,8,9,1,0,2,3,0,5,1,0,0,0,0,0,N,N,N
2012-10-05 00:00:00,EB,EB-34,27152848,20344,4,A,13331,11,BISE00,6003,2012-10-05 18:34:33,2012-10-05 18:35:59,20,30,1,3,7,0,2,0,1,0,0,1,0,0,0,0,0,N,N,N
2012-10-05 00:00:00,EB,EB-34,27152848,20344,4,A,13331,12,BOCA00,6595,2012-10-05 18:36:20,2012-10-05 18:37:12,20,30,0,1,6,0,0,0,1,0,0,0,0,0,0,0,0,N,N,N
2012-10-05 00:00:00,EB,EB-34,27152848,20344,4,A,13331,13,BELL00,6958,2012-10-05 18:37:25,2012-10-05 18:38:02,20,30,0,0,6,0,0,0,0,0,0,0,0,0,0,0,0,N,N,N
2012-10-05 00:00:00,EB,EB-34,27152848,20344,4,A,13331,14,CLGE00,7257,2012-10-05 18:38:20,2012-10-05 18:39:09,20,30,1,8,0,0,1,0,2,0,5,1,0,0,0,0,0,N,N,N
2012-10-05 00:00:00,EB,EB-34,27152848,20344,4,A,13331,15,RSMA00,7661,2012-10-05 18:39:16,2012-10-05 18:39:53,20,30,0,0,0,0,0,0,0,0,0,0,0,0,0,0,0,N,N,N
2012-10-05 00:00:00,EB,EB-34,27152848,20344,4,A,13331,16,SVON00,7866,2012-10-05 18:39:44,2012-10-05 18:40:23,20,30,0,1,0,0,0,0,1,0,0,0,0,0,0,0,0,N,N,N
2012-10-05 00:00:00,EB,EB-34,27152848,20344,4,A,13331,17,GAIU00,8173,2012-10-05 18:40:27,2012-10-05 18:41:12,20,30,0,2,0,0,0,0,1,0,1,0,0,0,0,0,0,N,N,N
2012-10-05 00:00:00,EB,EB-34,27152848,20344,4,A,13331,18,CIPO00,8699,2012-10-05 18:41:40,2012-10-05 18:42:12,20,30,0,0,0,0,0,0,0,0,0,0,0,0,0,0,0,N,N,N
2012-10-05 00:00:00,EB,EB-34,27152848,20344,4,A,13331,19,PPAL00,9007,2012-10-05 18:42:24,2012-10-05 18:42:50,20,30,0,0,0,0,0,0,0,0,0,0,0,0,0,0,0,N,N,N
2012-10-05 00:00:00,EB,EB-34,27152848,20344,4,A,13331,20,NAIS00,9482,2012-10-05 18:43:32,2012-10-05 18:43:28,20,30,0,0,0,0,0,0,0,0,0,0,0,0,0,0,0,N,N,N
2012-10-05 00:00:00,EB,EB-34,27152848,20344,4,A,13331,21,MARG00,9740,2012-10-05 18:44:09,2012-10-05 18:43:48,20,30,0,0,0,0,0,0,0,0,0,0,0,0,0,0,0,N,N,N
2012-10-05 00:00:00,EB,EB-34,27152848,20344,4,A,13331,22,ANRS00,10227,2012-10-05 18:45:20,2012-10-05 18:44:50,20,30,0,1,0,0,0,0,0,0,1,0,0,0,0,0,0,N,N,N
2012-10-05 00:00:00,EB,EB-34,27152848,20344,4,A,13331,23,CRBS00,10777,2012-10-05 18:46:27,2012-10-05 18:45:42,20,30,0,0,0,0,0,0,0,0,0,0,0,0,0,0,0,N,N,N
2012-10-05 00:00:00,EB,EB-34,27152848,20344,4,A,13331,24,CHVA00,11083,2012-10-05 18:47:04,2012-10-05 18:46:04,20,30,0,0,0,0,0,0,0,0,0,0,0,0,0,0,0,N,N,N
2012-10-05 00:00:00,EB,EB-34,27152848,20344,4,A,13331,25,SSCH00,11549,2012-10-05 18:48:01,2012-10-05 18:46:37,20,30,0,0,0,0,0,0,0,0,0,0,0,0,0,0,0,N,N,N
2012-10-05 00:00:00,EB,EB-34,27152848,20344,4,A,13331,26,GRAV00,11835,2012-10-05 18:48:36,2012-10-05 18:47:22,20,30,0,1,0,0,0,0,1,0,0,0,0,0,0,0,0,N,Y,Y
2012-10-05 00:00:00,EB,EB-34,27152848,20344,4,A,13331,27,VLLA00,12373,2012-10-05 18:49:42,2012-10-05 18:48:09,20,30,0,0,0,0,0,0,0,0,0,0,0,0,0,0,0,N,N,N
2012-10-05 00:00:00,EB,EB-34,27152848,20344,4,A,13331,28,TRIZ00,12772,2012-10-05 18:50:31,2012-10-05 18:48:39,20,30,0,0,0,0,0,0,0,0,0,0,0,0,0,0,0,N,N,N
2012-10-05 00:00:00,EB,EB-34,27152848,20344,4,A,13331,29,HERM00,13331,2012-10-05 18:51:40,2012-10-05 18:49:32,20,30,0,4,0,0,1,0,1,0,2,0,0,0,0,0,0,N,N,N
2012-10-05 00:00:00,GB,GB-36,27153235,20344,4,A,12759,1,RIVE03,0,2012-10-05 06:51:00,2012-10-05 06:52:05,8,15,4,4,0,0,0,2,0,2,0,0,4,0,0,0,0,N,N,N
2012-10-05 00:00:00,GB,GB-36,27153235,20344,4,A,12759,2,VOLL02,599,2012-10-05 06:52:27,2012-10-05 06:55:13,8,15,0,0,0,0,0,0,0,0,0,0,0,0,0,0,0,N,N,N
2012-10-05 00:00:00,GB,GB-36,27153235,20344,4,A,12759,3,PLGE01,1773,2012-10-05 06:55:20,2012-10-05 06:57:18,8,15,0,0,0,0,0,0,0,0,0,0,0,0,0,0,0,N,N,N
2012-10-05 00:00:00,GB,GB-36,27153235,20344,4,A,12759,4,CRIG00,2429,2012-10-05 06:56:25,2012-10-05 06:58:14,8,15,0,0,0,0,0,0,0,0,0,0,0,0,0,0,0,N,N,N
2012-10-05 00:00:00,GB,GB-36,27153235,20344,4,A,12759,5,MGRE00,3071,2012-10-05 06:57:29,2012-10-05 06:58:55,8,15,0,0,0,0,0,0,0,0,0,0,0,0,0,0,0,N,N,N
2012-10-05 00:00:00,GB,GB-36,27153235,20344,4,A,12759,6,TCRE00,3512,2012-10-05 06:58:13,2012-10-05 06:59:22,8,15,0,0,0,0,0,0,0,0,0,0,0,0,0,0,0,N,N,N
2012-10-05 00:00:00,GB,GB-36,27153235,20344,4,A,12759,7,RUTH00,3855,2012-10-05 06:58:48,2012-10-05 06:59:44,8,15,0,0,0,0,0,0,0,0,0,0,0,0,0,0,0,N,N,N
2012-10-05 00:00:00,GB,GB-36,27153235,20344,4,A,12759,8,BOIS00,4602,2012-10-05 07:00:02,2012-10-05 07:00:35,8,15,0,0,0,0,0,0,0,0,0,0,0,0,0,0,0,N,N,N
2012-10-05 00:00:00,GB,GB-36,27153235,20344,4,A,12759,9,BLTE00,4952,2012-10-05 07:00:37,2012-10-05 07:01:01,8,15,0,0,0,0,0,0,0,0,0,0,0,0,0,0,0,N,N,N
2012-10-05 00:00:00,GB,GB-36,27153235,20344,4,A,12759,10,VSNA00,5376,2012-10-05 07:01:20,2012-10-05 07:02:30,8,15,1,0,1,0,0,1,0,0,0,0,0,0,0,0,0,N,N,N
2012-10-05 00:00:00,GB,GB-36,27153235,20344,4,A,12759,11,MANC00,6064,2012-10-05 07:02:54,2012-10-05 07:05:11,8,15,1,0,2,0,0,0,0,0,0,1,0,0,0,0,0,N,N,N
2012-10-05 00:00:00,GB,GB-36,27153235,20344,4,A,12759,12,PETR00,6449,2012-10-05 07:03:47,2012-10-05 07:06:08,8,15,0,1,1,0,0,0,1,0,0,0,0,0,0,0,0,N,N,N
2012-10-05 00:00:00,GB,GB-36,27153235,20344,4,A,12759,13,BOGA00,6938,2012-10-05 07:04:54,2012-10-05 07:07:00,8,15,0,0,1,0,0,0,0,0,0,0,0,0,0,0,0,N,N,N
2012-10-05 00:00:00,GB,GB-36,27153235,20344,4,A,12759,14,PLLT00,7266,2012-10-05 07:05:40,2012-10-05 07:07:46,8,15,2,4,0,0,3,1,0,0,1,1,0,0,0,0,0,N,N,N
2012-10-05 00:00:00,GB,GB-36,27153235,20344,4,A,12759,15,LADA00,7691,2012-10-05 07:06:21,2012-10-05 07:08:37,8,15,0,0,0,0,0,0,0,0,0,0,0,0,0,0,0,N,N,N
2012-10-05 00:00:00,GB,GB-36,27153235,20344,4,A,12759,16,REPE00,8247,2012-10-05 07:07:16,2012-10-05 07:09:29,8,15,0,1,0,0,0,0,1,0,0,0,0,0,0,0,0,N,N,N
2012-10-05 00:00:00,GB,GB-36,27153235,20344,4,A,12759,17,SOLE00,8855,2012-10-05 07:08:15,2012-10-05 07:10:35,8,15,0,1,0,0,1,0,0,0,0,0,0,0,0,0,0,N,N,N
2012-10-05 00:00:00,GB,GB-36,27153235,20344,4,A,12759,18,MNEU00,9105,2012-10-05 07:08:40,2012-10-05 07:11:10,8,15,0,0,0,0,0,0,0,0,0,0,0,0,0,0,0,N,N,N
2012-10-05 00:00:00,GB,GB-36,27153235,20344,4,A,12759,19,CIVI00,9749,2012-10-05 07:10:20,2012-10-05 07:12:49,8,15,0,0,0,0,0,0,0,0,0,0,0,0,0,0,0,N,N,N
2012-10-05 00:00:00,GB,GB-36,27153235,20344,4,A,12759,20,MNEU99,10304,2012-10-05 07:11:23,2012-10-05 07:14:24,8,15,0,0,0,0,0,0,0,0,0,0,0,0,0,0,0,N,N,N
2012-10-05 00:00:00,GB,GB-36,27153235,20344,4,A,12759,21,ANDO00,11329,2012-10-05 07:13:20,2012-10-05 07:15:43,8,15,0,4,0,0,1,0,0,0,1,0,2,0,0,0,0,N,Y,N
2012-10-05 00:00:00,GB,GB-36,27153236,20344,7,R,12656,1,PRVG02,0,2012-10-05 07:19:00,2012-10-05 07:20:36,82,78,11,0,11,5,0,6,0,0,0,0,0,0,0,0,0,N,N,Y
2012-10-05 00:00:00,GB,GB-36,27153236,20344,7,R,12656,2,_DOANS,730,2012-10-05 07:20:16,2012-10-05 07:22:40,82,78,1,0,12,0,0,0,0,1,0,0,0,0,0,0,0,N,Y,N
2012-10-05 00:00:00,GB,GB-36,27153236,20344,7,R,12656,3,ANDO01,1397,2012-10-05 07:21:26,2012-10-05 07:23:38,82,78,1,0,13,0,0,1,0,0,0,0,0,0,0,0,0,N,N,Y
2012-10-05 00:00:00,GB,GB-36,27153236,20344,7,R,12656,4,MNEU98,2268,2012-10-05 07:22:57,2012-10-05 07:25:08,82,78,1,0,14,0,0,0,0,1,0,0,0,0,0,0,0,N,N,N
2012-10-05 00:00:00,GB,GB-36,27153236,20344,7,R,12656,5,CIVI00,2860,2012-10-05 07:24:00,2012-10-05 07:26:51,82,78,6,1,19,0,0,4,0,2,0,0,1,0,0,0,0,N,N,N
2012-10-05 00:00:00,GB,GB-36,27153236,20344,7,R,12656,6,MNEU01,3407,2012-10-05 07:25:25,2012-10-05 07:28:36,82,78,6,0,25,1,0,4,0,1,0,0,0,0,0,0,0,N,N,N
2012-10-05 00:00:00,GB,GB-36,27153236,20344,7,R,12656,7,SOLE01,3723,2012-10-05 07:26:14,2012-10-05 07:29:58,82,78,3,0,28,0,0,3,0,0,0,0,0,0,0,0,0,N,N,N
2012-10-05 00:00:00,GB,GB-36,27153236,20344,7,R,12656,8,REPE01,4297,2012-10-05 07:27:44,2012-10-05 07:30:43,82,78,0,0,28,0,0,0,0,0,0,0,0,0,0,0,0,N,N,N
2012-10-05 00:00:00,GB,GB-36,27153236,20344,7,R,12656,9,LADA01,4910,2012-10-05 07:29:20,2012-10-05 07:31:43,82,78,2,0,30,0,0,0,0,2,0,0,0,0,0,0,0,N,N,N
2012-10-05 00:00:00,GB,GB-36,27153236,20344,7,R,12656,10,PLLT01,5321,2012-10-05 07:31:00,2012-10-05 07:32:57,82,78,2,0,32,0,0,0,0,2,0,0,0,0,0,0,0,N,N,N
2012-10-05 00:00:00,GB,GB-36,27153236,20344,7,R,12656,11,BOGA01,5641,2012-10-05 07:32:00,2012-10-05 07:33:49,82,78,0,4,28,0,0,0,0,0,0,0,4,0,0,0,0,N,N,N
2012-10-05 00:00:00,GB,GB-36,27153236,20344,7,R,12656,12,PETR01,6181,2012-10-05 07:33:41,2012-10-05 07:35:02,82,78,5,2,31,0,0,1,0,4,0,0,2,0,0,0,0,N,N,N
2012-10-05 00:00:00,GB,GB-36,27153236,20344,7,R,12656,13,MANC01,6519,2012-10-05 07:34:45,2012-10-05 07:36:05,82,78,4,4,31,0,0,2,3,2,0,0,1,0,0,0,0,N,N,N
2012-10-05 00:00:00,GB,GB-36,27153236,20344,7,R,12656,14,VSNA01,7020,2012-10-05 07:36:20,2012-10-05 07:43:57,82,78,12,2,41,2,0,5,1,4,1,1,0,0,0,0,0,N,Y,Y
2012-10-05 00:00:00,GB,GB-36,27153236,20344,7,R,12656,15,BLTE01,7735,2012-10-05 07:37:47,2012-10-05 07:45:45,82,78,5,0,46,0,0,4,0,1,0,0,0,0,0,0,0,N,Y,N
2012-10-05 00:00:00,GB,GB-36,27153236,20344,7,R,12656,16,BOIS01,7999,2012-10-05 07:38:20,2012-10-05 07:46:14,82,78,1,0,47,0,0,0,0,1,0,0,0,0,0,0,0,N,N,Y
2012-10-05 00:00:00,GB,GB-36,27153236,20344,7,R,12656,17,RUTH01,8779,2012-10-05 07:39:56,2012-10-05 07:47:26,82,78,1,0,48,1,0,0,0,0,0,0,0,0,0,0,0,N,N,N
2012-10-05 00:00:00,GB,GB-36,27153236,20344,7,R,12656,18,TCRE01,9098,2012-10-05 07:40:35,2012-10-05 07:48:12,82,78,1,0,49,1,0,0,0,0,0,0,0,0,0,0,0,N,N,N
2012-10-05 00:00:00,GB,GB-36,27153236,20344,7,R,12656,19,MGRE01,9519,2012-10-05 07:41:27,2012-10-05 07:49:07,82,78,0,2,47,0,0,0,0,0,0,0,2,0,0,0,0,N,N,N
2012-10-05 00:00:00,GB,GB-36,27153236,20344,7,R,12656,20,CRIG01,10174,2012-10-05 07:42:48,2012-10-05 07:50:16,82,78,2,1,48,0,0,0,0,2,1,0,0,0,0,0,0,N,N,N
2012-10-05 00:00:00,GB,GB-36,27153236,20344,7,R,12656,21,PLGE03,10759,2012-10-05 07:44:00,2012-10-05 07:51:48,82,78,2,2,48,0,0,1,1,1,1,0,0,0,0,0,0,N,N,N
2012-10-05 00:00:00,GB,GB-36,27153236,20344,7,R,12656,22,AUBI00,11741,2012-10-05 07:48:29,2012-10-05 07:54:08,82,78,2,2,48,1,0,1,2,0,0,0,0,0,0,0,0,N,N,N
2012-10-05 00:00:00,GB,GB-36,27153236,20344,7,R,12656,23,VOLL00,11925,2012-10-05 07:49:19,2012-10-05 07:54:50,82,78,0,0,48,0,0,0,0,0,0,0,0,0,0,0,0,N,N,N
2012-10-05 00:00:00,GB,GB-36,27153236,20344,7,R,12656,24,RLAC00,12219,2012-10-05 07:50:40,2012-10-05 07:55:57,82,78,1,3,46,0,1,0,0,1,0,0,2,0,0,0,0,N,N,N
2012-10-05 00:00:00,GB,GB-36,27153236,20344,7,R,12656,25,PLEV00,12450,2012-10-05 07:51:43,2012-10-05 07:58:41,82,78,3,16,33,0,2,3,9,0,5,0,0,0,0,0,0,N,N,N
2012-10-05 00:00:00,GB,GB-36,27153236,20344,7,R,12656,26,RIVE04,12656,2012-10-05 07:52:40,2012-10-05 07:59:26,82,78,10,39,4,0,5,0,19,0,15,10,0,0,0,0,0,N,N,N
2012-10-05 00:00:00,EB,EB-31,27152826,20350,7,R,13561,1,HERM00,0,2012-10-05 06:42:00,2012-10-05 06:41:49,27,30,5,1,4,5,1,0,0,0,0,0,0,0,0,0,0,N,N,N
2012-10-05 00:00:00,EB,EB-31,27152826,20350,7,R,13561,2,TRIZ01,578,2012-10-05 06:43:21,2012-10-05 06:44:05,27,30,0,0,4,0,0,0,0,0,0,0,0,0,0,0,0,N,N,N
2012-10-05 00:00:00,EB,EB-31,27152826,20350,7,R,13561,3,VLLA01,1057,2012-10-05 06:44:29,2012-10-05 06:45:07,27,30,1,0,5,0,0,1,0,0,0,0,0,0,0,0,0,N,N,N
2012-10-05 00:00:00,EB,EB-31,27152826,20350,7,R,13561,4,GRAV01,1523,2012-10-05 06:45:35,2012-10-05 06:45:53,27,30,0,0,5,0,0,0,0,0,0,0,0,0,0,0,0,N,N,N
2012-10-05 00:00:00,EB,EB-31,27152826,20350,7,R,13561,5,SSCH01,1836,2012-10-05 06:46:20,2012-10-05 06:46:20,27,30,0,0,5,0,0,0,0,0,0,0,0,0,0,0,0,N,N,N
2012-10-05 00:00:00,EB,EB-31,27152826,20350,7,R,13561,6,CHVA01,2438,2012-10-05 06:47:45,2012-10-05 06:47:52,27,30,2,0,7,0,0,0,0,1,0,1,0,0,0,0,0,N,N,N
2012-10-05 00:00:00,EB,EB-31,27152826,20350,7,R,13561,7,CRBS01,2748,2012-10-05 06:48:29,2012-10-05 06:48:47,27,30,2,0,9,0,0,0,0,2,0,0,0,0,0,0,0,N,N,N
2012-10-05 00:00:00,EB,EB-31,27152826,20350,7,R,13561,8,ANRS01,3247,2012-10-05 06:49:40,2012-10-05 06:49:56,27,30,3,0,12,0,0,1,0,2,0,0,0,0,0,0,0,N,N,N
2012-10-05 00:00:00,EB,EB-31,27152826,20350,7,R,13561,9,MARG01,3744,2012-10-05 06:50:48,2012-10-05 06:51:09,27,30,1,0,13,0,0,1,0,0,0,0,0,0,0,0,0,N,N,N
2012-10-05 00:00:00,EB,EB-31,27152826,20350,7,R,13561,10,NAIS01,4009,2012-10-05 06:51:24,2012-10-05 06:51:40,27,30,0,0,13,0,0,0,0,0,0,0,0,0,0,0,0,N,N,N
2012-10-05 00:00:00,EB,EB-31,27152826,20350,7,R,13561,11,PPAL01,4525,2012-10-05 06:52:35,2012-10-05 06:52:22,27,30,0,0,13,0,0,0,0,0,0,0,0,0,0,0,0,N,N,N
2012-10-05 00:00:00,EB,EB-31,27152826,20350,7,R,13561,12,CIPO01,4846,2012-10-05 06:53:20,2012-10-05 06:53:07,27,30,1,0,14,0,0,1,0,0,0,0,0,0,0,0,0,N,N,N
2012-10-05 00:00:00,EB,EB-31,27152826,20350,7,R,13561,13,GAIU01,5314,2012-10-05 06:54:21,2012-10-05 06:53:58,27,30,0,0,14,0,0,0,0,0,0,0,0,0,0,0,0,N,N,N
2012-10-05 00:00:00,EB,EB-31,27152826,20350,7,R,13561,14,SVON01,5676,2012-10-05 06:55:08,2012-10-05 06:54:47,27,30,2,0,16,0,0,1,0,0,0,1,0,0,0,0,0,N,N,N
2012-10-05 00:00:00,EB,EB-31,27152826,20350,7,R,13561,15,RSMA01,5895,2012-10-05 06:55:37,2012-10-05 06:55:17,27,30,0,0,16,0,0,0,0,0,0,0,0,0,0,0,0,N,N,N
2012-10-05 00:00:00,EB,EB-31,27152826,20350,7,R,13561,16,CLGE01,6221,2012-10-05 06:56:20,2012-10-05 06:56:09,27,30,1,1,16,0,0,0,0,0,0,1,1,0,0,0,0,N,N,N
2012-10-05 00:00:00,EB,EB-31,27152826,20350,7,R,13561,17,BELL01,6596,2012-10-05 06:57:21,2012-10-05 06:57:15,27,30,2,0,18,0,0,1,0,1,0,0,0,0,0,0,0,N,N,N
2012-10-05 00:00:00,EB,EB-31,27152826,20350,7,R,13561,18,BOCA01,6955,2012-10-05 06:58:20,2012-10-05 06:58:14,27,30,1,0,19,0,0,0,0,0,0,1,0,0,0,0,0,N,N,N
2012-10-05 00:00:00,EB,EB-31,27152826,20350,7,R,13561,19,BISE01,7529,2012-10-05 06:59:54,2012-10-05 06:59:26,27,30,0,0,19,0,0,0,0,0,0,0,0,0,0,0,0,N,N,N
2012-10-05 00:00:00,EB,EB-31,27152826,20350,7,R,13561,20,VSNA01,7925,2012-10-05 07:01:00,2012-10-05 07:01:15,27,30,0,0,19,0,0,0,0,0,0,0,0,0,0,0,0,N,N,N
2012-10-05 00:00:00,EB,EB-31,27152826,20350,7,R,13561,21,BLTE01,8640,2012-10-05 07:02:24,2012-10-05 07:03:34,27,30,2,0,21,0,0,2,0,0,0,0,0,0,0,0,0,N,N,N
2012-10-05 00:00:00,EB,EB-31,27152826,20350,7,R,13561,22,BOIS01,8904,2012-10-05 07:02:55,2012-10-05 07:04:30,27,30,2,0,23,0,0,2,0,0,0,0,0,0,0,0,0,N,N,N
2012-10-05 00:00:00,EB,EB-31,27152826,20350,7,R,13561,23,RUTH01,9684,2012-10-05 07:04:26,2012-10-05 07:05:59,27,30,1,0,24,0,0,1,0,0,0,0,0,0,0,0,0,N,N,N
2012-10-05 00:00:00,EB,EB-31,27152826,20350,7,R,13561,24,TCRE01,10003,2012-10-05 07:05:04,2012-10-05 07:06:33,27,30,0,0,24,0,0,0,0,0,0,0,0,0,0,0,0,N,N,N
2012-10-05 00:00:00,EB,EB-31,27152826,20350,7,R,13561,25,MGRE01,10424,2012-10-05 07:05:54,2012-10-05 07:07:04,27,30,0,0,24,0,0,0,0,0,0,0,0,0,0,0,0,N,N,N
2012-10-05 00:00:00,EB,EB-31,27152826,20350,7,R,13561,26,CRIG01,11079,2012-10-05 07:07:11,2012-10-05 07:07:48,27,30,0,0,24,0,0,0,0,0,0,0,0,0,0,0,0,N,N,N
2012-10-05 00:00:00,EB,EB-31,27152826,20350,7,R,13561,27,PLGE03,11664,2012-10-05 07:08:20,2012-10-05 07:09:06,27,30,0,1,23,0,0,0,0,0,0,0,1,0,0,0,0,N,N,N
2012-10-05 00:00:00,EB,EB-31,27152826,20350,7,R,13561,28,AUBI00,12646,2012-10-05 07:11:36,2012-10-05 07:11:38,27,30,0,0,23,0,0,0,0,0,0,0,0,0,0,0,0,N,N,N
2012-10-05 00:00:00,EB,EB-31,27152826,20350,7,R,13561,29,VOLL00,12830,2012-10-05 07:12:13,2012-10-05 07:12:28,27,30,0,1,22,0,0,0,1,0,0,0,0,0,0,0,0,N,N,N
2012-10-05 00:00:00,EB,EB-31,27152826,20350,7,R,13561,30,RLAC00,13124,2012-10-05 07:13:12,2012-10-05 07:13:30,27,30,0,1,21,0,0,0,1,0,0,0,0,0,0,0,0,N,N,N
2012-10-05 00:00:00,EB,EB-31,27152826,20350,7,R,13561,31,PLEV00,13355,2012-10-05 07:13:58,2012-10-05 07:14:51,27,30,1,8,14,1,2,0,5,0,1,0,0,0,0,0,0,N,N,N
2012-10-05 00:00:00,EB,EB-31,27152826,20350,7,R,13561,32,RIVE04,13561,2012-10-05 07:14:40,2012-10-05 07:16:08,27,30,0,17,0,0,1,0,4,0,8,0,4,0,0,0,0,N,N,N
2012-10-05 00:00:00,EB,EB-31,27152828,20350,4,A,13331,1,RIVE03,0,2012-10-05 07:24:00,2012-10-05 07:24:43,80,81,48,0,48,3,0,19,0,12,0,14,0,0,0,0,0,N,N,N
2012-10-05 00:00:00,EB,EB-31,27152828,20350,4,A,13331,2,VOLL02,599,2012-10-05 07:25:34,2012-10-05 07:28:05,80,81,19,0,67,7,0,4,0,2,0,6,0,0,0,0,0,N,N,N
2012-10-05 00:00:00,EB,EB-31,27152828,20350,4,A,13331,3,PLGE01,1773,2012-10-05 07:28:40,2012-10-05 07:30:35,80,81,0,1,66,0,0,0,0,0,1,0,0,0,0,0,0,N,N,N
2012-10-05 00:00:00,EB,EB-31,27152828,20350,4,A,13331,4,CRIG00,2429,2012-10-05 07:29:49,2012-10-05 07:31:40,80,81,0,0,66,0,0,0,0,0,0,0,0,0,0,0,0,N,N,N
2012-10-05 00:00:00,EB,EB-31,27152828,20350,4,A,13331,5,MGRE00,3071,2012-10-05 07:30:56,2012-10-05 07:32:36,80,81,0,0,66,0,0,0,0,0,0,0,0,0,0,0,0,N,N,N
2012-10-05 00:00:00,EB,EB-31,27152828,20350,4,A,13331,6,TCRE00,3512,2012-10-05 07:31:43,2012-10-05 07:33:30,80,81,0,1,65,0,0,0,0,0,1,0,0,0,0,0,0,N,N,N
2012-10-05 00:00:00,EB,EB-31,27152828,20350,4,A,13331,7,RUTH00,3855,2012-10-05 07:32:19,2012-10-05 07:34:31,80,81,0,2,63,0,0,0,0,0,0,0,2,0,0,0,0,N,N,N
2012-10-05 00:00:00,EB,EB-31,27152828,20350,4,A,13331,8,BOIS00,4602,2012-10-05 07:33:38,2012-10-05 07:35:41,80,81,0,0,63,0,0,0,0,0,0,0,0,0,0,0,0,N,N,N
2012-10-05 00:00:00,EB,EB-31,27152828,20350,4,A,13331,9,BLTE00,4952,2012-10-05 07:34:15,2012-10-05 07:36:18,80,81,0,4,59,0,0,0,0,0,1,0,3,0,0,0,0,N,N,N
2012-10-05 00:00:00,EB,EB-31,27152828,20350,4,A,13331,10,VSNA00,5376,2012-10-05 07:35:00,2012-10-05 07:37:19,80,81,0,0,59,0,0,0,0,0,0,0,0,0,0,0,0,N,N,N
2012-10-05 00:00:00,EB,EB-31,27152828,20350,4,A,13331,11,BISE00,6003,2012-10-05 07:37:03,2012-10-05 07:39:40,80,81,11,15,55,3,2,5,5,3,7,0,1,0,0,0,0,N,N,N
2012-10-05 00:00:00,EB,EB-31,27152828,20350,4,A,13331,12,BOCA00,6595,2012-10-05 07:39:00,2012-10-05 07:40:56,80,81,0,28,27,0,7,0,9,0,11,0,1,0,0,0,0,N,N,N
2012-10-05 00:00:00,EB,EB-31,27152828,20350,4,A,13331,13,BELL00,6958,2012-10-05 07:40:05,2012-10-05 07:41:49,80,81,0,4,23,0,0,0,2,0,0,0,2,0,0,0,0,N,N,N
2012-10-05 00:00:00,EB,EB-31,27152828,20350,4,A,13331,14,CLGE00,7257,2012-10-05 07:41:00,2012-10-05 07:42:48,80,81,1,2,22,0,0,1,2,0,0,0,0,0,0,0,0,N,N,N
2012-10-05 00:00:00,EB,EB-31,27152828,20350,4,A,13331,15,RSMA00,7661,2012-10-05 07:41:50,2012-10-05 07:43:40,80,81,0,0,22,0,0,0,0,0,0,0,0,0,0,0,0,N,N,N
2012-10-05 00:00:00,EB,EB-31,27152828,20350,4,A,13331,16,SVON00,7866,2012-10-05 07:42:16,2012-10-05 07:44:20,80,81,0,2,20,0,0,0,2,0,0,0,0,0,0,0,0,N,N,N
2012-10-05 00:00:00,EB,EB-31,27152828,20350,4,A,13331,17,GAIU00,8173,2012-10-05 07:42:54,2012-10-05 07:45:07,80,81,0,3,17,0,0,0,0,0,1,0,2,0,0,0,0,N,N,N
2012-10-05 00:00:00,EB,EB-31,27152828,20350,4,A,13331,18,CIPO00,8699,2012-10-05 07:44:00,2012-10-05 07:46:14,80,81,0,1,16,0,0,0,1,0,0,0,0,0,0,0,0,N,N,N
2012-10-05 00:00:00,EB,EB-31,27152828,20350,4,A,13331,19,PPAL00,9007,2012-10-05 07:44:44,2012-10-05 07:46:56,80,81,0,1,15,0,1,0,0,0,0,0,0,0,0,0,0,N,N,N
2012-10-05 00:00:00,EB,EB-31,27152828,20350,4,A,13331,20,NAIS00,9482,2012-10-05 07:45:52,2012-10-05 07:47:55,80,81,0,2,13,0,0,0,1,0,0,0,1,0,0,0,0,N,N,N
2012-10-05 00:00:00,EB,EB-31,27152828,20350,4,A,13331,21,MARG00,9740,2012-10-05 07:46:29,2012-10-05 07:48:40,80,81,1,2,12,0,1,1,1,0,0,0,0,0,0,0,0,N,N,N
2012-10-05 00:00:00,EB,EB-31,27152828,20350,4,A,13331,22,ANRS00,10227,2012-10-05 07:47:40,2012-10-05 07:49:46,80,81,0,6,6,0,0,0,1,0,3,0,2,0,0,0,0,N,N,N
2012-10-05 00:00:00,EB,EB-31,27152828,20350,4,A,13331,23,CRBS00,10777,2012-10-05 07:48:47,2012-10-05 07:50:36,80,81,0,0,6,0,0,0,0,0,0,0,0,0,0,0,0,N,N,N
2012-10-05 00:00:00,EB,EB-31,27152828,20350,4,A,13331,24,CHVA00,11083,2012-10-05 07:49:24,2012-10-05 07:51:09,80,81,0,1,5,0,0,0,1,0,0,0,0,0,0,0,0,N,N,N
2012-10-05 00:00:00,EB,EB-31,27152828,20350,4,A,13331,25,SSCH00,11549,2012-10-05 07:50:21,2012-10-05 07:52:12,80,81,0,2,3,0,1,0,1,0,0,0,0,0,0,0,0,N,N,N
2012-10-05 00:00:00,EB,EB-31,27152828,20350,4,A,13331,26,GRAV00,11835,2012-10-05 07:50:56,2012-10-05 07:52:38,80,81,0,0,3,0,0,0,0,0,0,0,0,0,0,0,0,N,N,N
2012-10-05 00:00:00,EB,EB-31,27152828,20350,4,A,13331,27,VLLA00,12373,2012-10-05 07:52:02,2012-10-05 07:53:15,80,81,0,0,3,0,0,0,0,0,0,0,0,0,0,0,0,N,N,N
2012-10-05 00:00:00,EB,EB-31,27152828,20350,4,A,13331,28,TRIZ00,12772,2012-10-05 07:52:51,2012-10-05 07:54:08,80,81,0,3,0,0,0,0,1,0,2,0,0,0,0,0,0,N,N,N
2012-10-05 00:00:00,EB,EB-31,27152828,20350,4,A,13331,29,HERM00,13331,2012-10-05 07:54:00,2012-10-05 07:54:48,80,81,0,1,0,0,0,0,1,0,0,0,0,0,0,0,0,N,N,N
2012-10-05 00:00:00,EB,EB-31,27152829,20350,7,R,13561,1,HERM00,0,2012-10-05 07:59:00,2012-10-05 07:59:57,44,43,9,0,9,3,0,6,0,0,0,0,0,0,0,0,0,N,Y,Y
2012-10-05 00:00:00,EB,EB-31,27152829,20350,7,R,13561,2,TRIZ01,578,2012-10-05 08:00:18,2012-10-05 08:01:23,44,43,0,0,9,0,0,0,0,0,0,0,0,0,0,0,0,N,N,N
2012-10-05 00:00:00,EB,EB-31,27152829,20350,7,R,13561,3,VLLA01,1057,2012-10-05 08:01:23,2012-10-05 08:02:03,44,43,0,0,9,0,0,0,0,0,0,0,0,0,0,0,0,N,N,N
2012-10-05 00:00:00,EB,EB-31,27152829,20350,7,R,13561,4,GRAV01,1523,2012-10-05 08:02:26,2012-10-05 08:02:57,44,43,1,0,10,0,0,0,0,0,0,1,0,0,0,0,0,N,N,N
2012-10-05 00:00:00,EB,EB-31,27152829,20350,7,R,13561,5,SSCH01,1836,2012-10-05 08:03:08,2012-10-05 08:03:57,44,43,1,0,11,1,0,0,0,0,0,0,0,0,0,0,0,N,N,N
2012-10-05 00:00:00,EB,EB-31,27152829,20350,7,R,13561,6,CHVA01,2438,2012-10-05 08:04:30,2012-10-05 08:04:59,44,43,0,0,11,0,0,0,0,0,0,0,0,0,0,0,0,N,N,N
2012-10-05 00:00:00,EB,EB-31,27152829,20350,7,R,13561,7,CRBS01,2748,2012-10-05 08:05:12,2012-10-05 08:05:36,44,43,3,0,14,0,0,1,0,1,0,1,0,0,0,0,0,N,N,N
2012-10-05 00:00:00,EB,EB-31,27152829,20350,7,R,13561,8,ANRS01,3247,2012-10-05 08:06:20,2012-10-05 08:06:50,44,43,6,2,18,3,0,1,2,2,0,0,0,0,0,0,0,N,N,N
2012-10-05 00:00:00,EB,EB-31,27152829,20350,7,R,13561,9,MARG01,3744,2012-10-05 08:07:28,2012-10-05 08:08:05,44,43,3,0,21,1,0,1,0,1,0,0,0,0,0,0,0,N,N,N
2012-10-05 00:00:00,EB,EB-31,27152829,20350,7,R,13561,10,NAIS01,4009,2012-10-05 08:08:04,2012-10-05 08:08:49,44,43,1,0,22,0,0,1,0,0,0,0,0,0,0,0,0,N,N,N
2012-10-05 00:00:00,EB,EB-31,27152829,20350,7,R,13561,11,PPAL01,4525,2012-10-05 08:09:15,2012-10-05 08:09:35,44,43,0,0,22,0,0,0,0,0,0,0,0,0,0,0,0,N,N,N
2012-10-05 00:00:00,EB,EB-31,27152829,20350,7,R,13561,12,CIPO01,4846,2012-10-05 08:10:00,2012-10-05 08:10:11,44,43,0,0,22,0,0,0,0,0,0,0,0,0,0,0,0,N,N,N
2012-10-05 00:00:00,EB,EB-31,27152829,20350,7,R,13561,13,GAIU01,5314,2012-10-05 08:11:21,2012-10-05 08:10:57,44,43,0,0,22,0,0,0,0,0,0,0,0,0,0,0,0,N,N,N
2012-10-05 00:00:00,EB,EB-31,27152829,20350,7,R,13561,14,SVON01,5676,2012-10-05 08:12:24,2012-10-05 08:11:47,44,43,0,0,22,0,0,0,0,0,0,0,0,0,0,0,0,N,N,N
2012-10-05 00:00:00,EB,EB-31,27152829,20350,7,R,13561,15,RSMA01,5895,2012-10-05 08:13:03,2012-10-05 08:12:19,44,43,0,0,22,0,0,0,0,0,0,0,0,0,0,0,0,N,N,N
2012-10-05 00:00:00,EB,EB-31,27152829,20350,7,R,13561,16,CLGE01,6221,2012-10-05 08:14:00,2012-10-05 08:13:13,44,43,5,0,27,1,0,0,0,2,0,2,0,0,0,0,0,N,N,N
2012-10-05 00:00:00,EB,EB-31,27152829,20350,7,R,13561,17,BELL01,6596,2012-10-05 08:15:11,2012-10-05 08:14:44,44,43,4,0,31,0,0,2,0,0,0,2,0,0,0,0,0,N,N,N
2012-10-05 00:00:00,EB,EB-31,27152829,20350,7,R,13561,18,BOCA01,6955,2012-10-05 08:16:20,2012-10-05 08:15:52,44,43,1,0,32,0,0,0,0,1,0,0,0,0,0,0,0,N,N,N
2012-10-05 00:00:00,EB,EB-31,27152829,20350,7,R,13561,19,BISE01,7529,2012-10-05 08:18:06,2012-10-05 08:18:23,44,43,0,0,32,0,0,0,0,0,0,0,0,0,0,0,0,N,N,N
2012-10-05 00:00:00,EB,EB-31,27152829,20350,7,R,13561,20,VSNA01,7925,2012-10-05 08:19:20,2012-10-05 08:25:49,44,43,3,0,35,0,0,3,0,0,0,0,0,0,0,0,0,N,Y,Y
2012-10-05 00:00:00,EB,EB-31,27152829,20350,7,R,13561,21,BLTE01,8640,2012-10-05 08:20:47,2012-10-05 08:27:22,44,43,1,0,36,0,0,1,0,0,0,0,0,0,0,0,0,N,N,N
2012-10-05 00:00:00,EB,EB-31,27152829,20350,7,R,13561,22,BOIS01,8904,2012-10-05 08:21:20,2012-10-05 08:27:39,44,43,0,0,36,0,0,0,0,0,0,0,0,0,0,0,0,N,N,N
2012-10-05 00:00:00,EB,EB-31,27152829,20350,7,R,13561,23,RUTH01,9684,2012-10-05 08:22:56,2012-10-05 08:28:27,44,43,0,0,36,0,0,0,0,0,0,0,0,0,0,0,0,N,N,N
2012-10-05 00:00:00,EB,EB-31,27152829,20350,7,R,13561,24,TCRE01,10003,2012-10-05 08:23:35,2012-10-05 08:28:47,44,43,0,0,36,0,0,0,0,0,0,0,0,0,0,0,0,N,N,N
2012-10-05 00:00:00,EB,EB-31,27152829,20350,7,R,13561,25,MGRE01,10424,2012-10-05 08:24:27,2012-10-05 08:29:13,44,43,0,0,36,0,0,0,0,0,0,0,0,0,0,0,0,N,N,N
2012-10-05 00:00:00,EB,EB-31,27152829,20350,7,R,13561,26,CRIG01,11079,2012-10-05 08:25:48,2012-10-05 08:29:53,44,43,0,0,36,0,0,0,0,0,0,0,0,0,0,0,0,N,N,N
2012-10-05 00:00:00,EB,EB-31,27152829,20350,7,R,13561,27,PLGE03,11664,2012-10-05 08:27:00,2012-10-05 08:32:11,44,43,2,2,36,1,0,1,1,0,0,0,1,0,0,0,0,N,N,N
2012-10-05 00:00:00,EB,EB-31,27152829,20350,7,R,13561,28,AUBI00,12646,2012-10-05 08:31:29,2012-10-05 08:34:01,44,43,2,1,37,0,0,1,1,1,0,0,0,0,0,0,0,N,Y,N
2012-10-05 00:00:00,EB,EB-31,27152829,20350,7,R,13561,29,VOLL00,12830,2012-10-05 08:32:19,2012-10-05 08:34:49,44,43,1,0,38,0,0,0,0,1,0,0,0,0,0,0,0,N,N,Y
2012-10-05 00:00:00,EB,EB-31,27152829,20350,7,R,13561,30,RLAC00,13124,2012-10-05 08:33:40,2012-10-05 08:36:28,44,43,0,2,36,0,0,0,1,0,1,0,0,0,0,0,0,N,N,N
2012-10-05 00:00:00,EB,EB-31,27152829,20350,7,R,13561,31,PLEV00,13355,2012-10-05 08:34:43,2012-10-05 08:38:36,44,43,0,16,20,0,3,0,5,0,5,0,3,0,0,0,0,N,N,N
2012-10-05 00:00:00,EB,EB-31,27152829,20350,7,R,13561,32,RIVE04,13561,2012-10-05 08:35:40,2012-10-05 08:41:16,44,43,1,20,1,0,2,0,8,1,8,0,2,0,0,0,0,N,N,N
2012-10-05 00:00:00,GB,GB-39,27153252,20350,7,R,12656,1,PRVG02,0,2012-10-05 17:54:00,2012-10-05 17:55:03,47,28,1,0,1,0,0,0,0,1,0,0,0,0,0,0,0,N,N,Y
2012-10-05 00:00:00,GB,GB-39,27153252,20350,7,R,12656,2,_DOANS,730,2012-10-05 17:55:16,2012-10-05 17:56:39,47,28,0,0,1,0,0,0,0,0,0,0,0,0,0,0,0,N,N,N
2012-10-05 00:00:00,GB,GB-39,27153252,20350,7,R,12656,3,ANDO01,1397,2012-10-05 17:56:26,2012-10-05 17:57:36,47,28,0,0,1,0,0,0,0,0,0,0,0,0,0,0,0,N,N,N
2012-10-05 00:00:00,GB,GB-39,27153252,20350,7,R,12656,4,MNEU98,2268,2012-10-05 17:57:57,2012-10-05 17:58:55,47,28,0,0,1,0,0,0,0,0,0,0,0,0,0,0,0,N,Y,N
2012-10-05 00:00:00,GB,GB-39,27153252,20350,7,R,12656,5,CIVI00,2860,2012-10-05 17:59:00,2012-10-05 18:00:30,47,28,5,0,6,0,0,5,0,0,0,0,0,0,0,0,0,N,N,Y
2012-10-05 00:00:00,GB,GB-39,27153252,20350,7,R,12656,6,MNEU01,3407,2012-10-05 18:00:14,2012-10-05 18:01:43,47,28,0,0,6,0,0,0,0,0,0,0,0,0,0,0,0,N,N,N
2012-10-05 00:00:00,GB,GB-39,27153252,20350,7,R,12656,7,SOLE01,3723,2012-10-05 18:00:57,2012-10-05 18:02:44,47,28,2,0,8,0,0,2,0,0,0,0,0,0,0,0,0,N,N,N
2012-10-05 00:00:00,GB,GB-39,27153252,20350,7,R,12656,8,REPE01,4297,2012-10-05 18:02:16,2012-10-05 18:03:47,47,28,1,0,9,0,0,1,0,0,0,0,0,0,0,0,0,N,N,N
2012-10-05 00:00:00,GB,GB-39,27153252,20350,7,R,12656,9,LADA01,4910,2012-10-05 18:03:40,2012-10-05 18:04:50,47,28,1,0,10,0,0,0,0,0,0,1,0,0,0,0,0,N,N,N
2012-10-05 00:00:00,GB,GB-39,27153252,20350,7,R,12656,10,PLLT01,5321,2012-10-05 18:05:00,2012-10-05 18:05:53,47,28,1,0,11,0,0,1,0,0,0,0,0,0,0,0,0,N,N,N
2012-10-05 00:00:00,GB,GB-39,27153252,20350,7,R,12656,11,BOGA01,5641,2012-10-05 18:05:52,2012-10-05 18:06:46,47,28,7,0,18,1,0,4,0,2,0,0,0,0,0,0,0,N,N,N
2012-10-05 00:00:00,GB,GB-39,27153252,20350,7,R,12656,12,PETR01,6181,2012-10-05 18:07:21,2012-10-05 18:08:06,47,28,6,1,23,0,0,0,0,2,0,4,1,0,0,0,0,N,N,N
2012-10-05 00:00:00,GB,GB-39,27153252,20350,7,R,12656,13,MANC01,6519,2012-10-05 18:08:17,2012-10-05 18:08:54,47,28,0,1,22,0,0,0,0,0,1,0,0,0,0,0,0,N,N,N
2012-10-05 00:00:00,GB,GB-39,27153252,20350,7,R,12656,14,VSNA01,7020,2012-10-05 18:09:40,2012-10-05 18:10:30,47,28,8,3,27,1,0,2,0,4,2,1,1,0,0,0,0,N,Y,Y
2012-10-05 00:00:00,GB,GB-39,27153252,20350,7,R,12656,15,BLTE01,7735,2012-10-05 18:11:04,2012-10-05 18:11:56,47,28,1,0,28,0,0,0,0,1,0,0,0,0,0,0,0,N,N,N
2012-10-05 00:00:00,GB,GB-39,27153252,20350,7,R,12656,16,BOIS01,7999,2012-10-05 18:11:35,2012-10-05 18:12:17,47,28,0,0,28,0,0,0,0,0,0,0,0,0,0,0,0,N,N,N
2012-10-05 00:00:00,GB,GB-39,27153252,20350,7,R,12656,17,RUTH01,8779,2012-10-05 18:13:06,2012-10-05 18:13:18,47,28,0,0,28,0,0,0,0,0,0,0,0,0,0,0,0,N,N,N
2012-10-05 00:00:00,GB,GB-39,27153252,20350,7,R,12656,18,TCRE01,9098,2012-10-05 18:13:44,2012-10-05 18:13:44,47,28,0,0,28,0,0,0,0,0,0,0,0,0,0,0,0,N,Y,N
2012-10-05 00:00:00,GB,GB-39,27153252,20350,7,R,12656,19,MGRE01,9519,2012-10-05 18:14:34,2012-10-05 18:14:27,47,28,2,0,30,0,0,2,0,0,0,0,0,0,0,0,0,N,N,Y
2012-10-05 00:00:00,GB,GB-39,27153252,20350,7,R,12656,20,CRIG01,10174,2012-10-05 18:15:51,2012-10-05 18:15:43,47,28,1,0,31,0,0,0,0,0,0,1,0,0,0,0,0,N,N,N
2012-10-05 00:00:00,GB,GB-39,27153252,20350,7,R,12656,21,PLGE03,10759,2012-10-05 18:17:00,2012-10-05 18:16:46,47,28,0,0,31,0,0,0,0,0,0,0,0,0,0,0,0,N,N,N
2012-10-05 00:00:00,GB,GB-39,27153252,20350,7,R,12656,22,AUBI00,11741,2012-10-05 18:21:18,2012-10-05 18:19:36,47,28,2,1,32,0,0,1,0,0,0,1,1,0,0,0,0,N,N,N
2012-10-05 00:00:00,GB,GB-39,27153252,20350,7,R,12656,23,VOLL00,11925,2012-10-05 18:22:07,2012-10-05 18:20:33,47,28,5,3,34,5,0,0,0,0,1,0,2,0,0,0,0,N,N,N
2012-10-05 00:00:00,GB,GB-39,27153252,20350,7,R,12656,24,RLAC00,12219,2012-10-05 18:23:24,2012-10-05 18:22:30,47,28,4,1,37,1,0,2,1,1,0,0,0,0,0,0,0,N,N,N
2012-10-05 00:00:00,GB,GB-39,27153252,20350,7,R,12656,25,PLEV00,12450,2012-10-05 18:24:25,2012-10-05 18:24:58,47,28,0,18,19,0,3,0,8,0,1,0,6,0,0,0,0,N,N,N
2012-10-05 00:00:00,GB,GB-39,27153254,20350,4,A,12759,1,RIVE03,0,2012-10-05 18:39:00,2012-10-05 18:38:59,12,7,7,0,7,1,0,3,0,2,0,1,0,0,0,0,0,N,Y,Y
2012-10-05 00:00:00,GB,GB-39,27153254,20350,4,A,12759,2,VOLL02,599,2012-10-05 18:41:15,2012-10-05 18:41:27,12,7,0,0,7,0,0,0,0,0,0,0,0,0,0,0,0,N,N,N
2012-10-05 00:00:00,GB,GB-39,27153254,20350,4,A,12759,3,PLGE01,1773,2012-10-05 18:45:40,2012-10-05 18:44:10,12,7,2,0,9,2,0,0,0,0,0,0,0,0,0,0,0,N,N,N
2012-10-05 00:00:00,GB,GB-39,27153254,20350,4,A,12759,4,CRIG00,2429,2012-10-05 18:46:52,2012-10-05 18:45:40,12,7,0,0,9,0,0,0,0,0,0,0,0,0,0,0,0,N,N,N
2012-10-05 00:00:00,GB,GB-39,27153254,20350,4,A,12759,5,MGRE00,3071,2012-10-05 18:48:04,2012-10-05 18:46:36,12,7,0,0,9,0,0,0,0,0,0,0,0,0,0,0,0,N,N,N
2012-10-05 00:00:00,GB,GB-39,27153254,20350,4,A,12759,6,TCRE00,3512,2012-10-05 18:48:53,2012-10-05 18:47:07,12,7,0,0,9,0,0,0,0,0,0,0,0,0,0,0,0,N,N,N
2012-10-05 00:00:00,GB,GB-39,27153254,20350,4,A,12759,7,RUTH00,3855,2012-10-05 18:49:31,2012-10-05 18:47:33,12,7,0,0,9,0,0,0,0,0,0,0,0,0,0,0,0,N,N,N
2012-10-05 00:00:00,GB,GB-39,27153254,20350,4,A,12759,8,BOIS00,4602,2012-10-05 18:50:54,2012-10-05 18:48:35,12,7,0,0,9,0,0,0,0,0,0,0,0,0,0,0,0,N,N,N
2012-10-05 00:00:00,GB,GB-39,27153254,20350,4,A,12759,9,BLTE00,4952,2012-10-05 18:51:32,2012-10-05 18:49:25,12,7,0,1,8,0,0,0,1,0,0,0,0,0,0,0,0,N,N,N
2012-10-05 00:00:00,GB,GB-39,27153254,20350,4,A,12759,10,VSNA00,5376,2012-10-05 18:52:20,2012-10-05 18:52:10,12,7,0,0,8,0,0,0,0,0,0,0,0,0,0,0,0,N,N,N
2012-10-05 00:00:00,GB,GB-39,27153254,20350,4,A,12759,11,MANC00,6064,2012-10-05 18:54:01,2012-10-05 18:54:28,12,7,2,0,10,1,0,1,0,0,0,0,0,0,0,0,0,N,N,N
2012-10-05 00:00:00,GB,GB-39,27153254,20350,4,A,12759,12,PETR00,6449,2012-10-05 18:54:58,2012-10-05 18:55:19,12,7,0,2,8,0,0,0,1,0,1,0,0,0,0,0,0,N,N,N
2012-10-05 00:00:00,GB,GB-39,27153254,20350,4,A,12759,13,BOGA00,6938,2012-10-05 18:56:11,2012-10-05 18:56:17,12,7,0,1,7,0,0,0,0,0,0,0,1,0,0,0,0,N,N,N
2012-10-05 00:00:00,GB,GB-39,27153254,20350,4,A,12759,14,PLLT00,7266,2012-10-05 18:57:00,2012-10-05 18:57:04,12,7,0,1,6,0,0,0,0,0,0,0,1,0,0,0,0,N,N,N
2012-10-05 00:00:00,GB,GB-39,27153254,20350,4,A,12759,15,LADA00,7691,2012-10-05 18:57:46,2012-10-05 18:58:02,12,7,0,1,5,0,0,0,1,0,0,0,0,0,0,0,0,N,N,N
2012-10-05 00:00:00,GB,GB-39,27153254,20350,4,A,12759,16,REPE00,8247,2012-10-05 18:58:46,2012-10-05 18:58:55,12,7,0,0,5,0,0,0,0,0,0,0,0,0,0,0,0,N,N,N
2012-10-05 00:00:00,GB,GB-39,27153254,20350,4,A,12759,17,SOLE00,8855,2012-10-05 18:59:52,2012-10-05 18:59:48,12,7,0,1,4,0,1,0,0,0,0,0,0,0,0,0,0,N,N,N
2012-10-05 00:00:00,GB,GB-39,27153254,20350,4,A,12759,18,MNEU00,9105,2012-10-05 19:00:20,2012-10-05 19:00:16,12,7,0,0,4,0,0,0,0,0,0,0,0,0,0,0,0,N,N,N
2012-10-05 00:00:00,GB,GB-39,27153254,20350,4,A,12759,19,CIVI00,9749,2012-10-05 19:02:00,2012-10-05 19:01:39,12,7,1,0,5,0,0,1,0,0,0,0,0,0,0,0,0,N,N,N
2012-10-05 00:00:00,GB,GB-39,27153254,20350,4,A,12759,20,MNEU99,10304,2012-10-05 19:03:03,2012-10-05 19:02:46,12,7,0,0,5,0,0,0,0,0,0,0,0,0,0,0,0,N,N,N
2012-10-05 00:00:00,GB,GB-39,27153254,20350,4,A,12759,21,ANDO00,11329,2012-10-05 19:05:00,2012-10-05 19:04:10,12,7,0,0,5,0,0,0,0,0,0,0,0,0,0,0,0,N,N,N
2012-10-05 00:00:00,GB,GB-39,27153254,20350,4,A,12759,22,_DOANF,11929,2012-10-05 19:05:50,2012-10-05 19:04:52,12,7,0,0,5,0,0,0,0,0,0,0,0,0,0,0,0,N,N,N
2012-10-05 00:00:00,GB,GB-39,27153254,20350,4,A,12759,23,PRVG02,12759,2012-10-05 19:07:00,2012-10-05 19:06:22,12,7,0,0,5,0,0,0,0,0,0,0,0,0,0,0,0,N,N,N
2012-10-05 00:00:00,GB,GB-39,27155448,20350,4,A,12759,1,RIVE03,0,2012-10-05 17:21:00,2012-10-05 17:25:56,45,42,0,0,0,0,0,0,0,0,0,0,0,0,0,0,0,N,Y,N
2012-10-05 00:00:00,GB,GB-39,27155448,20350,4,A,12759,2,PLGE01,1773,2012-10-05 17:27:40,2012-10-05 17:26:23,45,42,45,3,42,7,0,7,0,7,3,24,0,0,0,0,0,N,N,Y
2012-10-05 00:00:00,GB,GB-39,27155448,20350,4,A,12759,3,CRIG00,2429,2012-10-05 17:28:56,2012-10-05 17:28:01,45,42,0,0,42,0,0,0,0,0,0,0,0,0,0,0,0,N,N,N
2012-10-05 00:00:00,GB,GB-39,27155448,20350,4,A,12759,4,MGRE00,3071,2012-10-05 17:30:11,2012-10-05 17:29:03,45,42,0,1,41,0,0,0,0,0,0,0,1,0,0,0,0,N,N,N
2012-10-05 00:00:00,GB,GB-39,27155448,20350,4,A,12759,5,TCRE00,3512,2012-10-05 17:31:02,2012-10-05 17:29:46,45,42,0,0,41,0,0,0,0,0,0,0,0,0,0,0,0,N,N,N
2012-10-05 00:00:00,GB,GB-39,27155448,20350,4,A,12759,6,RUTH00,3855,2012-10-05 17:31:42,2012-10-05 17:30:12,45,42,0,0,41,0,0,0,0,0,0,0,0,0,0,0,0,N,N,N
2012-10-05 00:00:00,GB,GB-39,27155448,20350,4,A,12759,7,BOIS00,4602,2012-10-05 17:33:09,2012-10-05 17:31:21,45,42,0,1,40,0,0,0,1,0,0,0,0,0,0,0,0,N,N,N
2012-10-05 00:00:00,GB,GB-39,27155448,20350,4,A,12759,8,BLTE00,4952,2012-10-05 17:33:50,2012-10-05 17:32:16,45,42,0,1,39,0,0,0,1,0,0,0,0,0,0,0,0,N,N,N
2012-10-05 00:00:00,GB,GB-39,27155448,20350,4,A,12759,9,VSNA00,5376,2012-10-05 17:34:40,2012-10-05 17:34:50,45,42,0,0,39,0,0,0,0,0,0,0,0,0,0,0,0,N,N,N
2012-10-05 00:00:00,GB,GB-39,27155448,20350,4,A,12759,10,MANC00,6064,2012-10-05 17:36:29,2012-10-05 17:36:52,45,42,0,12,27,0,1,0,3,0,5,0,3,0,0,0,0,N,N,N
2012-10-05 00:00:00,GB,GB-39,27155448,20350,4,A,12759,11,PETR00,6449,2012-10-05 17:37:30,2012-10-05 17:38:19,45,42,0,8,19,0,0,0,4,0,4,0,0,0,0,0,0,N,N,N
2012-10-05 00:00:00,GB,GB-39,27155448,20350,4,A,12759,12,BOGA00,6938,2012-10-05 17:38:47,2012-10-05 17:39:28,45,42,0,1,18,0,0,0,0,0,0,0,1,0,0,0,0,N,N,N
2012-10-05 00:00:00,GB,GB-39,27155448,20350,4,A,12759,13,PLLT00,7266,2012-10-05 17:39:40,2012-10-05 17:40:22,45,42,0,0,18,0,0,0,0,0,0,0,0,0,0,0,0,N,N,N
2012-10-05 00:00:00,GB,GB-39,27155448,20350,4,A,12759,14,LADA00,7691,2012-10-05 17:40:26,2012-10-05 17:40:59,45,42,0,0,18,0,0,0,0,0,0,0,0,0,0,0,0,N,N,N
2012-10-05 00:00:00,GB,GB-39,27155448,20350,4,A,12759,15,REPE00,8247,2012-10-05 17:41:26,2012-10-05 17:41:38,45,42,0,0,18,0,0,0,0,0,0,0,0,0,0,0,0,N,N,N
2012-10-05 00:00:00,GB,GB-39,27155448,20350,4,A,12759,16,SOLE00,8855,2012-10-05 17:42:32,2012-10-05 17:42:39,45,42,0,3,15,0,0,0,1,0,1,0,1,0,0,0,0,N,N,N
2012-10-05 00:00:00,GB,GB-39,27155448,20350,4,A,12759,17,MNEU00,9105,2012-10-05 17:43:00,2012-10-05 17:43:25,45,42,0,0,15,0,0,0,0,0,0,0,0,0,0,0,0,N,N,N
2012-10-05 00:00:00,GB,GB-39,27155448,20350,4,A,12759,18,CIVI00,9749,2012-10-05 17:44:40,2012-10-05 17:45:16,45,42,0,5,10,0,1,0,0,0,0,0,4,0,0,0,0,N,N,N
2012-10-05 00:00:00,GB,GB-39,27155448,20350,4,A,12759,19,MNEU99,10304,2012-10-05 17:45:43,2012-10-05 17:46:50,45,42,0,0,10,0,0,0,0,0,0,0,0,0,0,0,0,N,N,N
2012-10-05 00:00:00,GB,GB-39,27155448,20350,4,A,12759,20,ANDO00,11329,2012-10-05 17:47:40,2012-10-05 17:48:38,45,42,0,7,3,0,1,0,2,0,1,0,3,0,0,0,0,N,Y,N
2012-10-05 00:00:00,GB,GB-37,27153239,20354,4,A,12759,1,RIVE03,0,2012-10-05 07:29:00,2012-10-05 07:29:00,56,61,48,39,9,2,7,7,10,5,14,34,8,0,0,0,0,N,N,N
2012-10-05 00:00:00,GB,GB-37,27153239,20354,4,A,12759,2,VOLL02,599,2012-10-05 07:30:34,2012-10-05 07:31:28,56,61,0,0,9,0,0,0,0,0,0,0,0,0,0,0,0,N,N,N
2012-10-05 00:00:00,GB,GB-37,27153239,20354,4,A,12759,3,PLGE01,1773,2012-10-05 07:33:40,2012-10-05 07:33:38,56,61,1,1,9,0,0,1,0,0,1,0,0,0,0,0,0,N,N,N
2012-10-05 00:00:00,GB,GB-37,27153239,20354,4,A,12759,4,CRIG00,2429,2012-10-05 07:34:49,2012-10-05 07:34:47,56,61,0,0,9,0,0,0,0,0,0,0,0,0,0,0,0,N,N,N
2012-10-05 00:00:00,GB,GB-37,27153239,20354,4,A,12759,5,MGRE00,3071,2012-10-05 07:35:56,2012-10-05 07:35:31,56,61,0,0,9,0,0,0,0,0,0,0,0,0,0,0,0,N,N,N
2012-10-05 00:00:00,GB,GB-37,27153239,20354,4,A,12759,6,TCRE00,3512,2012-10-05 07:36:43,2012-10-05 07:36:01,56,61,0,0,9,0,0,0,0,0,0,0,0,0,0,0,0,N,N,N
2012-10-05 00:00:00,GB,GB-37,27153239,20354,4,A,12759,7,RUTH00,3855,2012-10-05 07:37:19,2012-10-05 07:36:26,56,61,0,0,9,0,0,0,0,0,0,0,0,0,0,0,0,N,N,N
2012-10-05 00:00:00,GB,GB-37,27153239,20354,4,A,12759,8,BOIS00,4602,2012-10-05 07:38:38,2012-10-05 07:38:05,56,61,1,0,10,0,0,0,0,1,0,0,0,0,0,0,0,N,N,N
2012-10-05 00:00:00,GB,GB-37,27153239,20354,4,A,12759,9,BLTE00,4952,2012-10-05 07:39:15,2012-10-05 07:39:01,56,61,0,2,8,0,0,0,2,0,0,0,0,0,0,0,0,N,N,N
2012-10-05 00:00:00,GB,GB-37,27153239,20354,4,A,12759,10,VSNA00,5376,2012-10-05 07:40:00,2012-10-05 07:39:57,56,61,0,0,8,0,0,0,0,0,0,0,0,0,0,0,0,N,N,N
2012-10-05 00:00:00,GB,GB-37,27153239,20354,4,A,12759,11,MANC00,6064,2012-10-05 07:41:41,2012-10-05 07:42:37,56,61,1,5,4,0,2,0,1,1,0,0,2,0,0,0,0,N,N,N
2012-10-05 00:00:00,GB,GB-37,27153239,20354,4,A,12759,12,PETR00,6449,2012-10-05 07:42:38,2012-10-05 07:43:43,56,61,0,1,3,0,0,0,0,0,0,0,1,0,0,0,0,N,N,N
2012-10-05 00:00:00,GB,GB-37,27153239,20354,4,A,12759,13,BOGA00,6938,2012-10-05 07:43:51,2012-10-05 07:44:48,56,61,0,1,2,0,0,0,1,0,0,0,0,0,0,0,0,N,N,N
2012-10-05 00:00:00,GB,GB-37,27153239,20354,4,A,12759,14,PLLT00,7266,2012-10-05 07:44:40,2012-10-05 07:45:40,56,61,2,7,0,0,1,0,5,2,0,0,1,0,0,0,0,N,N,N
2012-10-05 00:00:00,GB,GB-37,27153239,20354,4,A,12759,15,LADA00,7691,2012-10-05 07:45:35,2012-10-05 07:46:25,56,61,0,0,0,0,0,0,0,0,0,0,0,0,0,0,0,N,N,N
2012-10-05 00:00:00,GB,GB-37,27153239,20354,4,A,12759,16,REPE00,8247,2012-10-05 07:46:48,2012-10-05 07:47:07,56,61,0,0,0,0,0,0,0,0,0,0,0,0,0,0,0,N,N,N
2012-10-05 00:00:00,GB,GB-37,27153239,20354,4,A,12759,17,SOLE00,8855,2012-10-05 07:48:07,2012-10-05 07:48:14,56,61,0,2,0,0,0,0,0,0,0,0,2,0,0,0,0,N,N,N
2012-10-05 00:00:00,GB,GB-37,27153239,20354,4,A,12759,18,MNEU00,9105,2012-10-05 07:48:40,2012-10-05 07:48:53,56,61,0,1,0,0,1,0,0,0,0,0,0,0,0,0,0,N,N,N
2012-10-05 00:00:00,GB,GB-37,27153239,20354,4,A,12759,19,CIVI00,9749,2012-10-05 07:50:20,2012-10-05 07:51:30,56,61,3,2,1,0,0,0,0,3,0,0,2,0,0,0,0,N,N,N
2012-10-05 00:00:00,GB,GB-37,27153239,20354,4,A,12759,20,MNEU99,10304,2012-10-05 07:51:23,2012-10-05 07:52:51,56,61,0,0,1,0,0,0,0,0,0,0,0,0,0,0,0,N,N,N
2012-10-05 00:00:00,GB,GB-37,27153239,20354,4,A,12759,21,ANDO00,11329,2012-10-05 07:53:20,2012-10-05 07:54:15,56,61,0,0,1,0,0,0,0,0,0,0,0,0,0,0,0,N,N,N
2012-10-05 00:00:00,GB,GB-37,27153239,20354,4,A,12759,22,_DOANF,11929,2012-10-05 07:54:10,2012-10-05 07:55:01,56,61,0,0,1,0,0,0,0,0,0,0,0,0,0,0,0,N,N,N
2012-10-05 00:00:00,GB,GB-37,27153239,20354,4,A,12759,23,PRVG02,12759,2012-10-05 07:55:20,2012-10-05 07:56:41,56,61,0,0,1,0,0,0,0,0,0,0,0,0,0,0,0,N,N,N
2012-10-05 00:00:00,GB,GB-37,27153240,20354,7,R,12656,1,PRVG02,0,2012-10-05 08:03:00,2012-10-05 07:56:46,35,30,0,0,0,0,0,0,0,0,0,0,0,0,0,0,0,N,N,N
2012-10-05 00:00:00,GB,GB-37,27153240,20354,7,R,12656,2,_DOANS,730,2012-10-05 08:04:16,2012-10-05 08:04:10,35,30,6,0,6,3,0,3,0,0,0,0,0,0,0,0,0,N,N,N
2012-10-05 00:00:00,GB,GB-37,27153240,20354,7,R,12656,3,ANDO01,1397,2012-10-05 08:05:26,2012-10-05 08:05:09,35,30,0,0,6,0,0,0,0,0,0,0,0,0,0,0,0,N,N,N
2012-10-05 00:00:00,GB,GB-37,27153240,20354,7,R,12656,4,MNEU98,2268,2012-10-05 08:06:57,2012-10-05 08:06:37,35,30,1,0,7,0,0,1,0,0,0,0,0,0,0,0,0,N,N,N
2012-10-05 00:00:00,GB,GB-37,27153240,20354,7,R,12656,5,CIVI00,2860,2012-10-05 08:08:00,2012-10-05 08:08:27,35,30,3,0,10,1,0,2,0,0,0,0,0,0,0,0,0,N,N,N
2012-10-05 00:00:00,GB,GB-37,27153240,20354,7,R,12656,6,MNEU01,3407,2012-10-05 08:09:25,2012-10-05 08:10:04,35,30,2,0,12,0,0,2,0,0,0,0,0,0,0,0,0,N,N,N
2012-10-05 00:00:00,GB,GB-37,27153240,20354,7,R,12656,7,SOLE01,3723,2012-10-05 08:10:14,2012-10-05 08:10:51,35,30,0,0,12,0,0,0,0,0,0,0,0,0,0,0,0,N,N,N
2012-10-05 00:00:00,GB,GB-37,27153240,20354,7,R,12656,8,REPE01,4297,2012-10-05 08:11:44,2012-10-05 08:11:47,35,30,0,0,12,0,0,0,0,0,0,0,0,0,0,0,0,N,N,N
2012-10-05 00:00:00,GB,GB-37,27153240,20354,7,R,12656,9,LADA01,4910,2012-10-05 08:13:20,2012-10-05 08:12:34,35,30,0,0,12,0,0,0,0,0,0,0,0,0,0,0,0,N,N,N
2012-10-05 00:00:00,GB,GB-37,27153240,20354,7,R,12656,10,PLLT01,5321,2012-10-05 08:15:20,2012-10-05 08:13:22,35,30,0,0,12,0,0,0,0,0,0,0,0,0,0,0,0,N,N,N
2012-10-05 00:00:00,GB,GB-37,27153240,20354,7,R,12656,11,BOGA01,5641,2012-10-05 08:16:39,2012-10-05 08:14:04,35,30,0,0,12,0,0,0,0,0,0,0,0,0,0,0,0,N,N,N
2012-10-05 00:00:00,GB,GB-37,27153240,20354,7,R,12656,12,PETR01,6181,2012-10-05 08:18:52,2012-10-05 08:15:24,35,30,1,1,12,0,0,0,0,0,1,1,0,0,0,0,0,N,N,N
2012-10-05 00:00:00,GB,GB-37,27153240,20354,7,R,12656,13,MANC01,6519,2012-10-05 08:20:16,2012-10-05 08:16:54,35,30,0,0,12,0,0,0,0,0,0,0,0,0,0,0,0,N,N,N
2012-10-05 00:00:00,GB,GB-37,27153240,20354,7,R,12656,14,VSNA01,7020,2012-10-05 08:22:20,2012-10-05 08:21:57,35,30,0,0,12,0,0,0,0,0,0,0,0,0,0,0,0,N,N,N
2012-10-05 00:00:00,GB,GB-37,27153240,20354,7,R,12656,15,BLTE01,7735,2012-10-05 08:23:47,2012-10-05 08:24:09,35,30,8,5,15,1,0,3,2,0,3,4,0,0,0,0,0,N,N,N
2012-10-05 00:00:00,GB,GB-37,27153240,20354,7,R,12656,16,BOIS01,7999,2012-10-05 08:24:20,2012-10-05 08:24:46,35,30,1,0,16,0,0,0,0,1,0,0,0,0,0,0,0,N,N,N
2012-10-05 00:00:00,GB,GB-37,27153240,20354,7,R,12656,17,RUTH01,8779,2012-10-05 08:25:56,2012-10-05 08:26:02,35,30,0,0,16,0,0,0,0,0,0,0,0,0,0,0,0,N,N,N
2012-10-05 00:00:00,GB,GB-37,27153240,20354,7,R,12656,18,TCRE01,9098,2012-10-05 08:26:35,2012-10-05 08:27:00,35,30,0,1,15,0,0,0,0,0,1,0,0,0,0,0,0,N,N,N
2012-10-05 00:00:00,GB,GB-37,27153240,20354,7,R,12656,19,MGRE01,9519,2012-10-05 08:27:27,2012-10-05 08:27:55,35,30,1,0,16,0,0,0,0,0,0,1,0,0,0,0,0,N,N,N
2012-10-05 00:00:00,GB,GB-37,27153240,20354,7,R,12656,20,CRIG01,10174,2012-10-05 08:28:48,2012-10-05 08:28:56,35,30,0,0,16,0,0,0,0,0,0,0,0,0,0,0,0,N,N,N
2012-10-05 00:00:00,GB,GB-37,27153240,20354,7,R,12656,21,PLGE03,10759,2012-10-05 08:30:00,2012-10-05 08:30:12,35,30,1,2,15,0,0,0,2,0,0,1,0,0,0,0,0,N,N,N
2012-10-05 00:00:00,GB,GB-37,27153240,20354,7,R,12656,22,AUBI00,11741,2012-10-05 08:34:29,2012-10-05 08:32:52,35,30,1,0,16,0,0,0,0,1,0,0,0,0,0,0,0,N,N,N
2012-10-05 00:00:00,GB,GB-37,27153240,20354,7,R,12656,23,VOLL00,11925,2012-10-05 08:35:19,2012-10-05 08:33:52,35,30,3,1,18,2,1,0,0,0,0,1,0,0,0,0,0,N,N,N
2012-10-05 00:00:00,GB,GB-37,27153240,20354,7,R,12656,24,RLAC00,12219,2012-10-05 08:36:40,2012-10-05 08:35:39,35,30,0,0,18,0,0,0,0,0,0,0,0,0,0,0,0,N,N,N
2012-10-05 00:00:00,GB,GB-37,27153240,20354,7,R,12656,25,PLEV00,12450,2012-10-05 08:37:43,2012-10-05 08:36:45,35,30,3,9,12,1,1,0,4,2,0,0,4,0,0,0,0,N,N,N
2012-10-05 00:00:00,GB,GB-37,27153240,20354,7,R,12656,26,RIVE04,12656,2012-10-05 08:38:40,2012-10-05 08:37:37,35,30,4,11,5,0,3,0,6,4,0,0,2,0,0,0,0,N,N,N
2012-10-05 00:00:00,GB,GB-40,27153257,20354,4,A,12759,1,RIVE03,0,2012-10-05 17:38:00,2012-10-05 17:30:27,62,66,1,1,0,1,1,0,0,0,0,0,0,0,0,0,0,N,N,N
2012-10-05 00:00:00,GB,GB-40,27153257,20354,4,A,12759,2,VOLL02,599,2012-10-05 17:40:15,2012-10-05 17:41:46,62,66,61,8,53,6,1,6,0,0,5,49,2,0,0,0,0,N,N,N
2012-10-05 00:00:00,GB,GB-40,27153257,20354,4,A,12759,3,PLGE01,1773,2012-10-05 17:44:40,2012-10-05 17:44:07,62,66,0,57,0,0,14,0,22,0,6,0,15,0,0,0,0,N,Y,N
2012-10-05 00:00:00,GB,GB-40,27153258,20354,7,R,12656,1,PRVG02,0,2012-10-05 18:22:00,2012-10-05 18:21:07,36,18,33,0,33,4,0,7,0,21,0,1,0,0,0,0,0,N,N,Y
2012-10-05 00:00:00,GB,GB-40,27153258,20354,7,R,12656,2,_DOANS,730,2012-10-05 18:23:16,2012-10-05 18:24:26,36,18,0,0,33,0,0,0,0,0,0,0,0,0,0,0,0,N,N,N
2012-10-05 00:00:00,GB,GB-40,27153258,20354,7,R,12656,3,ANDO01,1397,2012-10-05 18:24:26,2012-10-05 18:25:53,36,18,3,0,36,1,0,2,0,0,0,0,0,0,0,0,0,N,N,N
2012-10-05 00:00:00,GB,GB-40,27153258,20354,7,R,12656,4,MNEU98,2268,2012-10-05 18:25:57,2012-10-05 18:27:05,36,18,0,0,36,0,0,0,0,0,0,0,0,0,0,0,0,N,N,N
2012-10-05 00:00:00,GB,GB-40,27153258,20354,7,R,12656,5,CIVI00,2860,2012-10-05 18:27:00,2012-10-05 18:28:41,36,18,0,18,18,0,4,0,5,0,5,0,4,0,0,0,0,N,Y,N
2012-10-05 00:00:00,GB,GB-40,27153260,20354,4,A,12759,1,RIVE03,0,2012-10-05 18:58:00,2012-10-05 18:58:34,46,22,38,0,38,15,0,18,0,1,0,4,0,0,0,0,0,N,N,Y
2012-10-05 00:00:00,GB,GB-40,27153260,20354,4,A,12759,2,VOLL02,599,2012-10-05 19:00:08,2012-10-05 19:01:39,46,22,1,1,38,0,0,1,0,0,1,0,0,0,0,0,0,N,N,N
2012-10-05 00:00:00,GB,GB-40,27153260,20354,4,A,12759,3,PLGE01,1773,2012-10-05 19:04:20,2012-10-05 19:04:09,46,22,1,1,38,0,0,1,1,0,0,0,0,0,0,0,0,N,N,N
2012-10-05 00:00:00,GB,GB-40,27153260,20354,4,A,12759,4,CRIG00,2429,2012-10-05 19:05:32,2012-10-05 19:05:08,46,22,0,0,38,0,0,0,0,0,0,0,0,0,0,0,0,N,N,N
2012-10-05 00:00:00,GB,GB-40,27153260,20354,4,A,12759,5,MGRE00,3071,2012-10-05 19:06:44,2012-10-05 19:05:51,46,22,0,0,38,0,0,0,0,0,0,0,0,0,0,0,0,N,N,N
2012-10-05 00:00:00,GB,GB-40,27153260,20354,4,A,12759,6,TCRE00,3512,2012-10-05 19:07:33,2012-10-05 19:06:25,46,22,0,0,38,0,0,0,0,0,0,0,0,0,0,0,0,N,N,N
2012-10-05 00:00:00,GB,GB-40,27153260,20354,4,A,12759,7,RUTH00,3855,2012-10-05 19:08:11,2012-10-05 19:06:51,46,22,0,0,38,0,0,0,0,0,0,0,0,0,0,0,0,N,N,N
2012-10-05 00:00:00,GB,GB-40,27153260,20354,4,A,12759,8,BOIS00,4602,2012-10-05 19:09:34,2012-10-05 19:08:08,46,22,0,0,38,0,0,0,0,0,0,0,0,0,0,0,0,N,N,N
2012-10-05 00:00:00,GB,GB-40,27153260,20354,4,A,12759,9,BLTE00,4952,2012-10-05 19:10:12,2012-10-05 19:08:38,46,22,0,0,38,0,0,0,0,0,0,0,0,0,0,0,0,N,N,N
2012-10-05 00:00:00,GB,GB-40,27153260,20354,4,A,12759,10,VSNA00,5376,2012-10-05 19:11:00,2012-10-05 19:11:01,46,22,3,5,36,0,0,0,2,3,0,0,3,0,0,0,0,N,N,N
2012-10-05 00:00:00,GB,GB-40,27153260,20354,4,A,12759,11,MANC00,6064,2012-10-05 19:12:41,2012-10-05 19:12:36,46,22,0,3,33,0,0,0,2,0,0,0,1,0,0,0,0,N,N,N
2012-10-05 00:00:00,GB,GB-40,27153260,20354,4,A,12759,12,PETR00,6449,2012-10-05 19:13:38,2012-10-05 19:13:33,46,22,0,3,30,0,0,0,2,0,0,0,1,0,0,0,0,N,N,N
2012-10-05 00:00:00,GB,GB-40,27153260,20354,4,A,12759,13,BOGA00,6938,2012-10-05 19:14:51,2012-10-05 19:14:29,46,22,0,0,30,0,0,0,0,0,0,0,0,0,0,0,0,N,N,N
2012-10-05 00:00:00,GB,GB-40,27153260,20354,4,A,12759,14,PLLT00,7266,2012-10-05 19:15:40,2012-10-05 19:15:01,46,22,0,0,30,0,0,0,0,0,0,0,0,0,0,0,0,N,N,N
2012-10-05 00:00:00,GB,GB-40,27153260,20354,4,A,12759,15,LADA00,7691,2012-10-05 19:16:26,2012-10-05 19:15:40,46,22,0,0,30,0,0,0,0,0,0,0,0,0,0,0,0,N,N,N
2012-10-05 00:00:00,GB,GB-40,27153260,20354,4,A,12759,16,REPE00,8247,2012-10-05 19:17:26,2012-10-05 19:16:21,46,22,0,0,30,0,0,0,0,0,0,0,0,0,0,0,0,N,N,N
2012-10-05 00:00:00,GB,GB-40,27153260,20354,4,A,12759,17,SOLE00,8855,2012-10-05 19:18:32,2012-10-05 19:17:27,46,22,0,3,27,0,1,0,2,0,0,0,0,0,0,0,0,N,N,N
2012-10-05 00:00:00,GB,GB-40,27153260,20354,4,A,12759,18,MNEU00,9105,2012-10-05 19:19:00,2012-10-05 19:18:19,46,22,1,3,25,0,2,0,1,1,0,0,0,0,0,0,0,N,N,N
2012-10-05 00:00:00,GB,GB-40,27153260,20354,4,A,12759,19,CIVI00,9749,2012-10-05 19:20:40,2012-10-05 19:20:08,46,22,2,3,24,0,0,0,2,2,0,0,1,0,0,0,0,N,N,N
2012-10-05 00:00:00,GB,GB-40,27153260,20354,4,A,12759,20,MNEU99,10304,2012-10-05 19:21:43,2012-10-05 19:21:55,46,22,0,0,24,0,0,0,0,0,0,0,0,0,0,0,0,N,N,N
2012-10-05 00:00:00,GB,GB-40,27153260,20354,4,A,12759,21,ANDO00,11329,2012-10-05 19:23:40,2012-10-05 19:23:17,46,22,0,0,24,0,0,0,0,0,0,0,0,0,0,0,0,N,N,N
2012-10-05 00:00:00,GB,GB-40,27153260,20354,4,A,12759,22,_DOANF,11929,2012-10-05 19:24:30,2012-10-05 19:24:02,46,22,0,0,24,0,0,0,0,0,0,0,0,0,0,0,0,N,N,N
2012-10-05 00:00:00,GB,GB-40,27153260,20354,4,A,12759,23,PRVG02,12759,2012-10-05 19:25:40,2012-10-05 19:25:59,46,22,0,0,24,0,0,0,0,0,0,0,0,0,0,0,0,N,N,N
2012-10-05 00:00:00,EB,EB-32,27152832,20357,7,R,13561,1,HERM00,0,2012-10-05 07:04:00,2012-10-05 07:05:38,144,138,27,2,25,15,1,4,1,5,0,3,0,0,0,0,0,N,N,N
2012-10-05 00:00:00,EB,EB-32,27152832,20357,7,R,13561,2,TRIZ01,578,2012-10-05 07:05:21,2012-10-05 07:07:07,144,138,0,0,25,0,0,0,0,0,0,0,0,0,0,0,0,N,N,N
2012-10-05 00:00:00,EB,EB-32,27152832,20357,7,R,13561,3,VLLA01,1057,2012-10-05 07:06:29,2012-10-05 07:07:51,144,138,0,0,25,0,0,0,0,0,0,0,0,0,0,0,0,N,N,N
2012-10-05 00:00:00,EB,EB-32,27152832,20357,7,R,13561,4,GRAV01,1523,2012-10-05 07:07:35,2012-10-05 07:09:02,144,138,4,0,29,0,0,1,0,1,0,2,0,0,0,0,0,N,N,N
2012-10-05 00:00:00,EB,EB-32,27152832,20357,7,R,13561,5,SSCH01,1836,2012-10-05 07:08:20,2012-10-05 07:09:56,144,138,2,0,31,0,0,2,0,0,0,0,0,0,0,0,0,N,N,N
2012-10-05 00:00:00,EB,EB-32,27152832,20357,7,R,13561,6,CHVA01,2438,2012-10-05 07:09:45,2012-10-05 07:11:12,144,138,2,0,33,0,0,0,0,2,0,0,0,0,0,0,0,N,N,N
2012-10-05 00:00:00,EB,EB-32,27152832,20357,7,R,13561,7,CRBS01,2748,2012-10-05 07:10:29,2012-10-05 07:12:06,144,138,2,0,35,1,0,1,0,0,0,0,0,0,0,0,0,N,N,N
2012-10-05 00:00:00,EB,EB-32,27152832,20357,7,R,13561,8,ANRS01,3247,2012-10-05 07:11:40,2012-10-05 07:13:58,144,138,12,1,46,2,0,3,0,7,1,0,0,0,0,0,0,N,N,N
2012-10-05 00:00:00,EB,EB-32,27152832,20357,7,R,13561,9,MARG01,3744,2012-10-05 07:12:54,2012-10-05 07:15:17,144,138,6,0,52,0,0,0,0,3,0,3,0,0,0,0,0,N,N,N
2012-10-05 00:00:00,EB,EB-32,27152832,20357,7,R,13561,10,NAIS01,4009,2012-10-05 07:13:34,2012-10-05 07:15:49,144,138,0,0,52,0,0,0,0,0,0,0,0,0,0,0,0,N,N,N
2012-10-05 00:00:00,EB,EB-32,27152832,20357,7,R,13561,11,PPAL01,4525,2012-10-05 07:14:51,2012-10-05 07:16:45,144,138,1,0,53,0,0,1,0,0,0,0,0,0,0,0,0,N,N,N
2012-10-05 00:00:00,EB,EB-32,27152832,20357,7,R,13561,12,CIPO01,4846,2012-10-05 07:15:40,2012-10-05 07:17:50,144,138,8,0,61,0,0,3,0,1,0,4,0,0,0,0,0,N,N,N
2012-10-05 00:00:00,EB,EB-32,27152832,20357,7,R,13561,13,GAIU01,5314,2012-10-05 07:16:48,2012-10-05 07:19:08,144,138,5,1,65,0,0,0,0,5,0,0,1,0,0,0,0,N,N,N
2012-10-05 00:00:00,EB,EB-32,27152832,20357,7,R,13561,14,SVON01,5676,2012-10-05 07:17:40,2012-10-05 07:20:11,144,138,7,0,72,3,0,0,0,1,0,3,0,0,0,0,0,N,N,N
2012-10-05 00:00:00,EB,EB-32,27152832,20357,7,R,13561,15,RSMA01,5895,,2012-10-05 07:20:52,144,138,1,0,73,0,0,1,0,0,0,0,0,0,0,0,0,N,Y,Y
2012-10-05 00:00:00,EB,EB-32,27152832,20357,7,R,13561,16,CLGE01,6221,2012-10-05 07:19:00,2012-10-05 07:21:54,144,138,9,1,81,0,0,4,1,3,0,2,0,0,0,0,0,N,N,N
2012-10-05 00:00:00,EB,EB-32,27152832,20357,7,R,13561,17,BELL01,6596,2012-10-05 07:20:11,2012-10-05 07:23:04,144,138,4,1,84,1,0,3,1,0,0,0,0,0,0,0,0,N,N,N
2012-10-05 00:00:00,EB,EB-32,27152832,20357,7,R,13561,18,BOCA01,6955,2012-10-05 07:21:20,2012-10-05 07:24:17,144,138,5,5,84,0,0,3,0,0,0,2,5,0,0,0,0,N,N,N
2012-10-05 00:00:00,EB,EB-32,27152832,20357,7,R,13561,19,BISE01,7529,2012-10-05 07:23:18,2012-10-05 07:25:37,144,138,3,1,86,1,0,2,1,0,0,0,0,0,0,0,0,N,N,N
2012-10-05 00:00:00,EB,EB-32,27152832,20357,7,R,13561,20,VSNA01,7925,2012-10-05 07:24:40,2012-10-05 07:33:14,144,138,25,6,105,8,1,5,5,12,0,0,0,0,0,0,0,N,Y,Y
2012-10-05 00:00:00,EB,EB-32,27152832,20357,7,R,13561,21,BLTE01,8640,2012-10-05 07:26:07,2012-10-05 07:35:22,144,138,3,1,107,1,0,0,0,2,1,0,0,0,0,0,0,N,Y,N
2012-10-05 00:00:00,EB,EB-32,27152832,20357,7,R,13561,22,BOIS01,8904,2012-10-05 07:26:40,2012-10-05 07:35:58,144,138,5,1,111,0,0,0,1,5,0,0,0,0,0,0,0,N,N,Y
2012-10-05 00:00:00,EB,EB-32,27152832,20357,7,R,13561,23,RUTH01,9684,2012-10-05 07:28:16,2012-10-05 07:38:23,144,138,0,1,110,0,0,0,0,0,0,0,1,0,0,0,0,N,N,N
2012-10-05 00:00:00,EB,EB-32,27152832,20357,7,R,13561,24,TCRE01,10003,2012-10-05 07:28:55,2012-10-05 07:39:23,144,138,0,0,110,0,0,0,0,0,0,0,0,0,0,0,0,N,N,N
2012-10-05 00:00:00,EB,EB-32,27152832,20357,7,R,13561,25,MGRE01,10424,2012-10-05 07:29:47,2012-10-05 07:39:56,144,138,0,0,110,0,0,0,0,0,0,0,0,0,0,0,0,N,N,N
2012-10-05 00:00:00,EB,EB-32,27152832,20357,7,R,13561,26,CRIG01,11079,2012-10-05 07:31:08,2012-10-05 07:40:39,144,138,0,0,110,0,0,0,0,0,0,0,0,0,0,0,0,N,N,N
2012-10-05 00:00:00,EB,EB-32,27152832,20357,7,R,13561,27,PLGE03,11664,2012-10-05 07:32:20,2012-10-05 07:42:11,144,138,8,11,107,6,1,2,6,0,2,0,2,0,0,0,0,N,N,N
2012-10-05 00:00:00,EB,EB-32,27152832,20357,7,R,13561,28,AUBI00,12646,2012-10-05 07:36:49,2012-10-05 07:44:24,144,138,0,2,105,0,0,0,2,0,0,0,0,0,0,0,0,N,N,N
2012-10-05 00:00:00,EB,EB-32,27152832,20357,7,R,13561,29,VOLL00,12830,2012-10-05 07:37:39,2012-10-05 07:45:13,144,138,0,0,105,0,0,0,0,0,0,0,0,0,0,0,0,N,N,N
2012-10-05 00:00:00,EB,EB-32,27152832,20357,7,R,13561,30,RLAC00,13124,,2012-10-05 07:46:24,144,138,0,1,104,0,0,0,1,0,0,0,0,0,0,0,0,N,Y,Y
2012-10-05 00:00:00,EB,EB-32,27152832,20357,7,R,13561,31,PLEV00,13355,2012-10-05 07:40:03,2012-10-05 07:48:54,144,138,5,17,92,1,5,0,2,2,7,2,3,0,0,0,0,N,N,N
2012-10-05 00:00:00,EB,EB-32,27152832,20357,7,R,13561,32,RIVE04,13561,2012-10-05 07:41:00,2012-10-05 07:49:40,144,138,0,86,6,0,21,0,32,0,19,0,14,0,0,0,0,N,N,N
2012-10-05 00:00:00,EB,EB-32,27152834,20357,4,A,13331,1,RIVE03,0,2012-10-05 07:48:00,2012-10-05 07:53:30,109,74,94,0,94,7,0,16,0,30,0,41,0,0,0,0,0,N,N,N
2012-10-05 00:00:00,EB,EB-32,27152834,20357,4,A,13331,2,VOLL02,599,2012-10-05 07:49:41,2012-10-05 07:55:30,109,74,9,0,103,1,0,0,0,5,0,3,0,0,0,0,0,N,N,N
2012-10-05 00:00:00,EB,EB-32,27152834,20357,4,A,13331,3,PLGE01,1773,2012-10-05 07:53:00,2012-10-05 07:57:39,109,74,1,0,104,0,0,1,0,0,0,0,0,0,0,0,0,N,N,N
2012-10-05 00:00:00,EB,EB-32,27152834,20357,4,A,13331,4,CRIG00,2429,2012-10-05 07:54:12,2012-10-05 07:58:40,109,74,0,0,104,0,0,0,0,0,0,0,0,0,0,0,0,N,N,N
2012-10-05 00:00:00,EB,EB-32,27152834,20357,4,A,13331,5,MGRE00,3071,2012-10-05 07:55:24,2012-10-05 07:59:38,109,74,1,2,103,0,0,0,0,0,0,1,2,0,0,0,0,N,N,N
2012-10-05 00:00:00,EB,EB-32,27152834,20357,4,A,13331,6,TCRE00,3512,2012-10-05 07:56:13,2012-10-05 08:00:40,109,74,0,5,98,0,0,0,1,0,4,0,0,0,0,0,0,N,N,N
2012-10-05 00:00:00,EB,EB-32,27152834,20357,4,A,13331,7,RUTH00,3855,2012-10-05 07:56:51,2012-10-05 08:01:28,109,74,0,1,97,0,0,0,1,0,0,0,0,0,0,0,0,N,N,N
2012-10-05 00:00:00,EB,EB-32,27152834,20357,4,A,13331,8,BOIS00,4602,2012-10-05 07:58:14,2012-10-05 08:02:52,109,74,1,3,95,0,0,0,2,0,1,1,0,0,0,0,0,N,N,N
2012-10-05 00:00:00,EB,EB-32,27152834,20357,4,A,13331,9,BLTE00,4952,2012-10-05 07:58:52,2012-10-05 08:03:53,109,74,1,1,95,0,0,1,1,0,0,0,0,0,0,0,0,N,N,N
2012-10-05 00:00:00,EB,EB-32,27152834,20357,4,A,13331,10,VSNA00,5376,2012-10-05 07:59:40,2012-10-05 08:06:31,109,74,0,0,95,0,0,0,0,0,0,0,0,0,0,0,0,N,N,N
2012-10-05 00:00:00,EB,EB-32,27152834,20357,4,A,13331,11,BISE00,6003,2012-10-05 08:01:43,2012-10-05 08:08:47,109,74,0,28,67,0,2,0,6,0,10,0,10,0,0,0,0,N,N,N
2012-10-05 00:00:00,EB,EB-32,27152834,20357,4,A,13331,12,BOCA00,6595,2012-10-05 08:03:40,2012-10-05 08:10:04,109,74,0,11,56,0,0,0,4,0,5,0,2,0,0,0,0,N,N,N
2012-10-05 00:00:00,EB,EB-32,27152834,20357,4,A,13331,13,BELL00,6958,2012-10-05 08:04:45,2012-10-05 08:11:12,109,74,0,10,46,0,1,0,3,0,4,0,2,0,0,0,0,N,N,N
2012-10-05 00:00:00,EB,EB-32,27152834,20357,4,A,13331,14,CLGE00,7257,2012-10-05 08:05:40,2012-10-05 08:11:58,109,74,0,0,46,0,0,0,0,0,0,0,0,0,0,0,0,N,N,N
2012-10-05 00:00:00,EB,EB-32,27152834,20357,4,A,13331,15,RSMA00,7661,,2012-10-05 08:12:57,109,74,1,1,46,0,0,1,0,0,0,0,1,0,0,0,0,N,Y,Y
2012-10-05 00:00:00,EB,EB-32,27152834,20357,4,A,13331,16,SVON00,7866,2012-10-05 08:06:56,2012-10-05 08:13:46,109,74,0,7,39,0,0,0,1,0,5,0,1,0,0,0,0,N,N,N
2012-10-05 00:00:00,EB,EB-32,27152834,20357,4,A,13331,17,GAIU00,8173,2012-10-05 08:07:34,2012-10-05 08:14:34,109,74,0,2,37,0,0,0,1,0,0,0,1,0,0,0,0,N,N,N
2012-10-05 00:00:00,EB,EB-32,27152834,20357,4,A,13331,18,CIPO00,8699,2012-10-05 08:08:40,2012-10-05 08:15:29,109,74,0,0,37,0,0,0,0,0,0,0,0,0,0,0,0,N,N,N
2012-10-05 00:00:00,EB,EB-32,27152834,20357,4,A,13331,19,PPAL00,9007,2012-10-05 08:09:24,2012-10-05 08:16:01,109,74,0,0,37,0,0,0,0,0,0,0,0,0,0,0,0,N,N,N
2012-10-05 00:00:00,EB,EB-32,27152834,20357,4,A,13331,20,NAIS00,9482,2012-10-05 08:10:32,2012-10-05 08:16:40,109,74,0,0,37,0,0,0,0,0,0,0,0,0,0,0,0,N,N,N
2012-10-05 00:00:00,EB,EB-32,27152834,20357,4,A,13331,21,MARG00,9740,2012-10-05 08:11:09,2012-10-05 08:17:04,109,74,0,0,37,0,0,0,0,0,0,0,0,0,0,0,0,N,N,N
2012-10-05 00:00:00,EB,EB-32,27152834,20357,4,A,13331,22,ANRS00,10227,2012-10-05 08:12:20,2012-10-05 08:17:58,109,74,1,1,37,0,1,1,0,0,0,0,0,0,0,0,0,N,N,N
2012-10-05 00:00:00,EB,EB-32,27152834,20357,4,A,13331,23,CRBS00,10777,2012-10-05 08:13:27,2012-10-05 08:21:24,109,74,0,1,36,0,0,0,1,0,0,0,0,0,0,0,0,N,N,N
2012-10-05 00:00:00,EB,EB-32,27152834,20357,4,A,13331,24,CHVA00,11083,2012-10-05 08:14:04,2012-10-05 08:21:59,109,74,0,0,36,0,0,0,0,0,0,0,0,0,0,0,0,N,N,N
2012-10-05 00:00:00,EB,EB-32,27152834,20357,4,A,13331,25,SSCH00,11549,2012-10-05 08:15:01,2012-10-05 08:22:46,109,74,0,1,35,0,1,0,0,0,0,0,0,0,0,0,0,N,N,N
2012-10-05 00:00:00,EB,EB-32,27152834,20357,4,A,13331,26,GRAV00,11835,2012-10-05 08:15:36,2012-10-05 08:23:15,109,74,0,0,35,0,0,0,0,0,0,0,0,0,0,0,0,N,N,N
2012-10-05 00:00:00,EB,EB-32,27152834,20357,4,A,13331,27,VLLA00,12373,2012-10-05 08:16:42,2012-10-05 08:23:50,109,74,0,0,35,0,0,0,0,0,0,0,0,0,0,0,0,N,N,N
2012-10-05 00:00:00,EB,EB-32,27152834,20357,4,A,13331,28,TRIZ00,12772,2012-10-05 08:17:31,2012-10-05 08:24:17,109,74,0,0,35,0,0,0,0,0,0,0,0,0,0,0,0,N,N,N
2012-10-05 00:00:00,EB,EB-32,27152834,20357,4,A,13331,29,HERM00,13331,2012-10-05 08:18:40,2012-10-05 08:24:55,109,74,0,0,35,0,0,0,0,0,0,0,0,0,0,0,0,N,N,N
2012-10-05 00:00:00,EB,EB-32,27152835,20357,7,R,13561,1,HERM00,0,2012-10-05 08:23:00,2012-10-05 08:25:02,29,33,0,0,0,0,0,0,0,0,0,0,0,0,0,0,0,N,N,N
2012-10-05 00:00:00,EB,EB-32,27152835,20357,7,R,13561,2,TRIZ01,578,2012-10-05 08:24:18,2012-10-05 08:26:56,29,33,1,2,0,0,0,1,2,0,0,0,0,0,0,0,0,N,N,N
2012-10-05 00:00:00,EB,EB-32,27152835,20357,7,R,13561,3,VLLA01,1057,2012-10-05 08:25:23,2012-10-05 08:27:36,29,33,0,0,0,0,0,0,0,0,0,0,0,0,0,0,0,N,N,N
2012-10-05 00:00:00,EB,EB-32,27152835,20357,7,R,13561,4,GRAV01,1523,2012-10-05 08:26:26,2012-10-05 08:28:13,29,33,0,0,0,0,0,0,0,0,0,0,0,0,0,0,0,N,N,N
2012-10-05 00:00:00,EB,EB-32,27152835,20357,7,R,13561,5,SSCH01,1836,2012-10-05 08:27:08,2012-10-05 08:28:35,29,33,0,0,0,0,0,0,0,0,0,0,0,0,0,0,0,N,N,N
2012-10-05 00:00:00,EB,EB-32,27152835,20357,7,R,13561,6,CHVA01,2438,2012-10-05 08:28:30,2012-10-05 08:29:46,29,33,1,0,1,0,0,1,0,0,0,0,0,0,0,0,0,N,N,N
2012-10-05 00:00:00,EB,EB-32,27152835,20357,7,R,13561,7,CRBS01,2748,2012-10-05 08:29:12,2012-10-05 08:30:14,29,33,0,0,1,0,0,0,0,0,0,0,0,0,0,0,0,N,N,N
2012-10-05 00:00:00,EB,EB-32,27152835,20357,7,R,13561,8,ANRS01,3247,2012-10-05 08:30:20,2012-10-05 08:31:06,29,33,0,0,1,0,0,0,0,0,0,0,0,0,0,0,0,N,Y,N
2012-10-05 00:00:00,EB,EB-32,27152835,20357,7,R,13561,9,CIPO01,4846,2012-10-05 08:33:40,2012-10-05 08:34:38,29,33,5,0,6,3,0,1,0,1,0,0,0,0,0,0,0,N,N,Y
2012-10-05 00:00:00,EB,EB-32,27152835,20357,7,R,13561,10,GAIU01,5314,2012-10-05 08:34:41,2012-10-05 08:35:34,29,33,0,0,6,0,0,0,0,0,0,0,0,0,0,0,0,N,N,N
2012-10-05 00:00:00,EB,EB-32,27152835,20357,7,R,13561,11,SVON01,5676,2012-10-05 08:35:28,2012-10-05 08:36:25,29,33,1,0,7,0,0,0,0,1,0,0,0,0,0,0,0,N,N,N
2012-10-05 00:00:00,EB,EB-32,27152835,20357,7,R,13561,12,RSMA01,5895,2012-10-05 08:35:57,2012-10-05 08:36:58,29,33,0,0,7,0,0,0,0,0,0,0,0,0,0,0,0,N,N,N
2012-10-05 00:00:00,EB,EB-32,27152835,20357,7,R,13561,13,CLGE01,6221,2012-10-05 08:36:40,2012-10-05 08:37:48,29,33,4,0,11,1,0,2,0,1,0,0,0,0,0,0,0,N,N,N
2012-10-05 00:00:00,EB,EB-32,27152835,20357,7,R,13561,14,BELL01,6596,2012-10-05 08:37:41,2012-10-05 08:38:50,29,33,1,0,12,1,0,0,0,0,0,0,0,0,0,0,0,N,N,N
2012-10-05 00:00:00,EB,EB-32,27152835,20357,7,R,13561,15,BOCA01,6955,2012-10-05 08:38:40,2012-10-05 08:39:45,29,33,0,0,12,0,0,0,0,0,0,0,0,0,0,0,0,N,N,N
2012-10-05 00:00:00,EB,EB-32,27152835,20357,7,R,13561,16,BISE01,7529,2012-10-05 08:40:14,2012-10-05 08:40:46,29,33,0,0,12,0,0,0,0,0,0,0,0,0,0,0,0,N,N,N
2012-10-05 00:00:00,EB,EB-32,27152835,20357,7,R,13561,17,VSNA01,7925,2012-10-05 08:41:20,2012-10-05 08:43:29,29,33,4,0,16,0,0,2,0,1,0,1,0,0,0,0,0,N,Y,Y
2012-10-05 00:00:00,EB,EB-32,27152835,20357,7,R,13561,18,BLTE01,8640,2012-10-05 08:42:44,2012-10-05 08:44:48,29,33,0,0,16,0,0,0,0,0,0,0,0,0,0,0,0,N,N,N
2012-10-05 00:00:00,EB,EB-32,27152835,20357,7,R,13561,19,BOIS01,8904,2012-10-05 08:43:15,2012-10-05 08:45:50,29,33,2,0,18,0,0,0,0,1,0,1,0,0,0,0,0,N,N,N
2012-10-05 00:00:00,EB,EB-32,27152835,20357,7,R,13561,20,RUTH01,9684,2012-10-05 08:44:46,2012-10-05 08:46:58,29,33,0,0,18,0,0,0,0,0,0,0,0,0,0,0,0,N,N,N
2012-10-05 00:00:00,EB,EB-32,27152835,20357,7,R,13561,21,TCRE01,10003,2012-10-05 08:45:24,2012-10-05 08:47:55,29,33,0,0,18,0,0,0,0,0,0,0,0,0,0,0,0,N,N,N
2012-10-05 00:00:00,EB,EB-32,27152835,20357,7,R,13561,22,MGRE01,10424,2012-10-05 08:46:14,2012-10-05 08:48:31,29,33,0,0,18,0,0,0,0,0,0,0,0,0,0,0,0,N,N,N
2012-10-05 00:00:00,EB,EB-32,27152835,20357,7,R,13561,23,CRIG01,11079,2012-10-05 08:47:31,2012-10-05 08:49:21,29,33,0,0,18,0,0,0,0,0,0,0,0,0,0,0,0,N,N,N
2012-10-05 00:00:00,EB,EB-32,27152835,20357,7,R,13561,24,PLGE03,11664,2012-10-05 08:48:40,2012-10-05 08:51:00,29,33,3,2,19,2,0,1,2,0,0,0,0,0,0,0,0,N,N,N
2012-10-05 00:00:00,EB,EB-32,27152835,20357,7,R,13561,25,AUBI00,12646,2012-10-05 08:53:09,2012-10-05 08:53:02,29,33,1,0,20,0,0,1,0,0,0,0,0,0,0,0,0,N,N,N
2012-10-05 00:00:00,EB,EB-32,27152835,20357,7,R,13561,26,VOLL00,12830,2012-10-05 08:53:59,2012-10-05 08:54:26,29,33,1,2,19,0,0,0,1,0,1,1,0,0,0,0,0,N,N,N
2012-10-05 00:00:00,EB,EB-32,27152835,20357,7,R,13561,27,RLAC00,13124,2012-10-05 08:55:20,2012-10-05 08:56:18,29,33,5,27,0,5,7,0,11,0,6,0,3,0,0,0,0,N,Y,N
2012-10-05 00:00:00,GB,GB-35,27153229,20364,7,R,12656,1,PRVG02,0,2012-10-05 06:37:00,2012-10-05 06:39:02,35,36,6,0,6,1,0,4,0,1,0,0,0,0,0,0,0,N,N,N
2012-10-05 00:00:00,GB,GB-35,27153229,20364,7,R,12656,2,_DOANS,730,2012-10-05 06:38:16,2012-10-05 06:40:43,35,36,0,0,6,0,0,0,0,0,0,0,0,0,0,0,0,N,Y,N
2012-10-05 00:00:00,GB,GB-35,27153229,20364,7,R,12656,3,ANDO01,1397,2012-10-05 06:39:26,2012-10-05 06:41:51,35,36,1,1,6,0,1,1,0,0,0,0,0,0,0,0,0,N,N,Y
2012-10-05 00:00:00,GB,GB-35,27153229,20364,7,R,12656,4,MNEU98,2268,2012-10-05 06:40:57,2012-10-05 06:43:12,35,36,0,0,6,0,0,0,0,0,0,0,0,0,0,0,0,N,N,N
2012-10-05 00:00:00,GB,GB-35,27153229,20364,7,R,12656,5,CIVI00,2860,2012-10-05 06:42:00,2012-10-05 06:45:16,35,36,4,0,10,0,0,3,0,1,0,0,0,0,0,0,0,N,N,N
2012-10-05 00:00:00,GB,GB-35,27153229,20364,7,R,12656,6,MNEU01,3407,2012-10-05 06:43:25,2012-10-05 06:47:09,35,36,0,0,10,0,0,0,0,0,0,0,0,0,0,0,0,N,N,N
2012-10-05 00:00:00,GB,GB-35,27153229,20364,7,R,12656,7,SOLE01,3723,2012-10-05 06:44:14,2012-10-05 06:48:26,35,36,9,0,19,2,0,4,0,2,0,1,0,0,0,0,0,N,N,N
2012-10-05 00:00:00,GB,GB-35,27153229,20364,7,R,12656,8,REPE01,4297,2012-10-05 06:45:44,2012-10-05 06:49:29,35,36,1,0,20,0,0,1,0,0,0,0,0,0,0,0,0,N,N,N
2012-10-05 00:00:00,GB,GB-35,27153229,20364,7,R,12656,9,LADA01,4910,2012-10-05 06:47:20,2012-10-05 06:50:23,35,36,0,0,20,0,0,0,0,0,0,0,0,0,0,0,0,N,N,N
2012-10-05 00:00:00,GB,GB-35,27153229,20364,7,R,12656,10,PLLT01,5321,2012-10-05 06:48:20,2012-10-05 06:51:24,35,36,2,0,22,0,0,0,0,2,0,0,0,0,0,0,0,N,N,N
2012-10-05 00:00:00,GB,GB-35,27153229,20364,7,R,12656,11,BOGA01,5641,2012-10-05 06:49:08,2012-10-05 06:52:16,35,36,2,0,24,0,0,2,0,0,0,0,0,0,0,0,0,N,N,N
2012-10-05 00:00:00,GB,GB-35,27153229,20364,7,R,12656,12,PETR01,6181,2012-10-05 06:50:31,2012-10-05 06:54:35,35,36,6,0,30,0,0,1,0,3,0,2,0,0,0,0,0,N,N,N
2012-10-05 00:00:00,GB,GB-35,27153229,20364,7,R,12656,13,MANC01,6519,2012-10-05 06:51:23,2012-10-05 06:55:36,35,36,2,0,32,0,0,1,0,1,0,0,0,0,0,0,0,N,N,N
2012-10-05 00:00:00,GB,GB-35,27153229,20364,7,R,12656,14,VSNA01,7020,2012-10-05 06:52:40,2012-10-05 06:57:58,35,36,1,1,32,0,0,0,1,0,0,1,0,0,0,0,0,N,Y,Y
2012-10-05 00:00:00,GB,GB-35,27153229,20364,7,R,12656,15,BLTE01,7735,2012-10-05 06:54:04,2012-10-05 06:59:26,35,36,0,0,32,0,0,0,0,0,0,0,0,0,0,0,0,N,N,N
2012-10-05 00:00:00,GB,GB-35,27153229,20364,7,R,12656,16,BOIS01,7999,2012-10-05 06:54:35,2012-10-05 06:59:42,35,36,0,0,32,0,0,0,0,0,0,0,0,0,0,0,0,N,N,N
2012-10-05 00:00:00,GB,GB-35,27153229,20364,7,R,12656,17,RUTH01,8779,2012-10-05 06:56:06,2012-10-05 07:00:29,35,36,0,0,32,0,0,0,0,0,0,0,0,0,0,0,0,N,N,N
2012-10-05 00:00:00,GB,GB-35,27153229,20364,7,R,12656,18,TCRE01,9098,2012-10-05 06:56:44,2012-10-05 07:00:48,35,36,0,0,32,0,0,0,0,0,0,0,0,0,0,0,0,N,N,N
2012-10-05 00:00:00,GB,GB-35,27153229,20364,7,R,12656,19,MGRE01,9519,2012-10-05 06:57:34,2012-10-05 07:01:14,35,36,0,0,32,0,0,0,0,0,0,0,0,0,0,0,0,N,N,N
2012-10-05 00:00:00,GB,GB-35,27153229,20364,7,R,12656,20,CRIG01,10174,2012-10-05 06:58:51,2012-10-05 07:01:52,35,36,0,0,32,0,0,0,0,0,0,0,0,0,0,0,0,N,Y,N
2012-10-05 00:00:00,GB,GB-35,27153229,20364,7,R,12656,21,PLGE03,10759,2012-10-05 07:00:00,2012-10-05 07:03:35,35,36,0,3,29,0,0,0,1,0,2,0,0,0,0,0,0,N,N,Y
2012-10-05 00:00:00,GB,GB-35,27153229,20364,7,R,12656,22,AUBI00,11741,2012-10-05 07:03:16,2012-10-05 07:06:07,35,36,0,1,28,0,0,0,0,0,1,0,0,0,0,0,0,N,N,N
2012-10-05 00:00:00,GB,GB-35,27153229,20364,7,R,12656,23,VOLL00,11925,2012-10-05 07:03:53,2012-10-05 07:07:32,35,36,1,2,27,0,0,1,0,0,2,0,0,0,0,0,0,N,N,N
2012-10-05 00:00:00,GB,GB-35,27153229,20364,7,R,12656,24,RLAC00,12219,2012-10-05 07:04:52,2012-10-05 07:08:17,35,36,0,0,27,0,0,0,0,0,0,0,0,0,0,0,0,N,N,N
2012-10-05 00:00:00,GB,GB-35,27153229,20364,7,R,12656,25,PLEV00,12450,2012-10-05 07:05:38,2012-10-05 07:10:39,35,36,0,8,19,0,0,0,5,0,2,0,1,0,0,0,0,N,N,N
2012-10-05 00:00:00,GB,GB-35,27153229,20364,7,R,12656,26,RIVE04,12656,2012-10-05 07:06:20,2012-10-05 07:11:54,35,36,0,20,0,0,2,0,9,0,3,0,6,0,0,0,0,N,N,N
2012-10-05 00:00:00,GB,GB-35,27153231,20364,4,A,12759,1,RIVE03,0,2012-10-05 07:14:00,2012-10-05 07:14:14,22,23,17,0,17,1,0,4,0,6,0,6,0,0,0,0,0,N,N,N
2012-10-05 00:00:00,GB,GB-35,27153231,20364,4,A,12759,2,VOLL02,599,2012-10-05 07:15:27,2012-10-05 07:17:22,22,23,3,0,20,3,0,0,0,0,0,0,0,0,0,0,0,N,N,N
2012-10-05 00:00:00,GB,GB-35,27153231,20364,4,A,12759,3,PLGE01,1773,2012-10-05 07:18:20,2012-10-05 07:19:34,22,23,1,0,21,0,0,0,0,1,0,0,0,0,0,0,0,N,N,N
2012-10-05 00:00:00,GB,GB-35,27153231,20364,4,A,12759,4,CRIG00,2429,2012-10-05 07:19:29,2012-10-05 07:21:27,22,23,0,0,21,0,0,0,0,0,0,0,0,0,0,0,0,N,N,N
2012-10-05 00:00:00,GB,GB-35,27153231,20364,4,A,12759,5,MGRE00,3071,2012-10-05 07:20:36,2012-10-05 07:22:12,22,23,0,0,21,0,0,0,0,0,0,0,0,0,0,0,0,N,N,N
2012-10-05 00:00:00,GB,GB-35,27153231,20364,4,A,12759,6,TCRE00,3512,2012-10-05 07:21:23,2012-10-05 07:22:41,22,23,0,0,21,0,0,0,0,0,0,0,0,0,0,0,0,N,N,N
2012-10-05 00:00:00,GB,GB-35,27153231,20364,4,A,12759,7,RUTH00,3855,2012-10-05 07:21:59,2012-10-05 07:23:05,22,23,0,0,21,0,0,0,0,0,0,0,0,0,0,0,0,N,N,N
2012-10-05 00:00:00,GB,GB-35,27153231,20364,4,A,12759,8,BOIS00,4602,2012-10-05 07:23:18,2012-10-05 07:24:21,22,23,0,0,21,0,0,0,0,0,0,0,0,0,0,0,0,N,N,N
2012-10-05 00:00:00,GB,GB-35,27153231,20364,4,A,12759,9,BLTE00,4952,2012-10-05 07:23:55,2012-10-05 07:24:53,22,23,0,0,21,0,0,0,0,0,0,0,0,0,0,0,0,N,N,N
2012-10-05 00:00:00,GB,GB-35,27153231,20364,4,A,12759,10,VSNA00,5376,2012-10-05 07:24:40,2012-10-05 07:26:45,22,23,0,4,17,0,0,0,3,0,1,0,0,0,0,0,0,N,N,N
2012-10-05 00:00:00,GB,GB-35,27153231,20364,4,A,12759,11,MANC00,6064,2012-10-05 07:26:14,2012-10-05 07:28:51,22,23,0,3,14,0,0,0,0,0,1,0,2,0,0,0,0,N,N,N
2012-10-05 00:00:00,GB,GB-35,27153231,20364,4,A,12759,12,PETR00,6449,2012-10-05 07:27:07,2012-10-05 07:30:03,22,23,1,1,14,0,0,0,0,1,0,0,1,0,0,0,0,N,N,N
2012-10-05 00:00:00,GB,GB-35,27153231,20364,4,A,12759,13,BOGA00,6938,2012-10-05 07:28:14,2012-10-05 07:30:55,22,23,0,0,14,0,0,0,0,0,0,0,0,0,0,0,0,N,N,N
2012-10-05 00:00:00,GB,GB-35,27153231,20364,4,A,12759,14,PLLT00,7266,2012-10-05 07:29:00,2012-10-05 07:31:47,22,23,0,10,4,0,2,0,5,0,3,0,0,0,0,0,0,N,N,N
2012-10-05 00:00:00,GB,GB-35,27153231,20364,4,A,12759,15,LADA00,7691,2012-10-05 07:29:55,2012-10-05 07:32:48,22,23,0,0,4,0,0,0,0,0,0,0,0,0,0,0,0,N,N,N
2012-10-05 00:00:00,GB,GB-35,27153231,20364,4,A,12759,16,REPE00,8247,2012-10-05 07:31:08,2012-10-05 07:33:25,22,23,0,0,4,0,0,0,0,0,0,0,0,0,0,0,0,N,N,N
2012-10-05 00:00:00,GB,GB-35,27153231,20364,4,A,12759,17,SOLE00,8855,2012-10-05 07:32:27,2012-10-05 07:34:21,22,23,0,2,2,0,2,0,0,0,0,0,0,0,0,0,0,N,N,N
2012-10-05 00:00:00,GB,GB-35,27153231,20364,4,A,12759,18,MNEU00,9105,2012-10-05 07:33:00,2012-10-05 07:34:56,22,23,0,0,2,0,0,0,0,0,0,0,0,0,0,0,0,N,N,N
2012-10-05 00:00:00,GB,GB-35,27153231,20364,4,A,12759,19,CIVI00,9749,2012-10-05 07:34:40,2012-10-05 07:36:50,22,23,0,3,0,0,1,0,0,0,0,0,2,0,0,0,0,N,N,N
2012-10-05 00:00:00,GB,GB-35,27153231,20364,4,A,12759,20,MNEU99,10304,2012-10-05 07:35:43,2012-10-05 07:39:09,22,23,0,0,0,0,0,0,0,0,0,0,0,0,0,0,0,N,N,N
2012-10-05 00:00:00,GB,GB-35,27153231,20364,4,A,12759,21,ANDO00,11329,2012-10-05 07:37:40,2012-10-05 07:40:37,22,23,0,0,0,0,0,0,0,0,0,0,0,0,0,0,0,N,N,N
2012-10-05 00:00:00,GB,GB-35,27153231,20364,4,A,12759,22,_DOANF,11929,2012-10-05 07:38:30,2012-10-05 07:41:22,22,23,0,0,0,0,0,0,0,0,0,0,0,0,0,0,0,N,N,N
2012-10-05 00:00:00,GB,GB-35,27153231,20364,4,A,12759,23,PRVG02,12759,2012-10-05 07:39:40,2012-10-05 07:43:02,22,23,0,0,0,0,0,0,0,0,0,0,0,0,0,0,0,N,N,N
2012-10-05 00:00:00,GB,GB-35,27153232,20364,7,R,12656,1,PRVG02,0,2012-10-05 07:49:00,2012-10-05 07:43:08,44,49,0,0,0,0,0,0,0,0,0,0,0,0,0,0,0,N,N,N
2012-10-05 00:00:00,GB,GB-35,27153232,20364,7,R,12656,2,_DOANS,730,2012-10-05 07:50:16,2012-10-05 07:50:48,44,49,6,1,5,5,1,1,0,0,0,0,0,0,0,0,0,N,N,N
2012-10-05 00:00:00,GB,GB-35,27153232,20364,7,R,12656,3,ANDO01,1397,2012-10-05 07:51:26,2012-10-05 07:51:33,44,49,0,0,5,0,0,0,0,0,0,0,0,0,0,0,0,N,N,N
2012-10-05 00:00:00,GB,GB-35,27153232,20364,7,R,12656,4,MNEU98,2268,2012-10-05 07:52:57,2012-10-05 07:53:12,44,49,1,0,6,1,0,0,0,0,0,0,0,0,0,0,0,N,Y,Y
2012-10-05 00:00:00,GB,GB-35,27153232,20364,7,R,12656,5,CIVI00,2860,2012-10-05 07:54:00,2012-10-05 07:54:48,44,49,4,0,10,1,0,1,0,0,0,2,0,0,0,0,0,N,N,N
2012-10-05 00:00:00,GB,GB-35,27153232,20364,7,R,12656,6,MNEU01,3407,2012-10-05 07:55:25,2012-10-05 07:56:28,44,49,1,0,11,1,0,0,0,0,0,0,0,0,0,0,0,N,N,N
2012-10-05 00:00:00,GB,GB-35,27153232,20364,7,R,12656,7,SOLE01,3723,2012-10-05 07:56:14,2012-10-05 07:57:34,44,49,3,0,14,0,0,2,0,1,0,0,0,0,0,0,0,N,N,N
2012-10-05 00:00:00,GB,GB-35,27153232,20364,7,R,12656,8,REPE01,4297,2012-10-05 07:57:44,2012-10-05 07:58:22,44,49,0,0,14,0,0,0,0,0,0,0,0,0,0,0,0,N,N,N
2012-10-05 00:00:00,GB,GB-35,27153232,20364,7,R,12656,9,LADA01,4910,2012-10-05 07:59:20,2012-10-05 07:59:23,44,49,2,0,16,0,0,0,0,1,0,1,0,0,0,0,0,N,N,N
2012-10-05 00:00:00,GB,GB-35,27153232,20364,7,R,12656,10,PLLT01,5321,2012-10-05 08:01:20,2012-10-05 08:00:32,44,49,0,0,16,0,0,0,0,0,0,0,0,0,0,0,0,N,N,N
2012-10-05 00:00:00,GB,GB-35,27153232,20364,7,R,12656,11,BOGA01,5641,2012-10-05 08:02:39,2012-10-05 08:01:22,44,49,1,0,17,0,0,0,0,0,0,1,0,0,0,0,0,N,N,N
2012-10-05 00:00:00,GB,GB-35,27153232,20364,7,R,12656,12,PETR01,6181,2012-10-05 08:04:52,2012-10-05 08:04:37,44,49,3,0,20,0,0,0,0,0,0,3,0,0,0,0,0,N,N,N
2012-10-05 00:00:00,GB,GB-35,27153232,20364,7,R,12656,13,MANC01,6519,2012-10-05 08:06:16,2012-10-05 08:06:01,44,49,1,0,21,0,0,1,0,0,0,0,0,0,0,0,0,N,N,N
2012-10-05 00:00:00,GB,GB-35,27153232,20364,7,R,12656,14,VSNA01,7020,2012-10-05 08:08:20,2012-10-05 08:12:41,44,49,10,0,31,5,0,4,0,1,0,0,0,0,0,0,0,N,N,N
2012-10-05 00:00:00,GB,GB-35,27153232,20364,7,R,12656,15,BLTE01,7735,2012-10-05 08:09:47,2012-10-05 08:13:55,44,49,0,0,31,0,0,0,0,0,0,0,0,0,0,0,0,N,Y,N
2012-10-05 00:00:00,GB,GB-35,27153232,20364,7,R,12656,16,BOIS01,7999,2012-10-05 08:10:20,2012-10-05 08:14:22,44,49,2,0,33,0,0,1,0,1,0,0,0,0,0,0,0,N,N,Y
2012-10-05 00:00:00,GB,GB-35,27153232,20364,7,R,12656,17,RUTH01,8779,2012-10-05 08:11:56,2012-10-05 08:15:47,44,49,0,0,33,0,0,0,0,0,0,0,0,0,0,0,0,N,N,N
2012-10-05 00:00:00,GB,GB-35,27153232,20364,7,R,12656,18,TCRE01,9098,2012-10-05 08:12:35,2012-10-05 08:16:09,44,49,0,0,33,0,0,0,0,0,0,0,0,0,0,0,0,N,N,N
2012-10-05 00:00:00,GB,GB-35,27153232,20364,7,R,12656,19,MGRE01,9519,2012-10-05 08:13:27,2012-10-05 08:16:36,44,49,0,0,33,0,0,0,0,0,0,0,0,0,0,0,0,N,N,N
2012-10-05 00:00:00,GB,GB-35,27153232,20364,7,R,12656,20,CRIG01,10174,2012-10-05 08:14:48,2012-10-05 08:17:16,44,49,0,0,33,0,0,0,0,0,0,0,0,0,0,0,0,N,N,N
2012-10-05 00:00:00,GB,GB-35,27153232,20364,7,R,12656,21,PLGE03,10759,2012-10-05 08:16:00,2012-10-05 08:18:48,44,49,4,3,34,0,0,4,0,0,0,0,3,0,0,0,0,N,N,N
2012-10-05 00:00:00,GB,GB-35,27153232,20364,7,R,12656,22,AUBI00,11741,2012-10-05 08:20:29,2012-10-05 08:21:24,44,49,2,0,36,1,0,0,0,0,0,1,0,0,0,0,0,N,N,N
2012-10-05 00:00:00,GB,GB-35,27153232,20364,7,R,12656,23,VOLL00,11925,2012-10-05 08:21:19,2012-10-05 08:22:54,44,49,3,1,38,1,0,2,0,0,1,0,0,0,0,0,0,N,N,N
2012-10-05 00:00:00,GB,GB-35,27153232,20364,7,R,12656,24,RLAC00,12219,2012-10-05 08:22:40,2012-10-05 08:23:59,44,49,0,0,38,0,0,0,0,0,0,0,0,0,0,0,0,N,N,N
2012-10-05 00:00:00,GB,GB-35,27153232,20364,7,R,12656,25,PLEV00,12450,2012-10-05 08:23:43,2012-10-05 08:26:48,44,49,1,24,15,1,3,0,11,0,7,0,3,0,0,0,0,N,N,N
2012-10-05 00:00:00,GB,GB-35,27153232,20364,7,R,12656,26,RIVE04,12656,2012-10-05 08:24:40,2012-10-05 08:27:39,44,49,0,20,0,0,4,0,10,0,3,0,3,0,0,0,0,N,N,N
2012-10-05 00:00:00,GB,GB-38,27153243,20364,4,A,12759,1,RIVE03,0,2012-10-05 16:51:00,2012-10-05 16:52:33,67,59,62,12,50,14,3,14,3,6,1,28,5,0,0,0,0,N,N,N
2012-10-05 00:00:00,GB,GB-38,27153243,20364,4,A,12759,2,VOLL02,599,2012-10-05 16:53:08,2012-10-05 16:56:10,67,59,2,0,52,0,0,1,0,0,0,1,0,0,0,0,0,N,N,N
2012-10-05 00:00:00,GB,GB-38,27153243,20364,4,A,12759,3,PLGE01,1773,2012-10-05 16:57:20,2012-10-05 16:59:07,67,59,0,1,51,0,1,0,0,0,0,0,0,0,0,0,0,N,N,N
2012-10-05 00:00:00,GB,GB-38,27153243,20364,4,A,12759,4,CRIG00,2429,2012-10-05 16:58:32,2012-10-05 17:01:16,67,59,0,0,51,0,0,0,0,0,0,0,0,0,0,0,0,N,N,N
2012-10-05 00:00:00,GB,GB-38,27153243,20364,4,A,12759,5,MGRE00,3071,2012-10-05 16:59:44,2012-10-05 17:02:21,67,59,0,1,50,0,0,0,0,0,1,0,0,0,0,0,0,N,N,N
2012-10-05 00:00:00,GB,GB-38,27153243,20364,4,A,12759,6,TCRE00,3512,2012-10-05 17:00:33,2012-10-05 17:03:01,67,59,0,0,50,0,0,0,0,0,0,0,0,0,0,0,0,N,N,N
2012-10-05 00:00:00,GB,GB-38,27153243,20364,4,A,12759,7,RUTH00,3855,2012-10-05 17:01:11,2012-10-05 17:03:53,67,59,0,1,49,0,0,0,1,0,0,0,0,0,0,0,0,N,N,N
2012-10-05 00:00:00,GB,GB-38,27153243,20364,4,A,12759,8,BOIS00,4602,2012-10-05 17:02:34,2012-10-05 17:05:10,67,59,0,0,49,0,0,0,0,0,0,0,0,0,0,0,0,N,N,N
2012-10-05 00:00:00,GB,GB-38,27153243,20364,4,A,12759,9,BLTE00,4952,2012-10-05 17:03:12,2012-10-05 17:05:47,67,59,0,0,49,0,0,0,0,0,0,0,0,0,0,0,0,N,N,N
2012-10-05 00:00:00,GB,GB-38,27153243,20364,4,A,12759,10,VSNA00,5376,2012-10-05 17:04:00,2012-10-05 17:08:34,67,59,2,14,37,1,1,1,9,0,4,0,0,0,0,0,0,N,N,N
2012-10-05 00:00:00,GB,GB-38,27153243,20364,4,A,12759,11,MANC00,6064,2012-10-05 17:05:56,2012-10-05 17:10:30,67,59,0,3,34,0,1,0,0,0,2,0,0,0,0,0,0,N,N,N
2012-10-05 00:00:00,GB,GB-38,27153243,20364,4,A,12759,12,PETR00,6449,2012-10-05 17:07:01,2012-10-05 17:11:25,67,59,1,4,31,0,0,1,2,0,1,0,1,0,0,0,0,N,N,N
2012-10-05 00:00:00,GB,GB-38,27153243,20364,4,A,12759,13,BOGA00,6938,2012-10-05 17:08:24,2012-10-05 17:12:32,67,59,0,1,30,0,1,0,0,0,0,0,0,0,0,0,0,N,N,N
2012-10-05 00:00:00,GB,GB-38,27153243,20364,4,A,12759,14,PLLT00,7266,2012-10-05 17:09:20,2012-10-05 17:13:40,67,59,0,1,29,0,0,0,1,0,0,0,0,0,0,0,0,N,N,N
2012-10-05 00:00:00,GB,GB-38,27153243,20364,4,A,12759,15,LADA00,7691,2012-10-05 17:10:06,2012-10-05 17:14:54,67,59,0,2,27,0,0,0,0,0,2,0,0,0,0,0,0,N,N,N
2012-10-05 00:00:00,GB,GB-38,27153243,20364,4,A,12759,16,REPE00,8247,2012-10-05 17:11:06,2012-10-05 17:15:52,67,59,0,0,27,0,0,0,0,0,0,0,0,0,0,0,0,N,N,N
2012-10-05 00:00:00,GB,GB-38,27153243,20364,4,A,12759,17,SOLE00,8855,2012-10-05 17:12:12,2012-10-05 17:17:10,67,59,0,5,22,0,2,0,1,0,0,0,2,0,0,0,0,N,N,N
2012-10-05 00:00:00,GB,GB-38,27153243,20364,4,A,12759,18,MNEU00,9105,2012-10-05 17:12:40,2012-10-05 17:18:04,67,59,0,0,22,0,0,0,0,0,0,0,0,0,0,0,0,N,N,N
2012-10-05 00:00:00,GB,GB-38,27153243,20364,4,A,12759,19,CIVI00,9749,2012-10-05 17:14:40,2012-10-05 17:20:45,67,59,0,3,19,0,0,0,1,0,1,0,1,0,0,0,0,N,N,N
2012-10-05 00:00:00,GB,GB-38,27153243,20364,4,A,12759,20,MNEU99,10304,2012-10-05 17:15:43,2012-10-05 17:22:06,67,59,0,0,19,0,0,0,0,0,0,0,0,0,0,0,0,N,N,N
2012-10-05 00:00:00,GB,GB-38,27153243,20364,4,A,12759,21,ANDO00,11329,2012-10-05 17:17:40,2012-10-05 17:23:30,67,59,0,11,8,0,3,0,3,0,2,0,3,0,0,0,0,N,Y,N
2012-10-05 00:00:00,GB,GB-38,27153244,20364,7,R,12656,1,PRVG02,0,2012-10-05 17:27:00,2012-10-05 17:27:15,27,26,3,0,3,1,0,1,0,0,0,1,0,0,0,0,0,N,N,Y
2012-10-05 00:00:00,GB,GB-38,27153244,20364,7,R,12656,2,_DOANS,730,2012-10-05 17:28:16,2012-10-05 17:29:08,27,26,0,0,3,0,0,0,0,0,0,0,0,0,0,0,0,N,Y,N
2012-10-05 00:00:00,GB,GB-38,27153244,20364,7,R,12656,3,ANDO01,1397,2012-10-05 17:29:26,2012-10-05 17:30:08,27,26,1,0,4,1,0,0,0,0,0,0,0,0,0,0,0,N,N,Y
2012-10-05 00:00:00,GB,GB-38,27153244,20364,7,R,12656,4,MNEU98,2268,2012-10-05 17:30:57,2012-10-05 17:31:32,27,26,0,0,4,0,0,0,0,0,0,0,0,0,0,0,0,N,N,N
2012-10-05 00:00:00,GB,GB-38,27153244,20364,7,R,12656,5,CIVI00,2860,2012-10-05 17:32:00,2012-10-05 17:33:15,27,26,1,0,5,0,0,1,0,0,0,0,0,0,0,0,0,N,N,N
2012-10-05 00:00:00,GB,GB-38,27153244,20364,7,R,12656,6,MNEU01,3407,2012-10-05 17:33:14,2012-10-05 17:34:53,27,26,0,0,5,0,0,0,0,0,0,0,0,0,0,0,0,N,N,N
2012-10-05 00:00:00,GB,GB-38,27153244,20364,7,R,12656,7,SOLE01,3723,2012-10-05 17:33:57,2012-10-05 17:35:48,27,26,0,0,5,0,0,0,0,0,0,0,0,0,0,0,0,N,N,N
2012-10-05 00:00:00,GB,GB-38,27153244,20364,7,R,12656,8,REPE01,4297,2012-10-05 17:35:16,2012-10-05 17:36:44,27,26,0,0,5,0,0,0,0,0,0,0,0,0,0,0,0,N,N,N
2012-10-05 00:00:00,GB,GB-38,27153244,20364,7,R,12656,9,LADA01,4910,2012-10-05 17:36:40,2012-10-05 17:37:51,27,26,2,0,7,0,0,0,0,2,0,0,0,0,0,0,0,N,N,N
2012-10-05 00:00:00,GB,GB-38,27153244,20364,7,R,12656,10,PLLT01,5321,2012-10-05 17:38:00,2012-10-05 17:38:59,27,26,1,0,8,0,0,0,0,1,0,0,0,0,0,0,0,N,N,N
2012-10-05 00:00:00,GB,GB-38,27153244,20364,7,R,12656,11,BOGA01,5641,2012-10-05 17:38:52,2012-10-05 17:40:05,27,26,0,0,8,0,0,0,0,0,0,0,0,0,0,0,0,N,N,N
2012-10-05 00:00:00,GB,GB-38,27153244,20364,7,R,12656,12,PETR01,6181,2012-10-05 17:40:21,2012-10-05 17:43:00,27,26,0,0,8,0,0,0,0,0,0,0,0,0,0,0,0,N,N,N
2012-10-05 00:00:00,GB,GB-38,27153244,20364,7,R,12656,13,MANC01,6519,2012-10-05 17:41:17,2012-10-05 17:43:47,27,26,0,0,8,0,0,0,0,0,0,0,0,0,0,0,0,N,N,N
2012-10-05 00:00:00,GB,GB-38,27153244,20364,7,R,12656,14,VSNA01,7020,2012-10-05 17:42:40,2012-10-05 17:45:37,27,26,14,0,22,2,0,5,0,4,0,3,0,0,0,0,0,N,Y,Y
2012-10-05 00:00:00,GB,GB-38,27153244,20364,7,R,12656,15,BLTE01,7735,2012-10-05 17:44:04,2012-10-05 17:46:52,27,26,0,0,22,0,0,0,0,0,0,0,0,0,0,0,0,N,N,N
2012-10-05 00:00:00,GB,GB-38,27153244,20364,7,R,12656,16,BOIS01,7999,2012-10-05 17:44:35,2012-10-05 17:47:08,27,26,0,0,22,0,0,0,0,0,0,0,0,0,0,0,0,N,Y,N
2012-10-05 00:00:00,GB,GB-38,27153244,20364,7,R,12656,17,RUTH01,8779,2012-10-05 17:46:06,2012-10-05 17:48:34,27,26,2,2,22,1,0,1,0,0,0,0,2,0,0,0,0,N,N,Y
2012-10-05 00:00:00,GB,GB-38,27153244,20364,7,R,12656,18,TCRE01,9098,2012-10-05 17:46:44,2012-10-05 17:49:08,27,26,0,0,22,0,0,0,0,0,0,0,0,0,0,0,0,N,N,N
2012-10-05 00:00:00,GB,GB-38,27153244,20364,7,R,12656,19,MGRE01,9519,2012-10-05 17:47:34,2012-10-05 17:49:39,27,26,0,0,22,0,0,0,0,0,0,0,0,0,0,0,0,N,N,N
2012-10-05 00:00:00,GB,GB-38,27153244,20364,7,R,12656,20,CRIG01,10174,2012-10-05 17:48:51,2012-10-05 17:50:24,27,26,0,0,22,0,0,0,0,0,0,0,0,0,0,0,0,N,N,N
2012-10-05 00:00:00,GB,GB-38,27153244,20364,7,R,12656,21,PLGE03,10759,2012-10-05 17:50:00,2012-10-05 17:52:44,27,26,0,1,21,0,0,0,1,0,0,0,0,0,0,0,0,N,N,N
2012-10-05 00:00:00,GB,GB-38,27153244,20364,7,R,12656,22,AUBI00,11741,2012-10-05 17:54:18,2012-10-05 17:55:25,27,26,0,0,21,0,0,0,0,0,0,0,0,0,0,0,0,N,N,N
2012-10-05 00:00:00,GB,GB-38,27153244,20364,7,R,12656,23,VOLL00,11925,2012-10-05 17:55:07,2012-10-05 17:56:24,27,26,1,0,22,0,0,1,0,0,0,0,0,0,0,0,0,N,N,N
2012-10-05 00:00:00,GB,GB-38,27153244,20364,7,R,12656,24,RLAC00,12219,,2012-10-05 17:57:34,27,26,1,1,22,0,0,1,1,0,0,0,0,0,0,0,0,N,Y,Y
2012-10-05 00:00:00,GB,GB-38,27153244,20364,7,R,12656,25,PLEV00,12450,2012-10-05 17:57:25,2012-10-05 17:59:03,27,26,1,10,13,0,0,0,5,0,2,1,3,0,0,0,0,N,N,N
2012-10-05 00:00:00,GB,GB-38,27153244,20364,7,R,12656,26,RIVE04,12656,2012-10-05 17:58:20,2012-10-05 18:00:27,27,26,0,12,1,0,5,0,4,0,3,0,0,0,0,0,0,N,N,N
2012-10-05 00:00:00,GB,GB-38,27153246,20364,4,A,12759,1,RIVE03,0,2012-10-05 18:07:00,2012-10-05 18:07:12,23,23,15,0,15,8,0,0,0,1,0,6,0,0,0,0,0,N,N,N
2012-10-05 00:00:00,GB,GB-38,27153246,20364,4,A,12759,2,VOLL02,599,2012-10-05 18:09:15,2012-10-05 18:10:23,23,23,1,0,16,0,0,1,0,0,0,0,0,0,0,0,0,N,N,N
2012-10-05 00:00:00,GB,GB-38,27153246,20364,4,A,12759,3,PLGE01,1773,2012-10-05 18:13:40,2012-10-05 18:13:27,23,23,3,2,17,1,1,0,1,0,0,2,0,0,0,0,0,N,N,N
2012-10-05 00:00:00,GB,GB-38,27153246,20364,4,A,12759,4,CRIG00,2429,2012-10-05 18:14:56,2012-10-05 18:15:29,23,23,0,0,17,0,0,0,0,0,0,0,0,0,0,0,0,N,N,N
2012-10-05 00:00:00,GB,GB-38,27153246,20364,4,A,12759,5,MGRE00,3071,2012-10-05 18:16:11,2012-10-05 18:16:13,23,23,0,0,17,0,0,0,0,0,0,0,0,0,0,0,0,N,N,N
2012-10-05 00:00:00,GB,GB-38,27153246,20364,4,A,12759,6,TCRE00,3512,2012-10-05 18:17:02,2012-10-05 18:16:44,23,23,0,0,17,0,0,0,0,0,0,0,0,0,0,0,0,N,N,N
2012-10-05 00:00:00,GB,GB-38,27153246,20364,4,A,12759,7,RUTH00,3855,2012-10-05 18:17:42,2012-10-05 18:17:24,23,23,0,2,15,0,2,0,0,0,0,0,0,0,0,0,0,N,N,N
2012-10-05 00:00:00,GB,GB-38,27153246,20364,4,A,12759,8,BOIS00,4602,2012-10-05 18:19:09,2012-10-05 18:18:35,23,23,0,0,15,0,0,0,0,0,0,0,0,0,0,0,0,N,N,N
2012-10-05 00:00:00,GB,GB-38,27153246,20364,4,A,12759,9,BLTE00,4952,2012-10-05 18:19:50,2012-10-05 18:19:34,23,23,0,1,14,0,0,0,1,0,0,0,0,0,0,0,0,N,N,N
2012-10-05 00:00:00,GB,GB-38,27153246,20364,4,A,12759,10,VSNA00,5376,2012-10-05 18:20:40,2012-10-05 18:21:42,23,23,0,0,14,0,0,0,0,0,0,0,0,0,0,0,0,N,N,N
2012-10-05 00:00:00,GB,GB-38,27153246,20364,4,A,12759,11,MANC00,6064,2012-10-05 18:22:29,2012-10-05 18:24:20,23,23,3,10,7,1,1,0,4,0,1,2,4,0,0,0,0,N,N,N
2012-10-05 00:00:00,GB,GB-38,27153246,20364,4,A,12759,12,PETR00,6449,2012-10-05 18:23:30,2012-10-05 18:25:34,23,23,0,1,6,0,0,0,1,0,0,0,0,0,0,0,0,N,N,N
2012-10-05 00:00:00,GB,GB-38,27153246,20364,4,A,12759,13,BOGA00,6938,2012-10-05 18:24:47,2012-10-05 18:26:28,23,23,0,0,6,0,0,0,0,0,0,0,0,0,0,0,0,N,N,N
2012-10-05 00:00:00,GB,GB-38,27153246,20364,4,A,12759,14,PLLT00,7266,2012-10-05 18:25:40,2012-10-05 18:27:04,23,23,0,0,6,0,0,0,0,0,0,0,0,0,0,0,0,N,N,N
2012-10-05 00:00:00,GB,GB-38,27153246,20364,4,A,12759,15,LADA00,7691,2012-10-05 18:26:26,2012-10-05 18:28:10,23,23,0,1,5,0,0,0,1,0,0,0,0,0,0,0,0,N,N,N
2012-10-05 00:00:00,GB,GB-38,27153246,20364,4,A,12759,16,REPE00,8247,2012-10-05 18:27:26,2012-10-05 18:29:20,23,23,0,1,4,0,0,0,0,0,0,0,1,0,0,0,0,N,N,N
2012-10-05 00:00:00,GB,GB-38,27153246,20364,4,A,12759,17,SOLE00,8855,2012-10-05 18:28:32,2012-10-05 18:30:36,23,23,0,2,2,0,0,0,0,0,1,0,1,0,0,0,0,N,N,N
2012-10-05 00:00:00,GB,GB-38,27153246,20364,4,A,12759,18,MNEU00,9105,2012-10-05 18:29:00,2012-10-05 18:31:10,23,23,0,0,2,0,0,0,0,0,0,0,0,0,0,0,0,N,N,N
2012-10-05 00:00:00,GB,GB-38,27153246,20364,4,A,12759,19,CIVI00,9749,2012-10-05 18:30:40,2012-10-05 18:32:52,23,23,0,0,2,0,0,0,0,0,0,0,0,0,0,0,0,N,N,N
2012-10-05 00:00:00,GB,GB-38,27153246,20364,4,A,12759,20,MNEU99,10304,2012-10-05 18:31:43,2012-10-05 18:34:11,23,23,0,0,2,0,0,0,0,0,0,0,0,0,0,0,0,N,N,N
2012-10-05 00:00:00,GB,GB-38,27153246,20364,4,A,12759,21,ANDO00,11329,2012-10-05 18:33:40,2012-10-05 18:35:57,23,23,1,3,0,1,1,0,1,0,1,0,0,0,0,0,0,N,Y,N
2012-10-05 00:00:00,V,V-5,27153997,20378,9,R,15484,1,CSLB01,0,2012-10-05 20:25:00,2012-10-05 20:25:46,22,24,3,6,0,3,6,0,0,0,0,0,0,0,0,0,0,N,N,N
2012-10-05 00:00:00,V,V-5,27153997,20378,9,R,15484,2,ECOG01,698,2012-10-05 20:27:00,2012-10-05 20:27:50,22,24,0,0,0,0,0,0,0,0,0,0,0,0,0,0,0,N,N,N
2012-10-05 00:00:00,V,V-5,27153997,20378,9,R,15484,3,MTFL01,1506,2012-10-05 20:29:10,2012-10-05 20:29:38,22,24,4,0,4,1,0,1,0,1,0,1,0,0,0,0,0,N,N,N
2012-10-05 00:00:00,V,V-5,27153997,20378,9,R,15484,4,POCH01,1821,2012-10-05 20:30:01,2012-10-05 20:30:54,22,24,0,0,4,0,0,0,0,0,0,0,0,0,0,0,0,N,N,N
2012-10-05 00:00:00,V,V-5,27153997,20378,9,R,15484,5,PCEA01,2338,2012-10-05 20:31:25,2012-10-05 20:32:13,22,24,1,1,4,0,0,1,0,0,0,0,1,0,0,0,0,N,N,N
2012-10-05 00:00:00,V,V-5,27153997,20378,9,R,15484,6,AMAR01,2762,2012-10-05 20:32:34,2012-10-05 20:33:39,22,24,1,0,5,0,0,1,0,0,0,0,0,0,0,0,0,N,N,N
2012-10-05 00:00:00,V,V-5,27153997,20378,9,R,15484,7,ALCH01,3092,2012-10-05 20:33:27,2012-10-05 20:34:51,22,24,2,0,7,0,0,2,0,0,0,0,0,0,0,0,0,N,N,N
2012-10-05 00:00:00,V,V-5,27153997,20378,9,R,15484,8,VXGA01,3540,2012-10-05 20:34:40,2012-10-05 20:35:59,22,24,1,0,8,0,0,1,0,0,0,0,0,0,0,0,0,N,N,N
2012-10-05 00:00:00,V,V-5,27153997,20378,9,R,15484,9,VXBO01,3959,2012-10-05 20:35:57,2012-10-05 20:37:24,22,24,1,0,9,0,0,1,0,0,0,0,0,0,0,0,0,N,N,N
2012-10-05 00:00:00,V,V-5,27153997,20378,9,R,15484,10,ENVE01,4406,2012-10-05 20:37:20,2012-10-05 20:38:57,22,24,0,0,9,0,0,0,0,0,0,0,0,0,0,0,0,N,N,N
2012-10-05 00:00:00,V,V-5,27153997,20378,9,R,15484,11,FAYA01,4683,2012-10-05 20:38:01,2012-10-05 20:39:58,22,24,2,3,8,0,0,1,1,1,1,0,1,0,0,0,0,N,N,N
2012-10-05 00:00:00,V,V-5,27153997,20378,9,R,15484,12,MLGN01,5220,2012-10-05 20:39:21,2012-10-05 20:41:12,22,24,0,0,8,0,0,0,0,0,0,0,0,0,0,0,0,N,N,N
2012-10-05 00:00:00,V,V-5,27153997,20378,9,R,15484,13,PRLA01,5556,2012-10-05 20:40:11,2012-10-05 20:42:06,22,24,0,0,8,0,0,0,0,0,0,0,0,0,0,0,0,N,N,N
2012-10-05 00:00:00,V,V-5,27153997,20378,9,R,15484,14,GTVI01,6020,2012-10-05 20:41:20,2012-10-05 20:43:22,22,24,0,1,7,0,1,0,0,0,0,0,0,0,0,0,0,N,N,N
2012-10-05 00:00:00,V,V-5,27153997,20378,9,R,15484,15,SAGY01,6738,2012-10-05 20:42:52,2012-10-05 20:45:15,22,24,0,0,7,0,0,0,0,0,0,0,0,0,0,0,0,N,N,N
2012-10-05 00:00:00,V,V-5,27153997,20378,9,R,15484,16,GEBE01,7265,2012-10-05 20:44:00,2012-10-05 20:46:17,22,24,2,0,9,0,0,2,0,0,0,0,0,0,0,0,0,N,N,N
2012-10-05 00:00:00,V,V-5,27153997,20378,9,R,15484,17,CNAE01,7573,2012-10-05 20:44:41,2012-10-05 20:46:59,22,24,0,0,9,0,0,0,0,0,0,0,0,0,0,0,0,N,N,N
2012-10-05 00:00:00,V,V-5,27153997,20378,9,R,15484,18,VXVV01,7895,2012-10-05 20:45:24,2012-10-05 20:47:49,22,24,0,2,7,0,0,0,2,0,0,0,0,0,0,0,0,N,N,N
2012-10-05 00:00:00,V,V-5,27153997,20378,9,R,15484,19,VVRA01,8414,2012-10-05 20:46:33,2012-10-05 20:49:10,22,24,1,0,8,0,0,1,0,0,0,0,0,0,0,0,0,N,N,N
2012-10-05 00:00:00,V,V-5,27153997,20378,9,R,15484,20,CHTS01,8918,2012-10-05 20:47:40,2012-10-05 20:49:55,22,24,0,0,8,0,0,0,0,0,0,0,0,0,0,0,0,N,N,N
2012-10-05 00:00:00,V,V-5,27153997,20378,9,R,15484,21,COLO02,9214,2012-10-05 20:48:20,2012-10-05 20:50:26,22,24,0,0,8,0,0,0,0,0,0,0,0,0,0,0,0,N,N,N
2012-10-05 00:00:00,V,V-5,27153997,20378,9,R,15484,22,CLYS01,9810,2012-10-05 20:49:37,2012-10-05 20:51:13,22,24,0,0,8,0,0,0,0,0,0,0,0,0,0,0,0,N,N,N
2012-10-05 00:00:00,V,V-5,27153997,20378,9,R,15484,23,NANT01,10267,2012-10-05 20:50:37,2012-10-05 20:52:10,22,24,2,0,10,0,0,2,0,0,0,0,0,0,0,0,0,N,N,N
2012-10-05 00:00:00,V,V-5,27153997,20378,9,R,15484,24,MACH01,10665,2012-10-05 20:51:29,2012-10-05 20:53:29,22,24,0,1,9,0,0,0,1,0,0,0,0,0,0,0,0,N,N,N
2012-10-05 00:00:00,V,V-5,27153997,20378,9,R,15484,25,FTAI01,11049,2012-10-05 20:52:19,2012-10-05 20:54:16,22,24,0,0,9,0,0,0,0,0,0,0,0,0,0,0,0,N,N,N
2012-10-05 00:00:00,V,V-5,27153997,20378,9,R,15484,26,CARO01,11343,2012-10-05 20:52:58,2012-10-05 20:55:14,22,24,0,1,8,0,1,0,0,0,0,0,0,0,0,0,0,N,N,N
2012-10-05 00:00:00,V,V-5,27153997,20378,9,R,15484,27,CBFO01,11661,2012-10-05 20:53:40,2012-10-05 20:56:26,22,24,1,0,9,0,0,0,0,1,0,0,0,0,0,0,0,N,N,N
2012-10-05 00:00:00,V,V-5,27153997,20378,9,R,15484,28,CBPL01,11841,2012-10-05 20:54:05,2012-10-05 20:57:31,22,24,0,0,9,0,0,0,0,0,0,0,0,0,0,0,0,N,N,N
2012-10-05 00:00:00,V,V-5,27153997,20378,9,R,15484,29,PYMA01,12452,2012-10-05 20:55:33,2012-10-05 20:58:46,22,24,0,0,9,0,0,0,0,0,0,0,0,0,0,0,0,N,N,N
2012-10-05 00:00:00,V,V-5,27153997,20378,9,R,15484,30,PYVI01,12779,2012-10-05 20:56:20,2012-10-05 20:59:48,22,24,1,0,10,0,0,0,0,1,0,0,0,0,0,0,0,N,N,N
2012-10-05 00:00:00,V,V-5,27153997,20378,9,R,15484,31,PENT01,13059,2012-10-05 20:57:00,2012-10-05 21:00:20,22,24,0,0,10,0,0,0,0,0,0,0,0,0,0,0,0,N,N,N
2012-10-05 00:00:00,V,V-5,27153997,20378,9,R,15484,32,FENE01,13329,2012-10-05 20:57:39,2012-10-05 21:00:53,22,24,0,0,10,0,0,0,0,0,0,0,0,0,0,0,0,N,N,N
2012-10-05 00:00:00,V,V-5,27153997,20378,9,R,15484,33,APIA03,13700,2012-10-05 20:58:33,2012-10-05 21:01:34,22,24,0,0,10,0,0,0,0,0,0,0,0,0,0,0,0,N,N,N
2012-10-05 00:00:00,V,V-5,27153997,20378,9,R,15484,34,NATI14,14301,2012-10-05 21:00:00,2012-10-05 21:02:52,22,24,0,2,8,0,0,0,1,0,1,0,0,0,0,0,0,N,N,N
2012-10-05 00:00:00,V,V-5,27153997,20378,9,R,15484,35,VRBE02,14500,2012-10-05 21:00:37,2012-10-05 21:04:25,22,24,0,0,8,0,0,0,0,0,0,0,0,0,0,0,0,N,N,N
2012-10-05 00:00:00,V,V-5,27153997,20378,9,R,15484,36,VLAI01,15000,2012-10-05 21:02:09,2012-10-05 21:05:36,22,24,0,0,8,0,0,0,0,0,0,0,0,0,0,0,0,N,N,N
2012-10-05 00:00:00,V,V-5,27153997,20378,9,R,15484,37,CVIN22,15484,2012-10-05 21:03:40,2012-10-05 21:06:38,22,24,0,7,1,0,0,0,2,0,4,0,1,0,0,0,0,N,N,N
2012-10-05 00:00:00,Z,V-5,27153998,20378,4,A,10163,1,CVIN22,0,2012-10-05 21:20:00,2012-10-05 21:19:51,17,13,8,0,8,2,0,2,0,1,0,3,0,0,0,0,0,N,N,N
2012-10-05 00:00:00,Z,V-5,27153998,20378,4,A,10163,2,POST00,451,2012-10-05 21:21:56,2012-10-05 21:22:34,17,13,2,0,10,1,0,1,0,0,0,0,0,0,0,0,0,N,N,N
2012-10-05 00:00:00,Z,V-5,27153998,20378,4,A,10163,3,VLAI00,832,2012-10-05 21:23:35,2012-10-05 21:23:33,17,13,0,0,10,0,0,0,0,0,0,0,0,0,0,0,0,N,N,N
2012-10-05 00:00:00,Z,V-5,27153998,20378,4,A,10163,4,VRBE01,1280,2012-10-05 21:25:32,2012-10-05 21:25:06,17,13,0,0,10,0,0,0,0,0,0,0,0,0,0,0,0,N,N,N
2012-10-05 00:00:00,Z,V-5,27153998,20378,4,A,10163,5,NATI15,1465,2012-10-05 21:26:20,2012-10-05 21:26:05,17,13,4,0,14,0,0,1,0,3,0,0,0,0,0,0,0,N,N,N
2012-10-05 00:00:00,Z,V-5,27153998,20378,4,A,10163,6,APIA02,2123,2012-10-05 21:28:10,2012-10-05 21:29:26,17,13,1,0,15,0,0,1,0,0,0,0,0,0,0,0,0,N,N,N
2012-10-05 00:00:00,Z,V-5,27153998,20378,4,A,10163,7,FENE00,2490,2012-10-05 21:29:12,2012-10-05 21:30:25,17,13,0,0,15,0,0,0,0,0,0,0,0,0,0,0,0,N,N,N
2012-10-05 00:00:00,Z,V-5,27153998,20378,4,A,10163,8,PENT00,2746,2012-10-05 21:29:55,2012-10-05 21:30:58,17,13,0,0,15,0,0,0,0,0,0,0,0,0,0,0,0,N,N,N
2012-10-05 00:00:00,Z,V-5,27153998,20378,4,A,10163,9,PYVI00,3013,2012-10-05 21:30:40,2012-10-05 21:31:34,17,13,0,0,15,0,0,0,0,0,0,0,0,0,0,0,0,N,N,N
2012-10-05 00:00:00,Z,V-5,27153998,20378,4,A,10163,10,PYMA00,3399,2012-10-05 21:31:39,2012-10-05 21:32:28,17,13,0,0,15,0,0,0,0,0,0,0,0,0,0,0,0,N,N,N
2012-10-05 00:00:00,Z,V-5,27153998,20378,4,A,10163,11,CBPL00,3980,2012-10-05 21:33:09,2012-10-05 21:33:44,17,13,0,0,15,0,0,0,0,0,0,0,0,0,0,0,0,N,N,N
2012-10-05 00:00:00,Z,V-5,27153998,20378,4,A,10163,12,CBFO00,4174,2012-10-05 21:33:40,2012-10-05 21:34:29,17,13,0,0,15,0,0,0,0,0,0,0,0,0,0,0,0,N,N,N
2012-10-05 00:00:00,Z,V-5,27153998,20378,4,A,10163,13,CARO00,4499,2012-10-05 21:34:22,2012-10-05 21:35:28,17,13,2,1,16,0,0,2,1,0,0,0,0,0,0,0,0,N,N,N
2012-10-05 00:00:00,Z,V-5,27153998,20378,4,A,10163,14,FTAI00,4821,2012-10-05 21:35:05,2012-10-05 21:36:20,17,13,0,0,16,0,0,0,0,0,0,0,0,0,0,0,0,N,N,N
2012-10-05 00:00:00,Z,V-5,27153998,20378,4,A,10163,15,MACH00,5174,2012-10-05 21:35:51,2012-10-05 21:37:15,17,13,0,2,14,0,1,0,0,0,1,0,0,0,0,0,0,N,N,N
2012-10-05 00:00:00,Z,V-5,27153998,20378,4,A,10163,16,NANT00,5544,2012-10-05 21:36:40,2012-10-05 21:38:22,17,13,0,4,10,0,1,0,1,0,1,0,1,0,0,0,0,N,N,N
2012-10-05 00:00:00,Z,V-5,27153998,20378,4,A,10163,17,CLYS00,5950,2012-10-05 21:37:33,2012-10-05 21:39:11,17,13,0,0,10,0,0,0,0,0,0,0,0,0,0,0,0,N,N,N
2012-10-05 00:00:00,Z,V-5,27153998,20378,4,A,10163,18,COLO00,6609,2012-10-05 21:39:00,2012-10-05 21:40:32,17,13,0,2,8,0,0,0,0,0,2,0,0,0,0,0,0,N,N,N
2012-10-05 00:00:00,Z,V-5,27153998,20378,4,A,10163,19,PLNT00,7006,2012-10-05 21:39:49,2012-10-05 21:41:27,17,13,0,0,8,0,0,0,0,0,0,0,0,0,0,0,0,N,N,N
2012-10-05 00:00:00,Z,V-5,27153998,20378,4,A,10163,20,VRLP00,7677,2012-10-05 21:41:12,2012-10-05 21:42:52,17,13,0,1,7,0,0,0,0,0,0,0,1,0,0,0,0,N,N,N
2012-10-05 00:00:00,Z,V-5,27153998,20378,4,A,10163,21,PREL00,8090,2012-10-05 21:42:04,2012-10-05 21:43:51,17,13,0,1,6,0,1,0,0,0,0,0,0,0,0,0,0,N,N,N
2012-10-05 00:00:00,Z,V-5,27153998,20378,4,A,10163,22,CXCE00,8540,2012-10-05 21:43:00,2012-10-05 21:45:16,17,13,0,1,5,0,0,0,1,0,0,0,0,0,0,0,0,N,N,N
2012-10-05 00:00:00,Z,V-5,27153998,20378,4,A,10163,23,CXEC00,8927,2012-10-05 21:43:47,2012-10-05 21:46:35,17,13,0,1,4,0,0,0,1,0,0,0,0,0,0,0,0,N,N,N
2012-10-05 00:00:00,Z,V-5,27153998,20378,4,A,10163,24,SCHA00,9220,2012-10-05 21:44:23,2012-10-05 21:47:17,17,13,0,0,4,0,0,0,0,0,0,0,0,0,0,0,0,N,N,N
2012-10-05 00:00:00,Z,V-5,27153998,20378,4,A,10163,25,BOSY00,10163,2012-10-05 21:46:20,2012-10-05 21:49:08,17,13,0,0,4,0,0,0,0,0,0,0,0,0,0,0,0,N,N,N
2012-10-05 00:00:00,Z,V-5,27153999,20378,9,R,9722,1,BOSY00,0,2012-10-05 22:20:00,2012-10-05 21:49:27,0,0,0,0,0,0,0,0,0,0,0,0,0,0,0,0,0,N,N,N
2012-10-05 00:00:00,V,V-8,27154041,20378,8,A,15766,1,CVIN22,0,2012-10-05 12:30:00,2012-10-05 12:26:23,105,90,6,2,4,3,2,2,0,1,0,0,0,0,0,0,0,N,N,N
2012-10-05 00:00:00,V,V-8,27154041,20378,8,A,15766,2,POST00,451,2012-10-05 12:32:09,2012-10-05 12:34:00,105,90,4,0,8,1,0,1,0,2,0,0,0,0,0,0,0,N,N,N
2012-10-05 00:00:00,V,V-8,27154041,20378,8,A,15766,3,VLAI00,832,2012-10-05 12:33:58,2012-10-05 12:35:24,105,90,0,0,8,0,0,0,0,0,0,0,0,0,0,0,0,N,N,N
2012-10-05 00:00:00,V,V-8,27154041,20378,8,A,15766,4,VRBE01,1280,2012-10-05 12:36:06,2012-10-05 12:36:42,105,90,4,0,12,0,0,4,0,0,0,0,0,0,0,0,0,N,N,N
2012-10-05 00:00:00,V,V-8,27154041,20378,8,A,15766,5,NATI15,1465,2012-10-05 12:37:00,2012-10-05 12:39:21,105,90,7,0,19,3,0,4,0,0,0,0,0,0,0,0,0,N,N,N
2012-10-05 00:00:00,V,V-8,27154041,20378,8,A,15766,6,APIA02,2123,2012-10-05 12:39:16,2012-10-05 12:41:23,105,90,0,0,19,0,0,0,0,0,0,0,0,0,0,0,0,N,N,N
2012-10-05 00:00:00,V,V-8,27154041,20378,8,A,15766,7,FENE00,2490,2012-10-05 12:40:31,2012-10-05 12:42:16,105,90,0,0,19,0,0,0,0,0,0,0,0,0,0,0,0,N,N,N
2012-10-05 00:00:00,V,V-8,27154041,20378,8,A,15766,8,PENT00,2746,2012-10-05 12:41:24,2012-10-05 12:43:12,105,90,1,0,20,0,0,0,0,1,0,0,0,0,0,0,0,N,N,N
2012-10-05 00:00:00,V,V-8,27154041,20378,8,A,15766,9,PYVI00,3013,2012-10-05 12:42:20,2012-10-05 12:44:00,105,90,0,0,20,0,0,0,0,0,0,0,0,0,0,0,0,N,N,N
2012-10-05 00:00:00,V,V-8,27154041,20378,8,A,15766,10,PYMA00,3399,2012-10-05 12:43:19,2012-10-05 12:44:53,105,90,0,0,20,0,0,0,0,0,0,0,0,0,0,0,0,N,N,N
2012-10-05 00:00:00,V,V-8,27154041,20378,8,A,15766,11,CBPL00,3980,2012-10-05 12:44:49,2012-10-05 12:46:03,105,90,0,1,19,0,0,0,0,0,1,0,0,0,0,0,0,N,N,N
2012-10-05 00:00:00,V,V-8,27154041,20378,8,A,15766,12,CBFO00,4174,2012-10-05 12:45:20,2012-10-05 12:46:40,105,90,0,0,19,0,0,0,0,0,0,0,0,0,0,0,0,N,N,N
2012-10-05 00:00:00,V,V-8,27154041,20378,8,A,15766,13,CARO00,4499,2012-10-05 12:46:02,2012-10-05 12:47:32,105,90,0,4,15,0,1,0,3,0,0,0,0,0,0,0,0,N,N,N
2012-10-05 00:00:00,V,V-8,27154041,20378,8,A,15766,14,FTAI00,4821,2012-10-05 12:46:45,2012-10-05 12:48:18,105,90,0,0,15,0,0,0,0,0,0,0,0,0,0,0,0,N,N,N
2012-10-05 00:00:00,V,V-8,27154041,20378,8,A,15766,15,MACH00,5174,2012-10-05 12:47:31,2012-10-05 12:49:02,105,90,0,1,14,0,0,0,1,0,0,0,0,0,0,0,0,N,N,N
2012-10-05 00:00:00,V,V-8,27154041,20378,8,A,15766,16,NANT00,5544,2012-10-05 12:48:20,2012-10-05 12:50:12,105,90,1,1,14,0,1,1,0,0,0,0,0,0,0,0,0,N,N,N
2012-10-05 00:00:00,V,V-8,27154041,20378,8,A,15766,17,CLYS00,5950,2012-10-05 12:49:13,2012-10-05 12:50:56,105,90,0,0,14,0,0,0,0,0,0,0,0,0,0,0,0,N,N,N
2012-10-05 00:00:00,V,V-8,27154041,20378,8,A,15766,18,COLO00,6609,2012-10-05 12:50:40,2012-10-05 12:51:48,105,90,0,0,14,0,0,0,0,0,0,0,0,0,0,0,0,N,N,N
2012-10-05 00:00:00,V,V-8,27154041,20378,8,A,15766,19,CHTS00,6962,2012-10-05 12:51:29,2012-10-05 12:52:24,105,90,0,0,14,0,0,0,0,0,0,0,0,0,0,0,0,N,N,N
2012-10-05 00:00:00,V,V-8,27154041,20378,8,A,15766,20,VVRA00,7358,2012-10-05 12:52:24,2012-10-05 12:53:10,105,90,5,0,19,0,0,1,0,3,0,1,0,0,0,0,0,N,N,N
2012-10-05 00:00:00,V,V-8,27154041,20378,8,A,15766,21,VXVV00,7897,2012-10-05 12:53:39,2012-10-05 12:54:35,105,90,7,2,24,2,0,1,0,4,1,0,1,0,0,0,0,N,N,N
2012-10-05 00:00:00,V,V-8,27154041,20378,8,A,15766,22,CNAE00,8277,2012-10-05 12:54:32,2012-10-05 12:55:38,105,90,1,5,20,1,0,0,0,0,3,0,2,0,0,0,0,N,N,N
2012-10-05 00:00:00,V,V-8,27154041,20378,8,A,15766,23,GEBE00,8620,2012-10-05 12:55:20,2012-10-05 12:56:35,105,90,3,0,23,0,0,3,0,0,0,0,0,0,0,0,0,N,N,N
2012-10-05 00:00:00,V,V-8,27154041,20378,8,A,15766,24,SAGY00,9131,2012-10-05 12:56:35,2012-10-05 12:57:27,105,90,0,0,23,0,0,0,0,0,0,0,0,0,0,0,0,N,N,N
2012-10-05 00:00:00,V,V-8,27154041,20378,8,A,15766,25,GTVI00,9834,2012-10-05 12:58:20,2012-10-05 12:59:40,105,90,12,0,35,3,0,7,0,2,0,0,0,0,0,0,0,N,N,N
2012-10-05 00:00:00,V,V-8,27154041,20378,8,A,15766,26,PRLA00,10324,2012-10-05 12:59:41,2012-10-05 13:01:04,105,90,0,0,35,0,0,0,0,0,0,0,0,0,0,0,0,N,N,N
2012-10-05 00:00:00,V,V-8,27154041,20378,8,A,15766,27,MLGN00,10555,2012-10-05 13:00:19,2012-10-05 13:01:27,105,90,0,0,35,0,0,0,0,0,0,0,0,0,0,0,0,N,N,N
2012-10-05 00:00:00,V,V-8,27154041,20378,8,A,15766,28,FAYA00,11161,2012-10-05 13:01:59,2012-10-05 13:03:26,105,90,35,5,65,4,0,14,2,12,0,5,3,0,0,0,0,N,N,N
2012-10-05 00:00:00,V,V-8,27154041,20378,8,A,15766,29,ENVE00,11524,2012-10-05 13:03:00,2012-10-05 13:04:59,105,90,2,1,66,0,0,2,0,0,1,0,0,0,0,0,0,N,N,N
2012-10-05 00:00:00,V,V-8,27154041,20378,8,A,15766,30,VXBO00,11856,2012-10-05 13:04:15,2012-10-05 13:06:24,105,90,5,0,71,2,0,0,0,3,0,0,0,0,0,0,0,N,N,N
2012-10-05 00:00:00,V,V-8,27154041,20378,8,A,15766,31,VXGA00,12320,2012-10-05 13:06:00,2012-10-05 13:08:35,105,90,11,58,24,1,15,9,12,1,17,0,14,0,0,0,0,N,N,N
2012-10-05 00:00:00,V,V-8,27154041,20378,8,A,15766,32,ALCH00,12782,2012-10-05 13:07:17,2012-10-05 13:09:33,105,90,0,0,24,0,0,0,0,0,0,0,0,0,0,0,0,N,N,N
2012-10-05 00:00:00,V,V-8,27154041,20378,8,A,15766,33,AMAR00,13135,2012-10-05 13:08:16,2012-10-05 13:10:40,105,90,1,3,22,0,1,0,2,1,0,0,0,0,0,0,0,N,N,N
2012-10-05 00:00:00,V,V-8,27154041,20378,8,A,15766,34,PCEA00,13575,2012-10-05 13:09:30,2012-10-05 13:11:56,105,90,0,1,21,0,0,0,0,0,1,0,0,0,0,0,0,N,N,N
2012-10-05 00:00:00,V,V-8,27154041,20378,8,A,15766,35,POCH00,14010,2012-10-05 13:10:42,2012-10-05 13:13:39,105,90,0,1,20,0,0,0,0,0,1,0,0,0,0,0,0,N,N,N
2012-10-05 00:00:00,V,V-8,27154041,20378,8,A,15766,36,MTFL00,14409,2012-10-05 13:11:49,2012-10-05 13:15:21,105,90,0,3,17,0,0,0,3,0,0,0,0,0,0,0,0,N,N,N
2012-10-05 00:00:00,V,V-8,27154041,20378,8,A,15766,37,ECOG00,15187,2012-10-05 13:14:00,2012-10-05 13:17:14,105,90,0,0,17,0,0,0,0,0,0,0,0,0,0,0,0,N,N,N
2012-10-05 00:00:00,V,V-8,27154041,20378,8,A,15766,38,CSLB01,15766,2012-10-05 13:15:00,2012-10-05 13:18:30,105,90,0,2,15,0,1,0,1,0,0,0,0,0,0,0,0,N,N,N
2012-10-05 00:00:00,V,V-8,27154042,20378,9,R,15484,1,CSLB01,0,2012-10-05 13:24:00,2012-10-05 13:24:03,50,56,2,0,2,0,0,2,0,0,0,0,0,0,0,0,0,N,N,N
2012-10-05 00:00:00,V,V-8,27154042,20378,9,R,15484,2,ECOG01,698,2012-10-05 13:26:00,2012-10-05 13:26:01,50,56,0,0,2,0,0,0,0,0,0,0,0,0,0,0,0,N,N,N
2012-10-05 00:00:00,V,V-8,27154042,20378,9,R,15484,3,MTFL01,1506,2012-10-05 13:28:27,2012-10-05 13:28:05,50,56,5,0,7,0,0,3,0,2,0,0,0,0,0,0,0,N,N,N
2012-10-05 00:00:00,V,V-8,27154042,20378,9,R,15484,4,POCH01,1821,2012-10-05 13:29:25,2012-10-05 13:30:09,50,56,1,0,8,0,0,1,0,0,0,0,0,0,0,0,0,N,N,N
2012-10-05 00:00:00,V,V-8,27154042,20378,9,R,15484,5,PCEA01,2338,2012-10-05 13:31:00,2012-10-05 13:31:55,50,56,4,0,12,0,0,2,0,1,0,1,0,0,0,0,0,N,N,N
2012-10-05 00:00:00,V,V-8,27154042,20378,9,R,15484,6,AMAR01,2762,2012-10-05 13:32:17,2012-10-05 13:33:32,50,56,3,3,12,1,0,0,3,0,0,2,0,0,0,0,0,N,N,N
2012-10-05 00:00:00,V,V-8,27154042,20378,9,R,15484,7,ALCH01,3092,2012-10-05 13:33:18,2012-10-05 13:34:19,50,56,0,0,12,0,0,0,0,0,0,0,0,0,0,0,0,N,N,N
2012-10-05 00:00:00,V,V-8,27154042,20378,9,R,15484,8,VXGA01,3540,2012-10-05 13:34:40,2012-10-05 13:35:34,50,56,4,5,11,0,0,4,1,0,2,0,2,0,0,0,0,N,N,N
2012-10-05 00:00:00,V,V-8,27154042,20378,9,R,15484,9,VXBO01,3959,2012-10-05 13:36:07,2012-10-05 13:36:52,50,56,0,3,8,0,0,0,2,0,0,0,1,0,0,0,0,N,N,N
2012-10-05 00:00:00,V,V-8,27154042,20378,9,R,15484,10,ENVE01,4406,2012-10-05 13:37:40,2012-10-05 13:38:13,50,56,0,0,8,0,0,0,0,0,0,0,0,0,0,0,0,N,N,N
2012-10-05 00:00:00,V,V-8,27154042,20378,9,R,15484,11,FAYA01,4683,2012-10-05 13:38:24,2012-10-05 13:39:11,50,56,2,2,8,0,0,1,2,0,0,1,0,0,0,0,0,N,N,N
2012-10-05 00:00:00,V,V-8,27154042,20378,9,R,15484,12,MLGN01,5220,2012-10-05 13:39:51,2012-10-05 13:40:35,50,56,1,0,9,0,0,0,0,1,0,0,0,0,0,0,0,N,N,N
2012-10-05 00:00:00,V,V-8,27154042,20378,9,R,15484,13,PRLA01,5556,2012-10-05 13:40:45,2012-10-05 13:41:23,50,56,0,0,9,0,0,0,0,0,0,0,0,0,0,0,0,N,N,N
2012-10-05 00:00:00,V,V-8,27154042,20378,9,R,15484,14,GTVI01,6020,2012-10-05 13:42:00,2012-10-05 13:42:31,50,56,2,1,10,0,0,2,1,0,0,0,0,0,0,0,0,N,N,N
2012-10-05 00:00:00,V,V-8,27154042,20378,9,R,15484,15,SAGY01,6738,2012-10-05 13:43:32,2012-10-05 13:44:30,50,56,0,0,10,0,0,0,0,0,0,0,0,0,0,0,0,N,N,N
2012-10-05 00:00:00,V,V-8,27154042,20378,9,R,15484,16,GEBE01,7265,2012-10-05 13:44:40,2012-10-05 13:45:33,50,56,2,2,10,0,0,2,2,0,0,0,0,0,0,0,0,N,N,N
2012-10-05 00:00:00,V,V-8,27154042,20378,9,R,15484,17,CNAE01,7573,2012-10-05 13:45:24,2012-10-05 13:46:28,50,56,1,1,10,0,0,0,1,1,0,0,0,0,0,0,0,N,N,N
2012-10-05 00:00:00,V,V-8,27154042,20378,9,R,15484,18,VXVV01,7895,2012-10-05 13:46:10,2012-10-05 13:47:22,50,56,2,0,12,1,0,1,0,0,0,0,0,0,0,0,0,N,N,N
2012-10-05 00:00:00,V,V-8,27154042,20378,9,R,15484,19,VVRA01,8414,2012-10-05 13:47:25,2012-10-05 13:49:04,50,56,3,0,15,1,0,0,0,2,0,0,0,0,0,0,0,N,N,N
2012-10-05 00:00:00,V,V-8,27154042,20378,9,R,15484,20,CHTS01,8918,2012-10-05 13:48:37,2012-10-05 13:49:58,50,56,0,0,15,0,0,0,0,0,0,0,0,0,0,0,0,N,N,N
2012-10-05 00:00:00,V,V-8,27154042,20378,9,R,15484,21,COLO02,9214,2012-10-05 13:49:20,2012-10-05 13:50:41,50,56,0,0,15,0,0,0,0,0,0,0,0,0,0,0,0,N,N,N
2012-10-05 00:00:00,V,V-8,27154042,20378,9,R,15484,22,CLYS01,9810,2012-10-05 13:50:42,2012-10-05 13:51:44,50,56,0,0,15,0,0,0,0,0,0,0,0,0,0,0,0,N,N,N
2012-10-05 00:00:00,V,V-8,27154042,20378,9,R,15484,23,NANT01,10267,2012-10-05 13:51:46,2012-10-05 13:52:57,50,56,4,0,19,0,0,1,0,3,0,0,0,0,0,0,0,N,N,N
2012-10-05 00:00:00,V,V-8,27154042,20378,9,R,15484,24,MACH01,10665,2012-10-05 13:52:41,2012-10-05 13:54:14,50,56,2,2,19,0,0,1,0,1,2,0,0,0,0,0,0,N,N,N
2012-10-05 00:00:00,V,V-8,27154042,20378,9,R,15484,25,FTAI01,11049,2012-10-05 13:53:34,2012-10-05 13:54:56,50,56,0,0,19,0,0,0,0,0,0,0,0,0,0,0,0,N,N,N
2012-10-05 00:00:00,V,V-8,27154042,20378,9,R,15484,26,CARO01,11343,2012-10-05 13:54:15,2012-10-05 13:55:51,50,56,3,1,21,0,1,0,0,3,0,0,0,0,0,0,0,N,N,N
2012-10-05 00:00:00,V,V-8,27154042,20378,9,R,15484,27,CBFO01,11661,2012-10-05 13:55:00,2012-10-05 13:57:06,50,56,2,2,21,0,0,1,0,1,2,0,0,0,0,0,0,N,N,N
2012-10-05 00:00:00,V,V-8,27154042,20378,9,R,15484,28,CBPL01,11841,2012-10-05 13:55:25,2012-10-05 13:57:59,50,56,2,0,23,0,0,2,0,0,0,0,0,0,0,0,0,N,N,N
2012-10-05 00:00:00,V,V-8,27154042,20378,9,R,15484,29,PYMA01,12452,2012-10-05 13:56:53,2012-10-05 13:59:09,50,56,0,0,23,0,0,0,0,0,0,0,0,0,0,0,0,N,N,N
2012-10-05 00:00:00,V,V-8,27154042,20378,9,R,15484,30,PYVI01,12779,2012-10-05 13:57:40,2012-10-05 14:00:01,50,56,1,1,23,0,0,1,1,0,0,0,0,0,0,0,0,N,N,N
2012-10-05 00:00:00,V,V-8,27154042,20378,9,R,15484,31,PENT01,13059,2012-10-05 13:58:27,2012-10-05 14:00:50,50,56,1,0,24,0,0,1,0,0,0,0,0,0,0,0,0,N,N,N
2012-10-05 00:00:00,V,V-8,27154042,20378,9,R,15484,32,FENE01,13329,2012-10-05 13:59:13,2012-10-05 14:01:25,50,56,0,0,24,0,0,0,0,0,0,0,0,0,0,0,0,N,N,N
2012-10-05 00:00:00,V,V-8,27154042,20378,9,R,15484,33,APIA03,13700,2012-10-05 14:00:17,2012-10-05 14:02:22,50,56,2,1,25,0,0,0,1,2,0,0,0,0,0,0,0,N,N,N
2012-10-05 00:00:00,V,V-8,27154042,20378,9,R,15484,34,NATI14,14301,2012-10-05 14:02:00,2012-10-05 14:04:21,50,56,1,15,11,0,1,0,4,0,5,1,5,0,0,0,0,N,N,N
2012-10-05 00:00:00,V,V-8,27154042,20378,9,R,15484,35,VRBE02,14500,2012-10-05 14:02:43,2012-10-05 14:05:22,50,56,0,0,11,0,0,0,0,0,0,0,0,0,0,0,0,N,N,N
2012-10-05 00:00:00,V,V-8,27154042,20378,9,R,15484,36,VLAI01,15000,2012-10-05 14:04:33,2012-10-05 14:07:09,50,56,0,0,11,0,0,0,0,0,0,0,0,0,0,0,0,N,N,N
2012-10-05 00:00:00,V,V-8,27154042,20378,9,R,15484,37,CVIN22,15484,2012-10-05 14:06:20,2012-10-05 14:08:06,50,56,0,17,0,0,7,0,7,0,0,0,3,0,0,0,0,N,N,N
2012-10-05 00:00:00,Z,V-8,27154043,20378,4,A,10163,1,CVIN22,0,2012-10-05 14:15:00,2012-10-05 14:15:48,25,21,12,0,12,9,0,3,0,0,0,0,0,0,0,0,0,N,N,N
2012-10-05 00:00:00,Z,V-8,27154043,20378,4,A,10163,2,POST00,451,2012-10-05 14:17:09,2012-10-05 14:20:28,25,21,0,0,12,0,0,0,0,0,0,0,0,0,0,0,0,N,N,N
2012-10-05 00:00:00,Z,V-8,27154043,20378,4,A,10163,3,VLAI00,832,2012-10-05 14:18:58,2012-10-05 14:21:37,25,21,1,0,13,0,0,1,0,0,0,0,0,0,0,0,0,N,N,N
2012-10-05 00:00:00,Z,V-8,27154043,20378,4,A,10163,4,VRBE01,1280,2012-10-05 14:21:06,2012-10-05 14:22:59,25,21,0,0,13,0,0,0,0,0,0,0,0,0,0,0,0,N,N,N
2012-10-05 00:00:00,Z,V-8,27154043,20378,4,A,10163,5,NATI15,1465,2012-10-05 14:22:00,2012-10-05 14:25:29,25,21,12,3,22,3,0,8,0,1,3,0,0,0,0,0,0,N,N,N
2012-10-05 00:00:00,Z,V-8,27154043,20378,4,A,10163,6,APIA02,2123,2012-10-05 14:24:07,2012-10-05 14:29:06,25,21,0,0,22,0,0,0,0,0,0,0,0,0,0,0,0,N,N,N
2012-10-05 00:00:00,Z,V-8,27154043,20378,4,A,10163,7,FENE00,2490,2012-10-05 14:25:18,2012-10-05 14:30:52,25,21,0,0,22,0,0,0,0,0,0,0,0,0,0,0,0,N,N,N
2012-10-05 00:00:00,Z,V-8,27154043,20378,4,A,10163,8,PENT00,2746,2012-10-05 14:26:08,2012-10-05 14:31:24,25,21,0,3,19,0,1,0,2,0,0,0,0,0,0,0,0,N,N,N
2012-10-05 00:00:00,Z,V-8,27154043,20378,4,A,10163,9,PYVI00,3013,2012-10-05 14:27:00,2012-10-05 14:32:07,25,21,0,2,17,0,0,0,1,0,1,0,0,0,0,0,0,N,N,N
2012-10-05 00:00:00,Z,V-8,27154043,20378,4,A,10163,10,PYMA00,3399,2012-10-05 14:27:59,2012-10-05 14:33:02,25,21,0,2,15,0,0,0,0,0,1,0,1,0,0,0,0,N,N,N
2012-10-05 00:00:00,Z,V-8,27154043,20378,4,A,10163,11,CBPL00,3980,2012-10-05 14:29:29,2012-10-05 14:34:01,25,21,0,0,15,0,0,0,0,0,0,0,0,0,0,0,0,N,N,N
2012-10-05 00:00:00,Z,V-8,27154043,20378,4,A,10163,12,CBFO00,4174,2012-10-05 14:30:00,2012-10-05 14:34:43,25,21,0,1,14,0,0,0,1,0,0,0,0,0,0,0,0,N,N,N
2012-10-05 00:00:00,Z,V-8,27154043,20378,4,A,10163,13,CARO00,4499,2012-10-05 14:30:42,2012-10-05 14:35:26,25,21,0,0,14,0,0,0,0,0,0,0,0,0,0,0,0,N,N,N
2012-10-05 00:00:00,Z,V-8,27154043,20378,4,A,10163,14,FTAI00,4821,2012-10-05 14:31:25,2012-10-05 14:36:06,25,21,0,0,14,0,0,0,0,0,0,0,0,0,0,0,0,N,N,N
2012-10-05 00:00:00,Z,V-8,27154043,20378,4,A,10163,15,MACH00,5174,2012-10-05 14:32:11,2012-10-05 14:36:44,25,21,0,0,14,0,0,0,0,0,0,0,0,0,0,0,0,N,N,N
2012-10-05 00:00:00,Z,V-8,27154043,20378,4,A,10163,16,NANT00,5544,2012-10-05 14:33:00,2012-10-05 14:37:26,25,21,0,0,14,0,0,0,0,0,0,0,0,0,0,0,0,N,N,N
2012-10-05 00:00:00,Z,V-8,27154043,20378,4,A,10163,17,CLYS00,5950,2012-10-05 14:33:53,2012-10-05 14:38:09,25,21,0,0,14,0,0,0,0,0,0,0,0,0,0,0,0,N,N,N
2012-10-05 00:00:00,Z,V-8,27154043,20378,4,A,10163,18,COLO00,6609,2012-10-05 14:35:20,2012-10-05 14:39:29,25,21,0,5,9,0,3,0,2,0,0,0,0,0,0,0,0,N,N,N
2012-10-05 00:00:00,Z,V-8,27154043,20378,4,A,10163,19,PLNT00,7006,2012-10-05 14:36:13,2012-10-05 14:40:18,25,21,0,0,9,0,0,0,0,0,0,0,0,0,0,0,0,N,N,N
2012-10-05 00:00:00,Z,V-8,27154043,20378,4,A,10163,20,VRLP00,7677,2012-10-05 14:37:43,2012-10-05 14:41:19,25,21,0,0,9,0,0,0,0,0,0,0,0,0,0,0,0,N,N,N
2012-10-05 00:00:00,Z,V-8,27154043,20378,4,A,10163,21,PREL00,8090,2012-10-05 14:38:39,2012-10-05 14:42:12,25,21,0,1,8,0,0,0,0,0,0,0,1,0,0,0,0,N,N,N
2012-10-05 00:00:00,Z,V-8,27154043,20378,4,A,10163,22,CXCE00,8540,2012-10-05 14:39:40,2012-10-05 14:43:12,25,21,0,0,8,0,0,0,0,0,0,0,0,0,0,0,0,N,N,N
2012-10-05 00:00:00,Z,V-8,27154043,20378,4,A,10163,23,CXEC00,8927,2012-10-05 14:40:22,2012-10-05 14:44:23,25,21,0,2,6,0,1,0,1,0,0,0,0,0,0,0,0,N,N,N
2012-10-05 00:00:00,Z,V-8,27154043,20378,4,A,10163,24,SCHA00,9220,2012-10-05 14:40:55,2012-10-05 14:44:53,25,21,0,0,6,0,0,0,0,0,0,0,0,0,0,0,0,N,N,N
2012-10-05 00:00:00,Z,V-8,27154043,20378,4,A,10163,25,BOSY00,10163,2012-10-05 14:42:40,2012-10-05 14:46:15,25,21,0,2,4,0,1,0,1,0,0,0,0,0,0,0,0,N,N,N
2012-10-05 00:00:00,Z,V-8,27154044,20378,9,R,9722,1,BOSY00,0,2012-10-05 14:55:00,2012-10-05 14:54:52,18,19,1,0,1,1,0,0,0,0,0,0,0,0,0,0,0,N,N,N
2012-10-05 00:00:00,Z,V-8,27154044,20378,9,R,9722,2,SCHA01,860,2012-10-05 14:56:54,2012-10-05 14:56:06,18,19,0,0,1,0,0,0,0,0,0,0,0,0,0,0,0,N,N,N
2012-10-05 00:00:00,Z,V-8,27154044,20378,9,R,9722,3,CXEC01,1133,2012-10-05 14:57:31,2012-10-05 14:56:42,18,19,1,0,2,0,0,1,0,0,0,0,0,0,0,0,0,N,N,N
2012-10-05 00:00:00,Z,V-8,27154044,20378,9,R,9722,4,CXCE01,1496,2012-10-05 14:58:20,2012-10-05 14:57:46,18,19,1,0,3,0,0,1,0,0,0,0,0,0,0,0,0,N,N,N
2012-10-05 00:00:00,Z,V-8,27154044,20378,9,R,9722,5,PREL01,1854,2012-10-05 14:59:08,2012-10-05 14:58:33,18,19,0,0,3,0,0,0,0,0,0,0,0,0,0,0,0,N,N,N
2012-10-05 00:00:00,Z,V-8,27154044,20378,9,R,9722,6,VRLP01,2356,,2012-10-05 14:59:40,18,19,3,0,6,0,0,0,0,3,0,0,0,0,0,0,0,N,Y,Y
2012-10-05 00:00:00,Z,V-8,27154044,20378,9,R,9722,7,PLNT01,3044,2012-10-05 15:01:49,2012-10-05 15:00:49,18,19,0,0,6,0,0,0,0,0,0,0,0,0,0,0,0,N,N,N
2012-10-05 00:00:00,Z,V-8,27154044,20378,9,R,9722,8,COLO01,3415,2012-10-05 15:02:40,2012-10-05 15:02:29,18,19,0,0,6,0,0,0,0,0,0,0,0,0,0,0,0,N,N,N
2012-10-05 00:00:00,Z,V-8,27154044,20378,9,R,9722,9,CLYS01,4048,2012-10-05 15:04:16,2012-10-05 15:03:08,18,19,0,0,6,0,0,0,0,0,0,0,0,0,0,0,0,N,N,N
2012-10-05 00:00:00,Z,V-8,27154044,20378,9,R,9722,10,NANT01,4505,2012-10-05 15:05:26,2012-10-05 15:04:23,18,19,1,0,7,0,0,0,0,1,0,0,0,0,0,0,0,N,N,N
2012-10-05 00:00:00,Z,V-8,27154044,20378,9,R,9722,11,MACH01,4903,2012-10-05 15:06:27,2012-10-05 15:05:41,18,19,3,0,10,0,0,1,0,1,0,1,0,0,0,0,0,N,N,N
2012-10-05 00:00:00,Z,V-8,27154044,20378,9,R,9722,12,FTAI01,5287,2012-10-05 15:07:26,2012-10-05 15:06:22,18,19,0,0,10,0,0,0,0,0,0,0,0,0,0,0,0,N,N,N
2012-10-05 00:00:00,Z,V-8,27154044,20378,9,R,9722,13,CARO01,5581,2012-10-05 15:08:11,2012-10-05 15:07:13,18,19,1,0,11,0,0,0,0,1,0,0,0,0,0,0,0,N,N,N
2012-10-05 00:00:00,Z,V-8,27154044,20378,9,R,9722,14,CBFO01,5899,2012-10-05 15:09:00,2012-10-05 15:08:11,18,19,2,0,13,0,0,0,0,2,0,0,0,0,0,0,0,N,N,N
2012-10-05 00:00:00,Z,V-8,27154044,20378,9,R,9722,15,CBPL01,6079,2012-10-05 15:09:25,2012-10-05 15:08:44,18,19,0,0,13,0,0,0,0,0,0,0,0,0,0,0,0,N,N,N
2012-10-05 00:00:00,Z,V-8,27154044,20378,9,R,9722,16,PYMA01,6690,2012-10-05 15:10:53,2012-10-05 15:09:40,18,19,0,0,13,0,0,0,0,0,0,0,0,0,0,0,0,N,N,N
2012-10-05 00:00:00,Z,V-8,27154044,20378,9,R,9722,17,PYVI01,7017,2012-10-05 15:11:40,2012-10-05 15:10:19,18,19,0,0,13,0,0,0,0,0,0,0,0,0,0,0,0,N,N,N
2012-10-05 00:00:00,Z,V-8,27154044,20378,9,R,9722,18,PENT01,7297,2012-10-05 15:12:35,2012-10-05 15:11:09,18,19,1,1,13,0,1,1,0,0,0,0,0,0,0,0,0,N,N,N
2012-10-05 00:00:00,Z,V-8,27154044,20378,9,R,9722,19,FENE01,7567,2012-10-05 15:13:28,2012-10-05 15:11:49,18,19,0,0,13,0,0,0,0,0,0,0,0,0,0,0,0,N,N,N
2012-10-05 00:00:00,Z,V-8,27154044,20378,9,R,9722,20,APIA03,7938,2012-10-05 15:14:41,2012-10-05 15:12:34,18,19,0,0,13,0,0,0,0,0,0,0,0,0,0,0,0,N,N,N
2012-10-05 00:00:00,Z,V-8,27154044,20378,9,R,9722,21,NATI14,8539,2012-10-05 15:16:40,2012-10-05 15:14:25,18,19,2,9,6,1,0,0,5,0,3,1,1,0,0,0,0,N,N,N
2012-10-05 00:00:00,Z,V-8,27154044,20378,9,R,9722,22,VRBE02,8738,2012-10-05 15:17:23,2012-10-05 15:15:11,18,19,2,0,8,0,0,1,0,1,0,0,0,0,0,0,0,N,N,N
2012-10-05 00:00:00,Z,V-8,27154044,20378,9,R,9722,23,VLAI01,9238,2012-10-05 15:19:13,2012-10-05 15:16:19,18,19,0,1,7,0,0,0,0,0,0,0,1,0,0,0,0,N,N,N
2012-10-05 00:00:00,Z,V-8,27154044,20378,9,R,9722,24,CVIN22,9722,2012-10-05 15:21:00,2012-10-05 15:17:24,18,19,0,8,0,0,2,0,4,0,2,0,0,0,0,0,0,N,N,N
2012-10-05 00:00:00,V,V-8,27154045,20378,8,A,15766,1,CVIN22,0,2012-10-05 15:30:00,2012-10-05 15:30:40,153,131,19,0,19,10,0,3,0,5,0,1,0,0,0,0,0,N,Y,Y
2012-10-05 00:00:00,V,V-8,27154045,20378,8,A,15766,2,POST00,451,2012-10-05 15:32:15,2012-10-05 15:34:31,153,131,6,0,25,0,0,5,0,0,0,1,0,0,0,0,0,N,N,N
2012-10-05 00:00:00,V,V-8,27154045,20378,8,A,15766,3,VLAI00,832,2012-10-05 15:34:09,2012-10-05 15:35:40,153,131,1,0,26,0,0,1,0,0,0,0,0,0,0,0,0,N,N,N
2012-10-05 00:00:00,V,V-8,27154045,20378,8,A,15766,4,VRBE01,1280,2012-10-05 15:36:24,2012-10-05 15:36:50,153,131,5,0,31,2,0,1,0,2,0,0,0,0,0,0,0,N,N,N
2012-10-05 00:00:00,V,V-8,27154045,20378,8,A,15766,5,NATI15,1465,2012-10-05 15:37:20,2012-10-05 15:37:51,153,131,4,1,34,0,0,1,1,3,0,0,0,0,0,0,0,N,N,N
2012-10-05 00:00:00,V,V-8,27154045,20378,8,A,15766,6,APIA02,2123,2012-10-05 15:39:44,2012-10-05 15:41:35,153,131,1,0,35,0,0,1,0,0,0,0,0,0,0,0,0,N,N,N
2012-10-05 00:00:00,V,V-8,27154045,20378,8,A,15766,7,FENE00,2490,2012-10-05 15:41:05,2012-10-05 15:42:27,153,131,0,0,35,0,0,0,0,0,0,0,0,0,0,0,0,N,N,N
2012-10-05 00:00:00,V,V-8,27154045,20378,8,A,15766,8,PENT00,2746,2012-10-05 15:42:01,2012-10-05 15:43:12,153,131,7,0,42,0,0,6,0,1,0,0,0,0,0,0,0,N,N,N
2012-10-05 00:00:00,V,V-8,27154045,20378,8,A,15766,9,PYVI00,3013,2012-10-05 15:43:00,2012-10-05 15:43:54,153,131,0,0,42,0,0,0,0,0,0,0,0,0,0,0,0,N,N,N
2012-10-05 00:00:00,V,V-8,27154045,20378,8,A,15766,10,PYMA00,3399,2012-10-05 15:43:59,2012-10-05 15:44:55,153,131,0,3,39,0,0,0,1,0,2,0,0,0,0,0,0,N,N,N
2012-10-05 00:00:00,V,V-8,27154045,20378,8,A,15766,11,CBPL00,3980,2012-10-05 15:45:29,2012-10-05 15:46:13,153,131,0,2,37,0,0,0,1,0,1,0,0,0,0,0,0,N,N,N
2012-10-05 00:00:00,V,V-8,27154045,20378,8,A,15766,12,CBFO00,4174,2012-10-05 15:46:00,2012-10-05 15:47:19,153,131,0,5,32,0,0,0,1,0,3,0,1,0,0,0,0,N,N,N
2012-10-05 00:00:00,V,V-8,27154045,20378,8,A,15766,13,CARO00,4499,2012-10-05 15:46:45,2012-10-05 15:48:11,153,131,1,2,31,0,1,1,1,0,0,0,0,0,0,0,0,N,N,N
2012-10-05 00:00:00,V,V-8,27154045,20378,8,A,15766,14,FTAI00,4821,2012-10-05 15:47:30,2012-10-05 15:49:06,153,131,0,1,30,0,0,0,0,0,1,0,0,0,0,0,0,N,N,N
2012-10-05 00:00:00,V,V-8,27154045,20378,8,A,15766,15,MACH00,5174,2012-10-05 15:48:19,2012-10-05 15:50:10,153,131,0,6,24,0,0,0,1,0,5,0,0,0,0,0,0,N,N,N
2012-10-05 00:00:00,V,V-8,27154045,20378,8,A,15766,16,NANT00,5544,2012-10-05 15:49:11,2012-10-05 15:51:21,153,131,0,4,20,0,1,0,1,0,1,0,1,0,0,0,0,N,N,N
2012-10-05 00:00:00,V,V-8,27154045,20378,8,A,15766,17,CLYS00,5950,2012-10-05 15:50:07,2012-10-05 15:52:20,153,131,0,0,20,0,0,0,0,0,0,0,0,0,0,0,0,N,N,N
2012-10-05 00:00:00,V,V-8,27154045,20378,8,A,15766,18,COLO00,6609,2012-10-05 15:51:40,2012-10-05 15:53:20,153,131,0,0,20,0,0,0,0,0,0,0,0,0,0,0,0,N,N,N
2012-10-05 00:00:00,V,V-8,27154045,20378,8,A,15766,19,CHTS00,6962,2012-10-05 15:52:29,2012-10-05 15:53:55,153,131,0,0,20,0,0,0,0,0,0,0,0,0,0,0,0,N,N,N
2012-10-05 00:00:00,V,V-8,27154045,20378,8,A,15766,20,VVRA00,7358,2012-10-05 15:53:24,2012-10-05 15:54:37,153,131,4,1,23,0,1,1,0,2,0,1,0,0,0,0,0,N,N,N
2012-10-05 00:00:00,V,V-8,27154045,20378,8,A,15766,21,VXVV00,7897,2012-10-05 15:54:39,2012-10-05 15:56:00,153,131,0,2,21,0,0,0,0,0,2,0,0,0,0,0,0,N,N,N
2012-10-05 00:00:00,V,V-8,27154045,20378,8,A,15766,22,CNAE00,8277,2012-10-05 15:55:32,2012-10-05 15:56:58,153,131,0,1,20,0,0,0,0,0,1,0,0,0,0,0,0,N,N,N
2012-10-05 00:00:00,V,V-8,27154045,20378,8,A,15766,23,GEBE00,8620,2012-10-05 15:56:20,2012-10-05 15:58:00,153,131,2,3,19,0,0,0,2,0,1,2,0,0,0,0,0,N,N,N
2012-10-05 00:00:00,V,V-8,27154045,20378,8,A,15766,24,SAGY00,9131,2012-10-05 15:57:35,2012-10-05 15:58:47,153,131,0,0,19,0,0,0,0,0,0,0,0,0,0,0,0,N,N,N
2012-10-05 00:00:00,V,V-8,27154045,20378,8,A,15766,25,GTVI00,9834,2012-10-05 15:59:20,2012-10-05 16:01:09,153,131,1,3,17,0,0,1,0,0,2,0,1,0,0,0,0,N,N,N
2012-10-05 00:00:00,V,V-8,27154045,20378,8,A,15766,26,PRLA00,10324,2012-10-05 16:00:41,2012-10-05 16:02:40,153,131,1,0,18,0,0,0,0,1,0,0,0,0,0,0,0,N,N,N
2012-10-05 00:00:00,V,V-8,27154045,20378,8,A,15766,27,MLGN00,10555,2012-10-05 16:01:19,2012-10-05 16:03:28,153,131,3,0,21,1,0,2,0,0,0,0,0,0,0,0,0,N,N,N
2012-10-05 00:00:00,V,V-8,27154045,20378,8,A,15766,28,FAYA00,11161,2012-10-05 16:02:59,2012-10-05 16:05:35,153,131,6,8,19,0,1,4,2,2,2,0,3,0,0,0,0,N,N,N
2012-10-05 00:00:00,V,V-8,27154045,20378,8,A,15766,29,ENVE00,11524,2012-10-05 16:04:00,2012-10-05 16:06:35,153,131,0,0,19,0,0,0,0,0,0,0,0,0,0,0,0,N,N,N
2012-10-05 00:00:00,V,V-8,27154045,20378,8,A,15766,30,VXBO00,11856,2012-10-05 16:05:23,2012-10-05 16:08:44,153,131,4,5,18,1,4,2,0,1,1,0,0,0,0,0,0,N,N,N
2012-10-05 00:00:00,V,V-8,27154045,20378,8,A,15766,31,VXGA00,12320,2012-10-05 16:07:20,2012-10-05 16:11:10,153,131,77,5,90,6,0,23,1,29,3,19,1,0,0,0,0,N,N,N
2012-10-05 00:00:00,V,V-8,27154045,20378,8,A,15766,32,ALCH00,12782,2012-10-05 16:08:50,2012-10-05 16:12:42,153,131,6,10,86,0,0,1,6,4,0,1,4,0,0,0,0,N,N,N
2012-10-05 00:00:00,V,V-8,27154045,20378,8,A,15766,33,AMAR00,13135,2012-10-05 16:09:59,2012-10-05 16:14:16,153,131,2,19,69,0,2,2,6,0,9,0,2,0,0,0,0,N,N,N
2012-10-05 00:00:00,V,V-8,27154045,20378,8,A,15766,34,PCEA00,13575,2012-10-05 16:11:25,2012-10-05 16:15:28,153,131,2,14,57,0,3,0,5,2,6,0,0,0,0,0,0,N,N,N
2012-10-05 00:00:00,V,V-8,27154045,20378,8,A,15766,35,POCH00,14010,2012-10-05 16:12:50,2012-10-05 16:16:54,153,131,1,2,56,0,0,0,0,0,1,1,1,0,0,0,0,N,N,N
2012-10-05 00:00:00,V,V-8,27154045,20378,8,A,15766,36,MTFL00,14409,2012-10-05 16:14:08,2012-10-05 16:18:48,153,131,0,29,27,0,4,0,11,0,10,0,4,0,0,0,0,N,N,N
2012-10-05 00:00:00,V,V-8,27154045,20378,8,A,15766,37,ECOG00,15187,2012-10-05 16:16:40,2012-10-05 16:20:53,153,131,0,0,27,0,0,0,0,0,0,0,0,0,0,0,0,N,N,N
2012-10-05 00:00:00,V,V-8,27154045,20378,8,A,15766,38,CSLB01,15766,2012-10-05 16:17:40,2012-10-05 16:21:59,153,131,0,5,22,0,0,0,0,0,3,0,2,0,0,0,0,N,N,N
2012-10-05 00:00:00,V,V-8,27154046,20378,9,R,15484,1,CSLB01,0,2012-10-05 16:23:00,2012-10-05 16:23:36,121,127,0,0,0,0,0,0,0,0,0,0,0,0,0,0,0,N,N,N
2012-10-05 00:00:00,V,V-8,27154046,20378,9,R,15484,2,ECOG01,698,2012-10-05 16:25:20,2012-10-05 16:26:50,121,127,2,0,2,0,0,2,0,0,0,0,0,0,0,0,0,N,N,N
2012-10-05 00:00:00,V,V-8,27154046,20378,9,R,15484,3,MTFL01,1506,2012-10-05 16:27:53,2012-10-05 16:29:16,121,127,8,0,10,0,0,5,0,3,0,0,0,0,0,0,0,N,N,N
2012-10-05 00:00:00,V,V-8,27154046,20378,9,R,15484,4,POCH01,1821,2012-10-05 16:28:53,2012-10-05 16:30:34,121,127,1,0,11,0,0,1,0,0,0,0,0,0,0,0,0,N,N,N
2012-10-05 00:00:00,V,V-8,27154046,20378,9,R,15484,5,PCEA01,2338,2012-10-05 16:30:31,2012-10-05 16:32:16,121,127,4,4,11,0,0,3,2,1,2,0,0,0,0,0,0,N,N,N
2012-10-05 00:00:00,V,V-8,27154046,20378,9,R,15484,6,AMAR01,2762,2012-10-05 16:31:52,2012-10-05 16:34:08,121,127,9,7,13,0,0,4,4,5,0,0,3,0,0,0,0,N,N,N
2012-10-05 00:00:00,V,V-8,27154046,20378,9,R,15484,7,ALCH01,3092,2012-10-05 16:32:54,2012-10-05 16:34:55,121,127,0,0,13,0,0,0,0,0,0,0,0,0,0,0,0,N,N,N
2012-10-05 00:00:00,V,V-8,27154046,20378,9,R,15484,8,VXGA01,3540,2012-10-05 16:34:20,2012-10-05 16:37:03,121,127,39,7,45,11,0,11,4,12,3,5,0,0,0,0,0,N,N,N
2012-10-05 00:00:00,V,V-8,27154046,20378,9,R,15484,9,VXBO01,3959,2012-10-05 16:35:56,2012-10-05 16:38:44,121,127,4,12,37,0,3,0,3,4,6,0,0,0,0,0,0,N,N,N
2012-10-05 00:00:00,V,V-8,27154046,20378,9,R,15484,10,ENVE01,4406,2012-10-05 16:37:40,2012-10-05 16:40:14,121,127,0,3,34,0,0,0,1,0,2,0,0,0,0,0,0,N,N,N
2012-10-05 00:00:00,V,V-8,27154046,20378,9,R,15484,11,FAYA01,4683,2012-10-05 16:38:34,2012-10-05 16:41:26,121,127,6,15,25,0,7,4,2,2,3,0,3,0,0,0,0,N,N,N
2012-10-05 00:00:00,V,V-8,27154046,20378,9,R,15484,12,MLGN01,5220,2012-10-05 16:40:21,2012-10-05 16:43:04,121,127,2,0,27,0,0,0,0,2,0,0,0,0,0,0,0,N,N,N
2012-10-05 00:00:00,V,V-8,27154046,20378,9,R,15484,13,PRLA01,5556,2012-10-05 16:41:28,2012-10-05 16:44:07,121,127,2,8,21,0,0,1,4,1,4,0,0,0,0,0,0,N,N,N
2012-10-05 00:00:00,V,V-8,27154046,20378,9,R,15484,14,GTVI01,6020,2012-10-05 16:43:00,2012-10-05 16:45:37,121,127,2,10,13,0,0,2,2,0,6,0,2,0,0,0,0,N,N,N
2012-10-05 00:00:00,V,V-8,27154046,20378,9,R,15484,15,SAGY01,6738,2012-10-05 16:44:43,2012-10-05 16:47:36,121,127,0,0,13,0,0,0,0,0,0,0,0,0,0,0,0,N,N,N
2012-10-05 00:00:00,V,V-8,27154046,20378,9,R,15484,16,GEBE01,7265,2012-10-05 16:46:00,2012-10-05 16:48:43,121,127,7,1,19,2,1,1,0,3,0,1,0,0,0,0,0,N,N,N
2012-10-05 00:00:00,V,V-8,27154046,20378,9,R,15484,17,CNAE01,7573,2012-10-05 16:46:47,2012-10-05 16:49:46,121,127,2,4,17,0,1,1,3,0,0,1,0,0,0,0,0,N,N,N
2012-10-05 00:00:00,V,V-8,27154046,20378,9,R,15484,18,VXVV01,7895,2012-10-05 16:47:36,2012-10-05 16:50:38,121,127,1,2,16,1,1,0,0,0,1,0,0,0,0,0,0,N,N,N
2012-10-05 00:00:00,V,V-8,27154046,20378,9,R,15484,19,VVRA01,8414,2012-10-05 16:48:56,2012-10-05 16:52:39,121,127,7,6,17,1,2,5,1,1,1,0,2,0,0,0,0,N,N,N
2012-10-05 00:00:00,V,V-8,27154046,20378,9,R,15484,20,CHTS01,8918,2012-10-05 16:50:14,2012-10-05 16:53:34,121,127,0,0,17,0,0,0,0,0,0,0,0,0,0,0,0,N,N,N
2012-10-05 00:00:00,V,V-8,27154046,20378,9,R,15484,21,COLO02,9214,2012-10-05 16:51:00,2012-10-05 16:54:16,121,127,0,1,16,0,0,0,1,0,0,0,0,0,0,0,0,N,N,N
2012-10-05 00:00:00,V,V-8,27154046,20378,9,R,15484,22,CLYS01,9810,2012-10-05 16:52:32,2012-10-05 16:55:42,121,127,0,0,16,0,0,0,0,0,0,0,0,0,0,0,0,N,N,N
2012-10-05 00:00:00,V,V-8,27154046,20378,9,R,15484,23,NANT01,10267,2012-10-05 16:53:43,2012-10-05 16:57:21,121,127,2,0,18,0,0,1,0,0,0,1,0,0,0,0,0,N,N,N
2012-10-05 00:00:00,V,V-8,27154046,20378,9,R,15484,24,MACH01,10665,2012-10-05 16:54:45,2012-10-05 16:58:35,121,127,0,0,18,0,0,0,0,0,0,0,0,0,0,0,0,N,N,N
2012-10-05 00:00:00,V,V-8,27154046,20378,9,R,15484,25,FTAI01,11049,2012-10-05 16:55:44,2012-10-05 16:59:39,121,127,4,0,22,1,0,1,0,1,0,1,0,0,0,0,0,N,N,N
2012-10-05 00:00:00,V,V-8,27154046,20378,9,R,15484,26,CARO01,11343,2012-10-05 16:56:30,2012-10-05 17:00:36,121,127,5,0,27,0,0,3,0,1,0,1,0,0,0,0,0,N,N,N
2012-10-05 00:00:00,V,V-8,27154046,20378,9,R,15484,27,CBFO01,11661,2012-10-05 16:57:20,2012-10-05 17:01:32,121,127,3,0,30,0,0,1,0,2,0,0,0,0,0,0,0,N,N,N
2012-10-05 00:00:00,V,V-8,27154046,20378,9,R,15484,28,CBPL01,11841,2012-10-05 16:57:52,2012-10-05 17:02:19,121,127,3,0,33,0,0,2,0,1,0,0,0,0,0,0,0,N,N,N
2012-10-05 00:00:00,V,V-8,27154046,20378,9,R,15484,29,PYMA01,12452,2012-10-05 16:59:41,2012-10-05 17:03:34,121,127,2,0,35,0,0,0,0,2,0,0,0,0,0,0,0,N,N,N
2012-10-05 00:00:00,V,V-8,27154046,20378,9,R,15484,30,PYVI01,12779,2012-10-05 17:00:40,2012-10-05 17:04:40,121,127,1,0,36,0,0,1,0,0,0,0,0,0,0,0,0,N,N,N
2012-10-05 00:00:00,V,V-8,27154046,20378,9,R,15484,31,PENT01,13059,2012-10-05 17:01:35,2012-10-05 17:05:33,121,127,0,3,33,0,0,0,3,0,0,0,0,0,0,0,0,N,N,N
2012-10-05 00:00:00,V,V-8,27154046,20378,9,R,15484,32,FENE01,13329,2012-10-05 17:02:28,2012-10-05 17:06:08,121,127,0,0,33,0,0,0,0,0,0,0,0,0,0,0,0,N,N,N
2012-10-05 00:00:00,V,V-8,27154046,20378,9,R,15484,33,APIA03,13700,2012-10-05 17:03:41,2012-10-05 17:07:01,121,127,3,4,32,1,1,1,1,0,2,1,0,0,0,0,0,N,N,N
2012-10-05 00:00:00,V,V-8,27154046,20378,9,R,15484,34,NATI14,14301,2012-10-05 17:05:40,2012-10-05 17:10:21,121,127,2,24,10,1,2,1,7,0,12,0,3,0,0,0,0,N,N,N
2012-10-05 00:00:00,V,V-8,27154046,20378,9,R,15484,35,VRBE02,14500,2012-10-05 17:06:27,2012-10-05 17:11:23,121,127,0,0,10,0,0,0,0,0,0,0,0,0,0,0,0,N,N,N
2012-10-05 00:00:00,V,V-8,27154046,20378,9,R,15484,36,VLAI01,15000,2012-10-05 17:08:25,2012-10-05 17:12:31,121,127,0,0,10,0,0,0,0,0,0,0,0,0,0,0,0,N,N,N
2012-10-05 00:00:00,V,V-8,27154046,20378,9,R,15484,37,CVIN22,15484,2012-10-05 17:10:20,2012-10-05 17:14:00,121,127,0,16,0,0,4,0,7,0,1,0,4,0,0,0,0,N,N,N
2012-10-05 00:00:00,Z,V-8,27154047,20378,3,A,12264,1,CVIN22,0,2012-10-05 17:15:00,2012-10-05 17:15:05,72,59,22,0,22,4,0,8,0,6,0,4,0,0,0,0,0,N,Y,Y
2012-10-05 00:00:00,Z,V-8,27154047,20378,3,A,12264,2,POST00,451,2012-10-05 17:17:27,2012-10-05 17:18:31,72,59,4,0,26,0,0,4,0,0,0,0,0,0,0,0,0,N,N,N
2012-10-05 00:00:00,Z,V-8,27154047,20378,3,A,12264,3,VLAI00,832,2012-10-05 17:19:32,2012-10-05 17:19:23,72,59,0,0,26,0,0,0,0,0,0,0,0,0,0,0,0,N,N,N
2012-10-05 00:00:00,Z,V-8,27154047,20378,3,A,12264,4,VRBE01,1280,2012-10-05 17:21:59,2012-10-05 17:20:48,72,59,15,0,41,0,0,8,0,6,0,1,0,0,0,0,0,N,N,N
2012-10-05 00:00:00,Z,V-8,27154047,20378,3,A,12264,5,NATI15,1465,2012-10-05 17:23:00,2012-10-05 17:22:52,72,59,14,3,52,4,2,6,1,2,0,2,0,0,0,0,0,N,N,N
2012-10-05 00:00:00,Z,V-8,27154047,20378,3,A,12264,6,APIA02,2123,2012-10-05 17:25:24,2012-10-05 17:26:11,72,59,10,0,62,2,0,6,0,2,0,0,0,0,0,0,0,N,N,N
2012-10-05 00:00:00,Z,V-8,27154047,20378,3,A,12264,7,FENE00,2490,2012-10-05 17:26:45,2012-10-05 17:27:06,72,59,0,0,62,0,0,0,0,0,0,0,0,0,0,0,0,N,N,N
2012-10-05 00:00:00,Z,V-8,27154047,20378,3,A,12264,8,PENT00,2746,2012-10-05 17:27:41,2012-10-05 17:27:49,72,59,2,0,64,0,0,0,0,2,0,0,0,0,0,0,0,N,N,N
2012-10-05 00:00:00,Z,V-8,27154047,20378,3,A,12264,9,PYVI00,3013,2012-10-05 17:28:40,2012-10-05 17:28:34,72,59,0,0,64,0,0,0,0,0,0,0,0,0,0,0,0,N,N,N
2012-10-05 00:00:00,Z,V-8,27154047,20378,3,A,12264,10,PYMA00,3399,2012-10-05 17:29:46,2012-10-05 17:29:24,72,59,0,0,64,0,0,0,0,0,0,0,0,0,0,0,0,N,N,N
2012-10-05 00:00:00,Z,V-8,27154047,20378,3,A,12264,11,CBPL00,3980,2012-10-05 17:31:26,2012-10-05 17:30:35,72,59,0,1,63,0,0,0,0,0,1,0,0,0,0,0,0,N,N,N
2012-10-05 00:00:00,Z,V-8,27154047,20378,3,A,12264,12,CBFO00,4174,2012-10-05 17:32:00,2012-10-05 17:31:26,72,59,3,1,65,1,0,2,0,0,1,0,0,0,0,0,0,N,N,N
2012-10-05 00:00:00,Z,V-8,27154047,20378,3,A,12264,13,CARO00,4499,2012-10-05 17:32:48,2012-10-05 17:32:18,72,59,0,7,58,0,2,0,3,0,1,0,1,0,0,0,0,N,N,N
2012-10-05 00:00:00,Z,V-8,27154047,20378,3,A,12264,14,FTAI00,4821,2012-10-05 17:33:35,2012-10-05 17:33:29,72,59,0,2,56,0,0,0,2,0,0,0,0,0,0,0,0,N,N,N
2012-10-05 00:00:00,Z,V-8,27154047,20378,3,A,12264,15,MACH00,5174,2012-10-05 17:34:27,2012-10-05 17:34:40,72,59,2,2,56,0,0,2,1,0,0,0,1,0,0,0,0,N,N,N
2012-10-05 00:00:00,Z,V-8,27154047,20378,3,A,12264,16,NANT00,5544,2012-10-05 17:35:22,2012-10-05 17:35:49,72,59,0,2,54,0,0,0,0,0,0,0,2,0,0,0,0,N,N,N
2012-10-05 00:00:00,Z,V-8,27154047,20378,3,A,12264,17,CLYS00,5950,2012-10-05 17:36:22,2012-10-05 17:36:45,72,59,0,0,54,0,0,0,0,0,0,0,0,0,0,0,0,N,N,N
2012-10-05 00:00:00,Z,V-8,27154047,20378,3,A,12264,18,COLO00,6609,2012-10-05 17:38:00,2012-10-05 17:37:53,72,59,0,4,50,0,1,0,1,0,2,0,0,0,0,0,0,N,N,N
2012-10-05 00:00:00,Z,V-8,27154047,20378,3,A,12264,19,PLNT00,7006,2012-10-05 17:38:53,2012-10-05 17:39:08,72,59,0,0,50,0,0,0,0,0,0,0,0,0,0,0,0,N,N,N
2012-10-05 00:00:00,Z,V-8,27154047,20378,3,A,12264,20,VRLP00,7677,2012-10-05 17:40:23,2012-10-05 17:40:29,72,59,0,3,47,0,0,0,0,0,3,0,0,0,0,0,0,N,N,N
2012-10-05 00:00:00,Z,V-8,27154047,20378,3,A,12264,21,PREL00,8090,2012-10-05 17:41:19,2012-10-05 17:41:38,72,59,0,5,42,0,0,0,2,0,2,0,1,0,0,0,0,N,Y,Y
2012-10-05 00:00:00,Z,V-8,27154047,20378,3,A,12264,22,CXCE00,8540,2012-10-05 17:42:20,2012-10-05 17:42:50,72,59,0,4,38,0,0,0,0,0,3,0,1,0,0,0,0,N,N,N
2012-10-05 00:00:00,Z,V-8,27154047,20378,3,A,12264,23,CXEC00,8927,2012-10-05 17:43:15,2012-10-05 17:44:11,72,59,0,8,30,0,1,0,6,0,0,0,1,0,0,0,0,N,N,N
2012-10-05 00:00:00,Z,V-8,27154047,20378,3,A,12264,24,SCHA00,9220,2012-10-05 17:43:57,2012-10-05 17:45:03,72,59,0,2,28,0,0,0,2,0,0,0,0,0,0,0,0,N,N,N
2012-10-05 00:00:00,Z,V-8,27154047,20378,3,A,12264,25,BOSY01,10069,2012-10-05 17:46:00,2012-10-05 17:46:44,72,59,0,3,25,0,0,0,3,0,0,0,0,0,0,0,0,N,N,N
2012-10-05 00:00:00,Z,V-8,27154047,20378,3,A,12264,26,_BSDNF,11261,2012-10-05 17:48:10,2012-10-05 17:48:55,72,59,0,0,25,0,0,0,0,0,0,0,0,0,0,0,0,N,N,N
2012-10-05 00:00:00,Z,V-8,27154047,20378,3,A,12264,27,BOCH00,12264,2012-10-05 17:50:00,2012-10-05 17:50:11,72,59,0,12,13,0,1,0,9,0,0,0,2,0,0,0,0,N,N,N
2012-10-05 00:00:00,Z,V-8,27154048,20378,8,R,11981,1,BOCH00,0,2012-10-05 17:55:00,2012-10-05 17:55:39,40,42,1,0,1,0,0,0,0,1,0,0,0,0,0,0,0,N,N,N
2012-10-05 00:00:00,Z,V-8,27154048,20378,8,R,11981,2,_BSDNS,1044,2012-10-05 17:57:00,2012-10-05 17:58:12,40,42,0,0,1,0,0,0,0,0,0,0,0,0,0,0,0,N,N,N
2012-10-05 00:00:00,Z,V-8,27154048,20378,8,R,11981,3,BOSY00,2259,2012-10-05 17:59:20,2012-10-05 18:00:59,40,42,3,1,3,0,0,0,0,0,0,3,1,0,0,0,0,N,N,N
2012-10-05 00:00:00,Z,V-8,27154048,20378,8,R,11981,4,SCHA01,3119,2012-10-05 18:01:14,2012-10-05 18:02:46,40,42,0,0,3,0,0,0,0,0,0,0,0,0,0,0,0,N,N,N
2012-10-05 00:00:00,Z,V-8,27154048,20378,8,R,11981,5,CXEC01,3392,2012-10-05 18:01:51,2012-10-05 18:03:30,40,42,5,0,8,1,0,4,0,0,0,0,0,0,0,0,0,N,N,N
2012-10-05 00:00:00,Z,V-8,27154048,20378,8,R,11981,6,CXCE01,3755,2012-10-05 18:02:40,2012-10-05 18:04:47,40,42,1,0,9,0,0,1,0,0,0,0,0,0,0,0,0,N,N,N
2012-10-05 00:00:00,Z,V-8,27154048,20378,8,R,11981,7,PREL01,4113,2012-10-05 18:03:28,2012-10-05 18:05:42,40,42,0,0,9,0,0,0,0,0,0,0,0,0,0,0,0,N,N,N
2012-10-05 00:00:00,Z,V-8,27154048,20378,8,R,11981,8,VRLP01,4615,2012-10-05 18:04:36,2012-10-05 18:06:49,40,42,2,0,11,0,0,0,0,2,0,0,0,0,0,0,0,N,Y,Y
2012-10-05 00:00:00,Z,V-8,27154048,20378,8,R,11981,9,PLNT01,5303,2012-10-05 18:06:09,2012-10-05 18:08:00,40,42,0,0,11,0,0,0,0,0,0,0,0,0,0,0,0,N,N,N
2012-10-05 00:00:00,Z,V-8,27154048,20378,8,R,11981,10,COLO01,5674,2012-10-05 18:07:00,2012-10-05 18:09:10,40,42,6,1,16,2,0,2,0,2,0,0,1,0,0,0,0,N,N,N
2012-10-05 00:00:00,Z,V-8,27154048,20378,8,R,11981,11,CLYS01,6307,2012-10-05 18:08:41,2012-10-05 18:11:13,40,42,1,0,17,1,0,0,0,0,0,0,0,0,0,0,0,N,N,N
2012-10-05 00:00:00,Z,V-8,27154048,20378,8,R,11981,12,NANT01,6764,2012-10-05 18:09:55,2012-10-05 18:12:26,40,42,0,0,17,0,0,0,0,0,0,0,0,0,0,0,0,N,N,N
2012-10-05 00:00:00,Z,V-8,27154048,20378,8,R,11981,13,MACH01,7162,2012-10-05 18:10:59,2012-10-05 18:13:32,40,42,1,1,17,0,1,0,0,1,0,0,0,0,0,0,0,N,N,N
2012-10-05 00:00:00,Z,V-8,27154048,20378,8,R,11981,14,FTAI01,7546,2012-10-05 18:12:01,2012-10-05 18:14:27,40,42,2,0,19,0,0,2,0,0,0,0,0,0,0,0,0,N,N,N
2012-10-05 00:00:00,Z,V-8,27154048,20378,8,R,11981,15,CARO01,7840,2012-10-05 18:12:48,2012-10-05 18:15:23,40,42,3,0,22,0,0,3,0,0,0,0,0,0,0,0,0,N,N,N
2012-10-05 00:00:00,Z,V-8,27154048,20378,8,R,11981,16,CBFO01,8158,2012-10-05 18:13:40,2012-10-05 18:16:19,40,42,6,0,28,0,0,3,0,3,0,0,0,0,0,0,0,N,N,N
2012-10-05 00:00:00,Z,V-8,27154048,20378,8,R,11981,17,CBPL01,8338,2012-10-05 18:14:08,2012-10-05 18:17:04,40,42,0,0,28,0,0,0,0,0,0,0,0,0,0,0,0,N,N,N
2012-10-05 00:00:00,Z,V-8,27154048,20378,8,R,11981,18,PYMA01,8949,2012-10-05 18:15:47,2012-10-05 18:18:26,40,42,2,0,30,0,0,1,0,1,0,0,0,0,0,0,0,N,N,N
2012-10-05 00:00:00,Z,V-8,27154048,20378,8,R,11981,19,PYVI01,9276,2012-10-05 18:16:40,2012-10-05 18:19:15,40,42,0,0,30,0,0,0,0,0,0,0,0,0,0,0,0,N,N,N
2012-10-05 00:00:00,Z,V-8,27154048,20378,8,R,11981,20,PENT01,9556,2012-10-05 18:17:35,2012-10-05 18:19:59,40,42,1,0,31,0,0,1,0,0,0,0,0,0,0,0,0,N,N,N
2012-10-05 00:00:00,Z,V-8,27154048,20378,8,R,11981,21,FENE01,9826,2012-10-05 18:18:28,2012-10-05 18:20:39,40,42,1,0,32,1,0,0,0,0,0,0,0,0,0,0,0,N,N,N
2012-10-05 00:00:00,Z,V-8,27154048,20378,8,R,11981,22,APIA03,10197,2012-10-05 18:19:41,2012-10-05 18:21:36,40,42,1,0,33,0,0,0,0,0,0,1,0,0,0,0,0,N,N,N
2012-10-05 00:00:00,Z,V-8,27154048,20378,8,R,11981,23,NATI14,10798,2012-10-05 18:21:40,2012-10-05 18:24:54,40,42,2,22,13,0,3,2,7,0,10,0,2,0,0,0,0,N,N,N
2012-10-05 00:00:00,Z,V-8,27154048,20378,8,R,11981,24,VRBE02,10997,2012-10-05 18:22:27,2012-10-05 18:26:23,40,42,1,1,13,0,0,0,1,1,0,0,0,0,0,0,0,N,N,N
2012-10-05 00:00:00,Z,V-8,27154048,20378,8,R,11981,25,VLAI01,11497,2012-10-05 18:24:25,2012-10-05 18:27:59,40,42,1,1,13,0,0,0,0,1,0,0,1,0,0,0,0,N,N,N
2012-10-05 00:00:00,Z,V-8,27154048,20378,8,R,11981,26,CVIN22,11981,2012-10-05 18:26:20,2012-10-05 18:29:47,40,42,0,15,0,0,0,0,7,0,5,0,3,0,0,0,0,N,N,N
2012-10-05 00:00:00,V,V-8,27154049,20378,8,A,15766,1,CVIN22,0,2012-10-05 18:35:00,2012-10-05 18:35:15,65,56,15,0,15,3,0,5,0,4,0,3,0,0,0,0,0,N,Y,Y
2012-10-05 00:00:00,V,V-8,27154049,20378,8,A,15766,2,POST00,451,2012-10-05 18:37:27,2012-10-05 18:41:49,65,56,6,1,20,2,1,1,0,2,0,1,0,0,0,0,0,N,N,N
2012-10-05 00:00:00,V,V-8,27154049,20378,8,A,15766,3,VLAI00,832,2012-10-05 18:39:32,2012-10-05 18:42:52,65,56,2,0,22,0,0,2,0,0,0,0,0,0,0,0,0,N,N,N
2012-10-05 00:00:00,V,V-8,27154049,20378,8,A,15766,4,VRBE01,1280,2012-10-05 18:41:59,2012-10-05 18:44:07,65,56,6,0,28,0,0,1,0,4,0,1,0,0,0,0,0,N,N,N
2012-10-05 00:00:00,V,V-8,27154049,20378,8,A,15766,5,NATI15,1465,2012-10-05 18:43:00,2012-10-05 18:46:42,65,56,28,3,53,5,2,17,1,6,0,0,0,0,0,0,0,N,N,N
2012-10-05 00:00:00,V,V-8,27154049,20378,8,A,15766,6,APIA02,2123,2012-10-05 18:45:16,2012-10-05 18:48:25,65,56,0,1,52,0,0,0,1,0,0,0,0,0,0,0,0,N,N,N
2012-10-05 00:00:00,V,V-8,27154049,20378,8,A,15766,7,FENE00,2490,2012-10-05 18:46:31,2012-10-05 18:49:25,65,56,0,0,52,0,0,0,0,0,0,0,0,0,0,0,0,N,N,N
2012-10-05 00:00:00,V,V-8,27154049,20378,8,A,15766,8,PENT00,2746,2012-10-05 18:47:24,2012-10-05 18:49:59,65,56,0,0,52,0,0,0,0,0,0,0,0,0,0,0,0,N,N,N
2012-10-05 00:00:00,V,V-8,27154049,20378,8,A,15766,9,PYVI00,3013,2012-10-05 18:48:20,2012-10-05 18:50:34,65,56,0,1,51,0,0,0,1,0,0,0,0,0,0,0,0,N,N,N
2012-10-05 00:00:00,V,V-8,27154049,20378,8,A,15766,10,PYMA00,3399,2012-10-05 18:49:26,2012-10-05 18:51:33,65,56,0,1,50,0,0,0,1,0,0,0,0,0,0,0,0,N,N,N
2012-10-05 00:00:00,V,V-8,27154049,20378,8,A,15766,11,CBPL00,3980,2012-10-05 18:51:06,2012-10-05 18:52:42,65,56,0,0,50,0,0,0,0,0,0,0,0,0,0,0,0,N,N,N
2012-10-05 00:00:00,V,V-8,27154049,20378,8,A,15766,12,CBFO00,4174,2012-10-05 18:51:40,2012-10-05 18:53:29,65,56,1,6,45,0,1,1,2,0,2,0,1,0,0,0,0,N,N,N
2012-10-05 00:00:00,V,V-8,27154049,20378,8,A,15766,13,CARO00,4499,2012-10-05 18:52:28,2012-10-05 18:54:19,65,56,0,4,41,0,0,0,1,0,1,0,2,0,0,0,0,N,N,N
2012-10-05 00:00:00,V,V-8,27154049,20378,8,A,15766,14,FTAI00,4821,2012-10-05 18:53:15,2012-10-05 18:55:14,65,56,0,1,40,0,0,0,1,0,0,0,0,0,0,0,0,N,N,N
2012-10-05 00:00:00,V,V-8,27154049,20378,8,A,15766,15,MACH00,5174,2012-10-05 18:54:07,2012-10-05 18:56:07,65,56,0,3,37,0,0,0,2,0,0,0,1,0,0,0,0,N,N,N
2012-10-05 00:00:00,V,V-8,27154049,20378,8,A,15766,16,NANT00,5544,2012-10-05 18:55:02,2012-10-05 18:57:21,65,56,0,5,32,0,2,0,1,0,1,0,1,0,0,0,0,N,N,N
2012-10-05 00:00:00,V,V-8,27154049,20378,8,A,15766,17,CLYS00,5950,2012-10-05 18:56:02,2012-10-05 18:58:24,65,56,0,0,32,0,0,0,0,0,0,0,0,0,0,0,0,N,N,N
2012-10-05 00:00:00,V,V-8,27154049,20378,8,A,15766,18,COLO00,6609,2012-10-05 18:57:40,2012-10-05 18:59:21,65,56,0,1,31,0,0,0,1,0,0,0,0,0,0,0,0,N,N,N
2012-10-05 00:00:00,V,V-8,27154049,20378,8,A,15766,19,CHTS00,6962,2012-10-05 18:58:29,2012-10-05 18:59:56,65,56,0,0,31,0,0,0,0,0,0,0,0,0,0,0,0,N,N,N
2012-10-05 00:00:00,V,V-8,27154049,20378,8,A,15766,20,VVRA00,7358,2012-10-05 18:59:24,2012-10-05 19:00:32,65,56,0,2,29,0,2,0,0,0,0,0,0,0,0,0,0,N,N,N
2012-10-05 00:00:00,V,V-8,27154049,20378,8,A,15766,21,VXVV00,7897,2012-10-05 19:00:39,2012-10-05 19:01:49,65,56,0,2,27,0,0,0,1,0,0,0,1,0,0,0,0,N,N,N
2012-10-05 00:00:00,V,V-8,27154049,20378,8,A,15766,22,CNAE00,8277,2012-10-05 19:01:32,2012-10-05 19:02:44,65,56,0,1,26,0,0,0,0,0,1,0,0,0,0,0,0,N,N,N
2012-10-05 00:00:00,V,V-8,27154049,20378,8,A,15766,23,GEBE00,8620,2012-10-05 19:02:20,2012-10-05 19:03:43,65,56,1,0,27,0,0,0,0,0,0,1,0,0,0,0,0,N,N,N
2012-10-05 00:00:00,V,V-8,27154049,20378,8,A,15766,24,SAGY00,9131,2012-10-05 19:03:27,2012-10-05 19:04:27,65,56,0,0,27,0,0,0,0,0,0,0,0,0,0,0,0,N,N,N
2012-10-05 00:00:00,V,V-8,27154049,20378,8,A,15766,25,GTVI00,9834,2012-10-05 19:05:00,2012-10-05 19:06:26,65,56,0,3,24,0,0,0,3,0,0,0,0,0,0,0,0,N,N,N
2012-10-05 00:00:00,V,V-8,27154049,20378,8,A,15766,26,PRLA00,10324,2012-10-05 19:06:21,2012-10-05 19:07:38,65,56,0,1,23,0,0,0,1,0,0,0,0,0,0,0,0,N,N,N
2012-10-05 00:00:00,V,V-8,27154049,20378,8,A,15766,27,MLGN00,10555,2012-10-05 19:06:59,2012-10-05 19:08:09,65,56,0,0,23,0,0,0,0,0,0,0,0,0,0,0,0,N,N,N
2012-10-05 00:00:00,V,V-8,27154049,20378,8,A,15766,28,FAYA00,11161,2012-10-05 19:08:39,2012-10-05 19:09:43,65,56,2,9,16,0,0,1,3,0,4,1,2,0,0,0,0,N,N,N
2012-10-05 00:00:00,V,V-8,27154049,20378,8,A,15766,29,ENVE00,11524,2012-10-05 19:09:40,2012-10-05 19:11:05,65,56,0,0,16,0,0,0,0,0,0,0,0,0,0,0,0,N,N,N
2012-10-05 00:00:00,V,V-8,27154049,20378,8,A,15766,30,VXBO00,11856,2012-10-05 19:10:55,2012-10-05 19:12:23,65,56,0,1,15,0,0,0,0,0,0,0,1,0,0,0,0,N,N,N
2012-10-05 00:00:00,V,V-8,27154049,20378,8,A,15766,31,VXGA00,12320,2012-10-05 19:12:40,2012-10-05 19:13:45,65,56,0,4,11,0,0,0,0,0,2,0,2,0,0,0,0,N,N,N
2012-10-05 00:00:00,V,V-8,27154049,20378,8,A,15766,32,ALCH00,12782,2012-10-05 19:13:57,2012-10-05 19:14:48,65,56,1,3,9,0,1,0,0,1,2,0,0,0,0,0,0,N,N,N
2012-10-05 00:00:00,V,V-8,27154049,20378,8,A,15766,33,AMAR00,13135,2012-10-05 19:14:56,2012-10-05 19:16:35,65,56,1,1,9,0,0,1,0,0,1,0,0,0,0,0,0,N,N,N
2012-10-05 00:00:00,V,V-8,27154049,20378,8,A,15766,34,PCEA00,13575,2012-10-05 19:16:10,2012-10-05 19:18:12,65,56,1,0,10,0,0,1,0,0,0,0,0,0,0,0,0,N,N,N
2012-10-05 00:00:00,V,V-8,27154049,20378,8,A,15766,35,POCH00,14010,2012-10-05 19:17:22,2012-10-05 19:19:25,65,56,0,0,10,0,0,0,0,0,0,0,0,0,0,0,0,N,N,N
2012-10-05 00:00:00,V,V-8,27154049,20378,8,A,15766,36,MTFL00,14409,2012-10-05 19:18:29,2012-10-05 19:21:54,65,56,1,2,9,0,0,1,2,0,0,0,0,0,0,0,0,N,N,N
2012-10-05 00:00:00,V,V-8,27154049,20378,8,A,15766,37,ECOG00,15187,2012-10-05 19:20:40,2012-10-05 19:23:38,65,56,0,0,9,0,0,0,0,0,0,0,0,0,0,0,0,N,N,N
2012-10-05 00:00:00,V,V-8,27154049,20378,8,A,15766,38,CSLB01,15766,2012-10-05 19:21:40,2012-10-05 19:25:32,65,56,0,0,9,0,0,0,0,0,0,0,0,0,0,0,0,N,N,N
2012-10-05 00:00:00,V,V-8,27154050,20378,9,R,15484,1,CSLB01,0,2012-10-05 19:45:00,2012-10-05 19:31:20,0,0,0,0,0,0,0,0,0,0,0,0,0,0,0,0,0,N,N,N
2012-10-05 00:00:00,Z,Z-14,27154322,20378,9,R,9722,1,BOSY00,0,2012-10-05 07:03:00,2012-10-05 07:04:49,70,66,3,0,3,0,0,2,0,1,0,0,0,0,0,0,0,N,N,N
2012-10-05 00:00:00,Z,Z-14,27154322,20378,9,R,9722,2,SCHA01,860,2012-10-05 07:05:06,2012-10-05 07:06:02,70,66,0,0,3,0,0,0,0,0,0,0,0,0,0,0,0,N,N,N
2012-10-05 00:00:00,Z,Z-14,27154322,20378,9,R,9722,3,CXEC01,1133,2012-10-05 07:05:46,2012-10-05 07:06:55,70,66,11,0,14,0,0,8,0,2,0,1,0,0,0,0,0,N,N,N
2012-10-05 00:00:00,Z,Z-14,27154322,20378,9,R,9722,4,CXCE01,1496,2012-10-05 07:06:40,2012-10-05 07:08:06,70,66,1,0,15,0,0,1,0,0,0,0,0,0,0,0,0,N,N,N
2012-10-05 00:00:00,Z,Z-14,27154322,20378,9,R,9722,5,PREL01,1854,2012-10-05 07:07:32,2012-10-05 07:09:14,70,66,2,0,17,0,0,1,0,1,0,0,0,0,0,0,0,N,N,N
2012-10-05 00:00:00,Z,Z-14,27154322,20378,9,R,9722,6,VRLP01,2356,,2012-10-05 07:10:30,70,66,1,0,18,0,0,1,0,0,0,0,0,0,0,0,0,N,Y,Y
2012-10-05 00:00:00,Z,Z-14,27154322,20378,9,R,9722,7,PLNT01,3044,2012-10-05 07:10:25,2012-10-05 07:11:58,70,66,1,0,19,0,0,1,0,0,0,0,0,0,0,0,0,N,N,N
2012-10-05 00:00:00,Z,Z-14,27154322,20378,9,R,9722,8,COLO01,3415,2012-10-05 07:11:20,2012-10-05 07:13:18,70,66,20,0,39,0,0,5,0,8,0,7,0,0,0,0,0,N,N,N
2012-10-05 00:00:00,Z,Z-14,27154322,20378,9,R,9722,9,CLYS01,4048,2012-10-05 07:13:01,2012-10-05 07:14:47,70,66,0,0,39,0,0,0,0,0,0,0,0,0,0,0,0,N,N,N
2012-10-05 00:00:00,Z,Z-14,27154322,20378,9,R,9722,10,NANT01,4505,2012-10-05 07:14:15,2012-10-05 07:15:41,70,66,2,0,41,0,0,0,0,1,0,1,0,0,0,0,0,N,N,N
2012-10-05 00:00:00,Z,Z-14,27154322,20378,9,R,9722,11,MACH01,4903,2012-10-05 07:15:19,2012-10-05 07:17:01,70,66,2,10,33,0,0,0,0,1,6,1,4,0,0,0,0,N,N,N
2012-10-05 00:00:00,Z,Z-14,27154322,20378,9,R,9722,12,FTAI01,5287,2012-10-05 07:16:21,2012-10-05 07:18:00,70,66,4,0,37,0,0,2,0,0,0,2,0,0,0,0,0,N,N,N
2012-10-05 00:00:00,Z,Z-14,27154322,20378,9,R,9722,13,CARO01,5581,2012-10-05 07:17:08,2012-10-05 07:19:24,70,66,6,0,43,0,0,3,0,1,0,2,0,0,0,0,0,N,N,N
2012-10-05 00:00:00,Z,Z-14,27154322,20378,9,R,9722,14,CBFO01,5899,2012-10-05 07:18:00,2012-10-05 07:20:24,70,66,5,0,48,0,0,5,0,0,0,0,0,0,0,0,0,N,N,N
2012-10-05 00:00:00,Z,Z-14,27154322,20378,9,R,9722,15,CBPL01,6079,2012-10-05 07:18:28,2012-10-05 07:21:19,70,66,4,0,52,0,0,4,0,0,0,0,0,0,0,0,0,N,N,N
2012-10-05 00:00:00,Z,Z-14,27154322,20378,9,R,9722,16,PYMA01,6690,2012-10-05 07:20:07,2012-10-05 07:22:38,70,66,2,0,54,0,0,0,0,2,0,0,0,0,0,0,0,N,N,N
2012-10-05 00:00:00,Z,Z-14,27154322,20378,9,R,9722,17,PYVI01,7017,2012-10-05 07:21:00,2012-10-05 07:23:35,70,66,2,0,56,0,0,0,0,2,0,0,0,0,0,0,0,N,N,N
2012-10-05 00:00:00,Z,Z-14,27154322,20378,9,R,9722,18,PENT01,7297,2012-10-05 07:21:44,2012-10-05 07:24:13,70,66,0,0,56,0,0,0,0,0,0,0,0,0,0,0,0,N,N,N
2012-10-05 00:00:00,Z,Z-14,27154322,20378,9,R,9722,19,FENE01,7567,2012-10-05 07:22:26,2012-10-05 07:24:38,70,66,0,0,56,0,0,0,0,0,0,0,0,0,0,0,0,N,N,N
2012-10-05 00:00:00,Z,Z-14,27154322,20378,9,R,9722,20,APIA03,7938,2012-10-05 07:23:25,2012-10-05 07:25:40,70,66,1,6,51,0,0,1,4,0,2,0,0,0,0,0,0,N,N,N
2012-10-05 00:00:00,Z,Z-14,27154322,20378,9,R,9722,21,NATI14,8539,2012-10-05 07:25:00,2012-10-05 07:29:40,70,66,2,32,21,0,4,0,14,2,11,0,3,0,0,0,0,N,N,N
2012-10-05 00:00:00,Z,Z-14,27154322,20378,9,R,9722,22,VRBE02,8738,2012-10-05 07:25:40,2012-10-05 07:31:56,70,66,1,1,21,0,0,1,0,0,0,0,1,0,0,0,0,N,N,N
2012-10-05 00:00:00,Z,Z-14,27154322,20378,9,R,9722,23,VLAI01,9238,2012-10-05 07:27:21,2012-10-05 07:33:01,70,66,0,0,21,0,0,0,0,0,0,0,0,0,0,0,0,N,N,N
2012-10-05 00:00:00,Z,Z-14,27154322,20378,9,R,9722,24,CVIN22,9722,2012-10-05 07:29:00,2012-10-05 07:34:02,70,66,0,17,4,0,1,0,11,0,3,0,2,0,0,0,0,N,N,N
2012-10-05 00:00:00,Z,Z-14,27154323,20378,3,A,12264,1,CVIN22,0,2012-10-05 07:35:00,2012-10-05 07:35:02,39,35,9,0,9,2,0,3,0,4,0,0,0,0,0,0,0,N,N,N
2012-10-05 00:00:00,Z,Z-14,27154323,20378,3,A,12264,2,POST00,451,2012-10-05 07:37:09,2012-10-05 07:37:31,39,35,6,0,15,0,0,2,0,3,0,1,0,0,0,0,0,N,N,N
2012-10-05 00:00:00,Z,Z-14,27154323,20378,3,A,12264,3,VLAI00,832,2012-10-05 07:38:58,2012-10-05 07:38:24,39,35,0,0,15,0,0,0,0,0,0,0,0,0,0,0,0,N,N,N
2012-10-05 00:00:00,Z,Z-14,27154323,20378,3,A,12264,4,VRBE01,1280,2012-10-05 07:41:06,2012-10-05 07:39:38,39,35,3,1,17,0,0,0,0,3,0,0,1,0,0,0,0,N,N,N
2012-10-05 00:00:00,Z,Z-14,27154323,20378,3,A,12264,5,NATI15,1465,2012-10-05 07:42:00,2012-10-05 07:42:09,39,35,17,0,34,2,0,10,0,4,0,1,0,0,0,0,0,N,N,N
2012-10-05 00:00:00,Z,Z-14,27154323,20378,3,A,12264,6,APIA02,2123,2012-10-05 07:44:16,2012-10-05 07:46:03,39,35,0,2,32,0,2,0,0,0,0,0,0,0,0,0,0,N,N,N
2012-10-05 00:00:00,Z,Z-14,27154323,20378,3,A,12264,7,FENE00,2490,2012-10-05 07:45:31,2012-10-05 07:46:58,39,35,0,0,32,0,0,0,0,0,0,0,0,0,0,0,0,N,N,N
2012-10-05 00:00:00,Z,Z-14,27154323,20378,3,A,12264,8,PENT00,2746,2012-10-05 07:46:24,2012-10-05 07:47:36,39,35,0,5,27,0,1,0,3,0,1,0,0,0,0,0,0,N,N,N
2012-10-05 00:00:00,Z,Z-14,27154323,20378,3,A,12264,9,PYVI00,3013,2012-10-05 07:47:20,2012-10-05 07:48:24,39,35,0,1,26,0,0,0,1,0,0,0,0,0,0,0,0,N,N,N
2012-10-05 00:00:00,Z,Z-14,27154323,20378,3,A,12264,10,PYMA00,3399,2012-10-05 07:48:33,2012-10-05 07:49:17,39,35,0,0,26,0,0,0,0,0,0,0,0,0,0,0,0,N,N,N
2012-10-05 00:00:00,Z,Z-14,27154323,20378,3,A,12264,11,CBPL00,3980,2012-10-05 07:50:23,2012-10-05 07:50:41,39,35,1,1,26,0,0,1,0,0,1,0,0,0,0,0,0,N,N,N
2012-10-05 00:00:00,Z,Z-14,27154323,20378,3,A,12264,12,CBFO00,4174,2012-10-05 07:51:00,2012-10-05 07:51:28,39,35,1,2,25,0,0,0,1,0,1,1,0,0,0,0,0,N,N,N
2012-10-05 00:00:00,Z,Z-14,27154323,20378,3,A,12264,13,CARO00,4499,2012-10-05 07:51:45,2012-10-05 07:52:47,39,35,0,6,19,0,0,0,2,0,2,0,2,0,0,0,0,N,N,N
2012-10-05 00:00:00,Z,Z-14,27154323,20378,3,A,12264,14,FTAI00,4821,2012-10-05 07:52:30,2012-10-05 07:53:49,39,35,0,2,17,0,1,0,1,0,0,0,0,0,0,0,0,N,N,N
2012-10-05 00:00:00,Z,Z-14,27154323,20378,3,A,12264,15,MACH00,5174,2012-10-05 07:53:19,2012-10-05 07:54:49,39,35,1,1,17,1,0,0,1,0,0,0,0,0,0,0,0,N,N,N
2012-10-05 00:00:00,Z,Z-14,27154323,20378,3,A,12264,16,NANT00,5544,2012-10-05 07:54:11,2012-10-05 07:56:01,39,35,0,0,17,0,0,0,0,0,0,0,0,0,0,0,0,N,N,N
2012-10-05 00:00:00,Z,Z-14,27154323,20378,3,A,12264,17,CLYS00,5950,2012-10-05 07:55:07,2012-10-05 07:57:01,39,35,0,0,17,0,0,0,0,0,0,0,0,0,0,0,0,N,N,N
2012-10-05 00:00:00,Z,Z-14,27154323,20378,3,A,12264,18,COLO00,6609,2012-10-05 07:56:40,2012-10-05 07:58:05,39,35,1,2,16,0,0,1,0,0,0,0,2,0,0,0,0,N,N,N
2012-10-05 00:00:00,Z,Z-14,27154323,20378,3,A,12264,19,PLNT00,7006,2012-10-05 07:57:25,2012-10-05 07:58:49,39,35,0,0,16,0,0,0,0,0,0,0,0,0,0,0,0,N,N,N
2012-10-05 00:00:00,Z,Z-14,27154323,20378,3,A,12264,20,VRLP00,7677,2012-10-05 07:58:41,2012-10-05 08:00:03,39,35,0,0,16,0,0,0,0,0,0,0,0,0,0,0,0,N,N,N
2012-10-05 00:00:00,Z,Z-14,27154323,20378,3,A,12264,21,PREL00,8090,2012-10-05 07:59:28,2012-10-05 08:01:03,39,35,0,1,15,0,0,0,1,0,0,0,0,0,0,0,0,N,N,N
2012-10-05 00:00:00,Z,Z-14,27154323,20378,3,A,12264,22,CXCE00,8540,2012-10-05 08:00:20,2012-10-05 08:02:25,39,35,0,1,14,0,0,0,1,0,0,0,0,0,0,0,0,N,N,N
2012-10-05 00:00:00,Z,Z-14,27154323,20378,3,A,12264,23,CXEC00,8927,2012-10-05 08:01:15,2012-10-05 08:03:41,39,35,0,4,10,0,0,0,2,0,2,0,0,0,0,0,0,N,N,N
2012-10-05 00:00:00,Z,Z-14,27154323,20378,3,A,12264,24,SCHA00,9220,2012-10-05 08:01:57,2012-10-05 08:04:11,39,35,0,0,10,0,0,0,0,0,0,0,0,0,0,0,0,N,N,N
2012-10-05 00:00:00,Z,Z-14,27154323,20378,3,A,12264,25,BOSY01,10069,2012-10-05 08:04:00,2012-10-05 08:05:37,39,35,0,6,4,0,2,0,0,0,3,0,1,0,0,0,0,N,N,N
2012-10-05 00:00:00,Z,Z-14,27154323,20378,3,A,12264,26,_BSDNF,11261,2012-10-05 08:06:10,2012-10-05 08:07:44,39,35,0,0,4,0,0,0,0,0,0,0,0,0,0,0,0,N,N,N
2012-10-05 00:00:00,Z,Z-14,27154323,20378,3,A,12264,27,BOCH00,12264,2012-10-05 08:08:00,2012-10-05 08:08:55,39,35,0,0,4,0,0,0,0,0,0,0,0,0,0,0,0,N,N,N
2012-10-05 00:00:00,Z,Z-14,27154324,20378,8,R,11981,1,BOCH00,0,2012-10-05 08:12:00,2012-10-05 08:12:12,55,39,13,0,13,3,0,7,0,1,0,2,0,0,0,0,0,N,N,N
2012-10-05 00:00:00,Z,Z-14,27154324,20378,8,R,11981,2,_BSDNS,1044,2012-10-05 08:14:00,2012-10-05 08:15:08,55,39,0,0,13,0,0,0,0,0,0,0,0,0,0,0,0,N,N,N
2012-10-05 00:00:00,Z,Z-14,27154324,20378,8,R,11981,3,BOSY00,2259,2012-10-05 08:16:20,2012-10-05 08:17:10,55,39,0,0,13,0,0,0,0,0,0,0,0,0,0,0,0,N,N,N
2012-10-05 00:00:00,Z,Z-14,27154324,20378,8,R,11981,4,SCHA01,3119,2012-10-05 08:18:26,2012-10-05 08:18:48,55,39,1,0,14,0,0,1,0,0,0,0,0,0,0,0,0,N,N,N
2012-10-05 00:00:00,Z,Z-14,27154324,20378,8,R,11981,5,CXEC01,3392,2012-10-05 08:19:06,2012-10-05 08:19:56,55,39,8,0,22,1,0,6,0,1,0,0,0,0,0,0,0,N,N,N
2012-10-05 00:00:00,Z,Z-14,27154324,20378,8,R,11981,6,CXCE01,3755,2012-10-05 08:20:00,2012-10-05 08:21:13,55,39,2,0,24,0,0,1,0,1,0,0,0,0,0,0,0,N,N,N
2012-10-05 00:00:00,Z,Z-14,27154324,20378,8,R,11981,7,PREL01,4113,2012-10-05 08:20:52,2012-10-05 08:22:18,55,39,2,0,26,0,0,2,0,0,0,0,0,0,0,0,0,N,N,N
2012-10-05 00:00:00,Z,Z-14,27154324,20378,8,R,11981,8,VRLP01,4615,,2012-10-05 08:23:56,55,39,7,0,33,2,0,2,0,3,0,0,0,0,0,0,0,N,Y,Y
2012-10-05 00:00:00,Z,Z-14,27154324,20378,8,R,11981,9,PLNT01,5303,2012-10-05 08:23:45,2012-10-05 08:25:21,55,39,0,0,33,0,0,0,0,0,0,0,0,0,0,0,0,N,N,N
2012-10-05 00:00:00,Z,Z-14,27154324,20378,8,R,11981,10,COLO01,5674,2012-10-05 08:24:40,2012-10-05 08:26:25,55,39,7,1,39,0,0,5,1,2,0,0,0,0,0,0,0,N,N,N
2012-10-05 00:00:00,Z,Z-14,27154324,20378,8,R,11981,11,CLYS01,6307,2012-10-05 08:26:37,2012-10-05 08:29:08,55,39,0,0,39,0,0,0,0,0,0,0,0,0,0,0,0,N,N,N
2012-10-05 00:00:00,Z,Z-14,27154324,20378,8,R,11981,12,NANT01,6764,2012-10-05 08:28:01,2012-10-05 08:30:50,55,39,5,0,44,0,0,2,0,2,0,1,0,0,0,0,0,N,N,N
2012-10-05 00:00:00,Z,Z-14,27154324,20378,8,R,11981,13,MACH01,7162,2012-10-05 08:29:15,2012-10-05 08:32:01,55,39,1,1,44,0,0,0,1,0,0,1,0,0,0,0,0,N,N,N
2012-10-05 00:00:00,Z,Z-14,27154324,20378,8,R,11981,14,FTAI01,7546,2012-10-05 08:30:26,2012-10-05 08:33:09,55,39,2,0,46,0,0,0,0,0,0,2,0,0,0,0,0,N,N,N
2012-10-05 00:00:00,Z,Z-14,27154324,20378,8,R,11981,15,CARO01,7840,2012-10-05 08:31:21,2012-10-05 08:34:04,55,39,3,0,49,0,0,2,0,0,0,1,0,0,0,0,0,N,N,N
2012-10-05 00:00:00,Z,Z-14,27154324,20378,8,R,11981,16,CBFO01,8158,2012-10-05 08:32:20,2012-10-05 08:35:11,55,39,1,2,48,0,0,1,0,0,2,0,0,0,0,0,0,N,N,N
2012-10-05 00:00:00,Z,Z-14,27154324,20378,8,R,11981,17,CBPL01,8338,2012-10-05 08:32:48,2012-10-05 08:35:52,55,39,0,0,48,0,0,0,0,0,0,0,0,0,0,0,0,N,N,N
2012-10-05 00:00:00,Z,Z-14,27154324,20378,8,R,11981,18,PYMA01,8949,2012-10-05 08:34:27,2012-10-05 08:37:01,55,39,0,0,48,0,0,0,0,0,0,0,0,0,0,0,0,N,N,N
2012-10-05 00:00:00,Z,Z-14,27154324,20378,8,R,11981,19,PYVI01,9276,2012-10-05 08:35:20,2012-10-05 08:37:47,55,39,0,0,48,0,0,0,0,0,0,0,0,0,0,0,0,N,N,N
2012-10-05 00:00:00,Z,Z-14,27154324,20378,8,R,11981,20,PENT01,9556,2012-10-05 08:36:07,2012-10-05 08:38:51,55,39,1,4,45,0,0,1,2,0,2,0,0,0,0,0,0,N,N,N
2012-10-05 00:00:00,Z,Z-14,27154324,20378,8,R,11981,21,FENE01,9826,2012-10-05 08:36:53,2012-10-05 08:39:41,55,39,2,0,47,0,0,2,0,0,0,0,0,0,0,0,0,N,N,N
2012-10-05 00:00:00,Z,Z-14,27154324,20378,8,R,11981,22,APIA03,10197,2012-10-05 08:37:57,2012-10-05 08:40:40,55,39,0,9,38,0,1,0,4,0,3,0,1,0,0,0,0,N,N,N
2012-10-05 00:00:00,Z,Z-14,27154324,20378,8,R,11981,23,NATI14,10798,2012-10-05 08:39:40,2012-10-05 08:44:26,55,39,0,18,20,0,2,0,5,0,7,0,4,0,0,0,0,N,N,N
2012-10-05 00:00:00,Z,Z-14,27154324,20378,8,R,11981,24,VRBE02,10997,2012-10-05 08:40:23,2012-10-05 08:46:49,55,39,0,2,18,0,0,0,2,0,0,0,0,0,0,0,0,N,N,N
2012-10-05 00:00:00,Z,Z-14,27154324,20378,8,R,11981,25,VLAI01,11497,2012-10-05 08:42:13,2012-10-05 08:47:59,55,39,0,0,18,0,0,0,0,0,0,0,0,0,0,0,0,N,N,N
2012-10-05 00:00:00,Z,Z-14,27154324,20378,8,R,11981,26,CVIN22,11981,2012-10-05 08:44:00,2012-10-05 08:49:34,55,39,0,2,16,0,1,0,0,0,0,0,1,0,0,0,0,N,N,N
2012-10-05 00:00:00,Z,Z-14,27154325,20378,4,A,10163,1,CVIN22,0,2012-10-05 09:00:00,2012-10-05 09:00:42,28,29,13,0,13,6,0,3,0,2,0,2,0,0,0,0,0,N,Y,Y
2012-10-05 00:00:00,Z,Z-14,27154325,20378,4,A,10163,2,POST00,451,2012-10-05 09:02:21,2012-10-05 09:03:08,28,29,5,0,18,0,0,3,0,2,0,0,0,0,0,0,0,N,N,N
2012-10-05 00:00:00,Z,Z-14,27154325,20378,4,A,10163,3,VLAI00,832,2012-10-05 09:04:21,2012-10-05 09:04:12,28,29,0,1,17,0,1,0,0,0,0,0,0,0,0,0,0,N,N,N
2012-10-05 00:00:00,Z,Z-14,27154325,20378,4,A,10163,4,VRBE01,1280,2012-10-05 09:06:41,2012-10-05 09:05:48,28,29,0,0,17,0,0,0,0,0,0,0,0,0,0,0,0,N,N,N
2012-10-05 00:00:00,Z,Z-14,27154325,20378,4,A,10163,5,NATI15,1465,2012-10-05 09:07:40,2012-10-05 09:07:53,28,29,8,1,24,0,0,5,0,2,1,1,0,0,0,0,0,N,N,N
2012-10-05 00:00:00,Z,Z-14,27154325,20378,4,A,10163,6,APIA02,2123,2012-10-05 09:10:13,2012-10-05 09:10:45,28,29,2,5,21,0,1,2,3,0,0,0,1,0,0,0,0,N,N,N
2012-10-05 00:00:00,Z,Z-14,27154325,20378,4,A,10163,7,FENE00,2490,2012-10-05 09:11:38,2012-10-05 09:11:38,28,29,0,0,21,0,0,0,0,0,0,0,0,0,0,0,0,N,N,N
2012-10-05 00:00:00,Z,Z-14,27154325,20378,4,A,10163,8,PENT00,2746,2012-10-05 09:12:37,2012-10-05 09:12:23,28,29,0,3,18,0,1,0,1,0,1,0,0,0,0,0,0,N,N,N
2012-10-05 00:00:00,Z,Z-14,27154325,20378,4,A,10163,9,PYVI00,3013,2012-10-05 09:13:40,2012-10-05 09:13:09,28,29,0,2,16,0,0,0,1,0,1,0,0,0,0,0,0,N,N,N
2012-10-05 00:00:00,Z,Z-14,27154325,20378,4,A,10163,10,PYMA00,3399,2012-10-05 09:14:46,2012-10-05 09:14:35,28,29,0,4,12,0,0,0,2,0,0,0,2,0,0,0,0,N,N,N
2012-10-05 00:00:00,Z,Z-14,27154325,20378,4,A,10163,11,CBPL00,3980,2012-10-05 09:16:26,2012-10-05 09:16:27,28,29,0,3,9,0,0,0,2,0,1,0,0,0,0,0,0,N,N,N
2012-10-05 00:00:00,Z,Z-14,27154325,20378,4,A,10163,12,CBFO00,4174,2012-10-05 09:17:00,2012-10-05 09:17:01,28,29,0,0,9,0,0,0,0,0,0,0,0,0,0,0,0,N,N,N
2012-10-05 00:00:00,Z,Z-14,27154325,20378,4,A,10163,13,CARO00,4499,2012-10-05 09:17:45,2012-10-05 09:17:58,28,29,0,2,7,0,0,0,0,0,1,0,1,0,0,0,0,N,N,N
2012-10-05 00:00:00,Z,Z-14,27154325,20378,4,A,10163,14,FTAI00,4821,2012-10-05 09:18:30,2012-10-05 09:18:53,28,29,0,1,6,0,0,0,1,0,0,0,0,0,0,0,0,N,N,N
2012-10-05 00:00:00,Z,Z-14,27154325,20378,4,A,10163,15,MACH00,5174,2012-10-05 09:19:19,2012-10-05 09:19:36,28,29,0,0,6,0,0,0,0,0,0,0,0,0,0,0,0,N,N,N
2012-10-05 00:00:00,Z,Z-14,27154325,20378,4,A,10163,16,NANT00,5544,2012-10-05 09:20:11,2012-10-05 09:20:31,28,29,0,0,6,0,0,0,0,0,0,0,0,0,0,0,0,N,N,N
2012-10-05 00:00:00,Z,Z-14,27154325,20378,4,A,10163,17,CLYS00,5950,2012-10-05 09:21:07,2012-10-05 09:21:16,28,29,0,0,6,0,0,0,0,0,0,0,0,0,0,0,0,N,N,N
2012-10-05 00:00:00,Z,Z-14,27154325,20378,4,A,10163,18,COLO00,6609,2012-10-05 09:22:40,2012-10-05 09:22:09,28,29,0,0,6,0,0,0,0,0,0,0,0,0,0,0,0,N,N,N
2012-10-05 00:00:00,Z,Z-14,27154325,20378,4,A,10163,19,PLNT00,7006,2012-10-05 09:23:29,2012-10-05 09:22:59,28,29,0,0,6,0,0,0,0,0,0,0,0,0,0,0,0,N,N,N
2012-10-05 00:00:00,Z,Z-14,27154325,20378,4,A,10163,20,VRLP00,7677,2012-10-05 09:24:52,2012-10-05 09:24:13,28,29,0,1,5,0,1,0,0,0,0,0,0,0,0,0,0,N,N,N
2012-10-05 00:00:00,Z,Z-14,27154325,20378,4,A,10163,21,PREL00,8090,2012-10-05 09:25:44,2012-10-05 09:25:13,28,29,0,2,3,0,0,0,0,0,0,0,2,0,0,0,0,N,Y,Y
2012-10-05 00:00:00,Z,Z-14,27154325,20378,4,A,10163,22,CXCE00,8540,2012-10-05 09:26:40,2012-10-05 09:26:26,28,29,0,1,2,0,0,0,1,0,0,0,0,0,0,0,0,N,N,N
2012-10-05 00:00:00,Z,Z-14,27154325,20378,4,A,10163,23,CXEC00,8927,2012-10-05 09:27:22,2012-10-05 09:27:40,28,29,0,0,2,0,0,0,0,0,0,0,0,0,0,0,0,N,N,N
2012-10-05 00:00:00,Z,Z-14,27154325,20378,4,A,10163,24,SCHA00,9220,2012-10-05 09:27:55,2012-10-05 09:28:10,28,29,0,0,2,0,0,0,0,0,0,0,0,0,0,0,0,N,N,N
2012-10-05 00:00:00,Z,Z-14,27154325,20378,4,A,10163,25,BOSY00,10163,2012-10-05 09:29:40,2012-10-05 09:29:31,28,29,0,3,0,0,0,0,2,0,1,0,0,0,0,0,0,N,N,N
2012-10-05 00:00:00,Z,Z-14,27154326,20378,9,R,9722,1,BOSY00,0,2012-10-05 09:41:00,2012-10-05 09:41:15,33,31,3,0,3,1,0,0,0,1,0,1,0,0,0,0,0,N,N,N
2012-10-05 00:00:00,Z,Z-14,27154326,20378,9,R,9722,2,SCHA01,860,2012-10-05 09:43:06,2012-10-05 09:42:44,33,31,0,0,3,0,0,0,0,0,0,0,0,0,0,0,0,N,N,N
2012-10-05 00:00:00,Z,Z-14,27154326,20378,9,R,9722,3,CXEC01,1133,2012-10-05 09:43:46,2012-10-05 09:43:43,33,31,7,0,10,3,0,3,0,0,0,1,0,0,0,0,0,N,N,N
2012-10-05 00:00:00,Z,Z-14,27154326,20378,9,R,9722,4,CXCE01,1496,2012-10-05 09:44:40,2012-10-05 09:45:11,33,31,2,0,12,0,0,1,0,1,0,0,0,0,0,0,0,N,N,N
2012-10-05 00:00:00,Z,Z-14,27154326,20378,9,R,9722,5,PREL01,1854,2012-10-05 09:45:32,2012-10-05 09:46:16,33,31,0,0,12,0,0,0,0,0,0,0,0,0,0,0,0,N,N,N
2012-10-05 00:00:00,Z,Z-14,27154326,20378,9,R,9722,6,VRLP01,2356,,2012-10-05 09:47:30,33,31,1,0,13,0,0,0,0,1,0,0,0,0,0,0,0,N,Y,Y
2012-10-05 00:00:00,Z,Z-14,27154326,20378,9,R,9722,7,PLNT01,3044,2012-10-05 09:48:25,2012-10-05 09:48:53,33,31,0,0,13,0,0,0,0,0,0,0,0,0,0,0,0,N,N,N
2012-10-05 00:00:00,Z,Z-14,27154326,20378,9,R,9722,8,COLO01,3415,2012-10-05 09:49:20,2012-10-05 09:50:04,33,31,1,1,13,0,1,0,0,1,0,0,0,0,0,0,0,N,N,N
2012-10-05 00:00:00,Z,Z-14,27154326,20378,9,R,9722,9,CLYS01,4048,2012-10-05 09:51:17,2012-10-05 09:51:12,33,31,0,0,13,0,0,0,0,0,0,0,0,0,0,0,0,N,N,N
2012-10-05 00:00:00,Z,Z-14,27154326,20378,9,R,9722,10,NANT01,4505,2012-10-05 09:52:41,2012-10-05 09:52:25,33,31,6,0,19,0,0,1,0,2,0,3,0,0,0,0,0,N,N,N
2012-10-05 00:00:00,Z,Z-14,27154326,20378,9,R,9722,11,MACH01,4903,2012-10-05 09:53:55,2012-10-05 09:53:36,33,31,1,1,19,0,0,1,0,0,1,0,0,0,0,0,0,N,N,N
2012-10-05 00:00:00,Z,Z-14,27154326,20378,9,R,9722,12,FTAI01,5287,2012-10-05 09:55:06,2012-10-05 09:54:21,33,31,0,0,19,0,0,0,0,0,0,0,0,0,0,0,0,N,N,N
2012-10-05 00:00:00,Z,Z-14,27154326,20378,9,R,9722,13,CARO01,5581,2012-10-05 09:56:01,2012-10-05 09:55:14,33,31,2,0,21,0,0,2,0,0,0,0,0,0,0,0,0,N,N,N
2012-10-05 00:00:00,Z,Z-14,27154326,20378,9,R,9722,14,CBFO01,5899,2012-10-05 09:57:00,2012-10-05 09:56:05,33,31,2,0,23,0,0,1,0,1,0,0,0,0,0,0,0,N,N,N
2012-10-05 00:00:00,Z,Z-14,27154326,20378,9,R,9722,15,CBPL01,6079,2012-10-05 09:57:28,2012-10-05 09:56:41,33,31,0,0,23,0,0,0,0,0,0,0,0,0,0,0,0,N,N,N
2012-10-05 00:00:00,Z,Z-14,27154326,20378,9,R,9722,16,PYMA01,6690,2012-10-05 09:59:07,2012-10-05 09:57:53,33,31,0,1,22,0,0,0,0,0,0,0,1,0,0,0,0,N,N,N
2012-10-05 00:00:00,Z,Z-14,27154326,20378,9,R,9722,17,PYVI01,7017,2012-10-05 10:00:00,2012-10-05 09:59:10,33,31,5,0,27,0,0,4,0,1,0,0,0,0,0,0,0,N,N,N
2012-10-05 00:00:00,Z,Z-14,27154326,20378,9,R,9722,18,PENT01,7297,2012-10-05 10:00:47,2012-10-05 09:59:53,33,31,0,0,27,0,0,0,0,0,0,0,0,0,0,0,0,N,N,N
2012-10-05 00:00:00,Z,Z-14,27154326,20378,9,R,9722,19,FENE01,7567,2012-10-05 10:01:33,2012-10-05 10:00:24,33,31,0,0,27,0,0,0,0,0,0,0,0,0,0,0,0,N,N,N
2012-10-05 00:00:00,Z,Z-14,27154326,20378,9,R,9722,20,APIA03,7938,2012-10-05 10:02:37,2012-10-05 10:01:42,33,31,1,7,21,0,2,1,1,0,4,0,0,0,0,0,0,N,N,N
2012-10-05 00:00:00,Z,Z-14,27154326,20378,9,R,9722,21,NATI14,8539,2012-10-05 10:04:20,2012-10-05 10:05:13,33,31,1,11,11,0,1,0,2,0,4,1,4,0,0,0,0,N,N,N
2012-10-05 00:00:00,Z,Z-14,27154326,20378,9,R,9722,22,VRBE02,8738,2012-10-05 10:05:03,2012-10-05 10:06:00,33,31,0,0,11,0,0,0,0,0,0,0,0,0,0,0,0,N,N,N
2012-10-05 00:00:00,Z,Z-14,27154326,20378,9,R,9722,23,VLAI01,9238,2012-10-05 10:06:53,2012-10-05 10:07:23,33,31,0,1,10,0,0,0,1,0,0,0,0,0,0,0,0,N,N,N
2012-10-05 00:00:00,Z,Z-14,27154326,20378,9,R,9722,24,CVIN22,9722,2012-10-05 10:08:40,2012-10-05 10:09:13,33,31,1,9,2,0,2,0,3,1,3,0,1,0,0,0,0,N,N,N
2012-10-05 00:00:00,Z,V-3,27153951,20385,9,R,9722,1,BOSY00,0,2012-10-05 05:40:00,2012-10-05 05:40:55,5,4,0,0,0,0,0,0,0,0,0,0,0,0,0,0,0,N,N,N
2012-10-05 00:00:00,Z,V-3,27153951,20385,9,R,9722,2,SCHA01,860,2012-10-05 05:42:06,2012-10-05 05:42:34,5,4,0,0,0,0,0,0,0,0,0,0,0,0,0,0,0,N,N,N
2012-10-05 00:00:00,Z,V-3,27153951,20385,9,R,9722,3,CXEC01,1133,2012-10-05 05:42:46,2012-10-05 05:43:19,5,4,1,0,1,0,0,1,0,0,0,0,0,0,0,0,0,N,N,N
2012-10-05 00:00:00,Z,V-3,27153951,20385,9,R,9722,4,CXCE01,1496,2012-10-05 05:43:40,2012-10-05 05:44:31,5,4,0,0,1,0,0,0,0,0,0,0,0,0,0,0,0,N,N,N
2012-10-05 00:00:00,Z,V-3,27153951,20385,9,R,9722,5,PREL01,1854,2012-10-05 05:44:32,2012-10-05 05:45:44,5,4,1,0,2,0,0,1,0,0,0,0,0,0,0,0,0,N,N,N
2012-10-05 00:00:00,Z,V-3,27153951,20385,9,R,9722,6,VRLP01,2356,2012-10-05 05:45:45,2012-10-05 05:46:53,5,4,0,0,2,0,0,0,0,0,0,0,0,0,0,0,0,N,N,N
2012-10-05 00:00:00,Z,V-3,27153951,20385,9,R,9722,7,PLNT01,3044,2012-10-05 05:47:25,2012-10-05 05:48:16,5,4,0,0,2,0,0,0,0,0,0,0,0,0,0,0,0,N,N,N
2012-10-05 00:00:00,Z,V-3,27153951,20385,9,R,9722,8,COLO01,3415,2012-10-05 05:48:20,2012-10-05 05:50:49,5,4,0,0,2,0,0,0,0,0,0,0,0,0,0,0,0,N,N,N
2012-10-05 00:00:00,Z,V-3,27153951,20385,9,R,9722,9,CLYS01,4048,2012-10-05 05:50:01,2012-10-05 05:51:59,5,4,0,0,2,0,0,0,0,0,0,0,0,0,0,0,0,N,N,N
2012-10-05 00:00:00,Z,V-3,27153951,20385,9,R,9722,10,NANT01,4505,2012-10-05 05:51:15,2012-10-05 05:52:45,5,4,1,0,3,0,0,0,0,1,0,0,0,0,0,0,0,N,N,N
2012-10-05 00:00:00,Z,V-3,27153951,20385,9,R,9722,11,MACH01,4903,2012-10-05 05:52:19,2012-10-05 05:53:41,5,4,0,0,3,0,0,0,0,0,0,0,0,0,0,0,0,N,N,N
2012-10-05 00:00:00,Z,V-3,27153951,20385,9,R,9722,12,FTAI01,5287,2012-10-05 05:53:21,2012-10-05 05:54:16,5,4,0,0,3,0,0,0,0,0,0,0,0,0,0,0,0,N,N,N
2012-10-05 00:00:00,Z,V-3,27153951,20385,9,R,9722,13,CARO01,5581,2012-10-05 05:54:08,2012-10-05 05:54:52,5,4,0,0,3,0,0,0,0,0,0,0,0,0,0,0,0,N,N,N
2012-10-05 00:00:00,Z,V-3,27153951,20385,9,R,9722,14,CBFO01,5899,2012-10-05 05:55:00,2012-10-05 05:55:41,5,4,1,0,4,0,0,1,0,0,0,0,0,0,0,0,0,N,N,N
2012-10-05 00:00:00,Z,V-3,27153951,20385,9,R,9722,15,CBPL01,6079,2012-10-05 05:55:25,2012-10-05 05:56:19,5,4,0,0,4,0,0,0,0,0,0,0,0,0,0,0,0,N,N,N
2012-10-05 00:00:00,Z,V-3,27153951,20385,9,R,9722,16,PYMA01,6690,2012-10-05 05:56:53,2012-10-05 05:57:26,5,4,1,0,5,0,0,0,0,1,0,0,0,0,0,0,0,N,N,N
2012-10-05 00:00:00,Z,V-3,27153951,20385,9,R,9722,17,PYVI01,7017,2012-10-05 05:57:40,2012-10-05 05:58:10,5,4,0,0,5,0,0,0,0,0,0,0,0,0,0,0,0,N,N,N
2012-10-05 00:00:00,Z,V-3,27153951,20385,9,R,9722,18,PENT01,7297,2012-10-05 05:58:20,2012-10-05 05:58:41,5,4,0,0,5,0,0,0,0,0,0,0,0,0,0,0,0,N,N,N
2012-10-05 00:00:00,Z,V-3,27153951,20385,9,R,9722,19,FENE01,7567,2012-10-05 05:58:59,2012-10-05 05:59:04,5,4,0,0,5,0,0,0,0,0,0,0,0,0,0,0,0,N,N,N
2012-10-05 00:00:00,Z,V-3,27153951,20385,9,R,9722,20,APIA03,7938,2012-10-05 05:59:53,2012-10-05 05:59:44,5,4,0,0,5,0,0,0,0,0,0,0,0,0,0,0,0,N,N,N
2012-10-05 00:00:00,Z,V-3,27153951,20385,9,R,9722,21,NATI14,8539,2012-10-05 06:01:20,2012-10-05 06:01:16,5,4,0,0,5,0,0,0,0,0,0,0,0,0,0,0,0,N,N,N
2012-10-05 00:00:00,Z,V-3,27153951,20385,9,R,9722,22,VRBE02,8738,2012-10-05 06:01:57,2012-10-05 06:02:34,5,4,0,0,5,0,0,0,0,0,0,0,0,0,0,0,0,N,N,N
2012-10-05 00:00:00,Z,V-3,27153951,20385,9,R,9722,23,VLAI01,9238,2012-10-05 06:03:29,2012-10-05 06:03:33,5,4,0,0,5,0,0,0,0,0,0,0,0,0,0,0,0,N,N,N
2012-10-05 00:00:00,Z,V-3,27153951,20385,9,R,9722,24,CVIN22,9722,2012-10-05 06:05:00,2012-10-05 06:04:39,5,4,0,4,1,0,0,0,2,0,1,0,1,0,0,0,0,N,N,N
2012-10-05 00:00:00,V,V-3,27153952,20385,8,A,15766,1,CVIN22,0,2012-10-05 06:09:00,2012-10-05 06:09:19,10,11,2,0,2,0,0,1,0,1,0,0,0,0,0,0,0,N,N,N
2012-10-05 00:00:00,V,V-3,27153952,20385,8,A,15766,2,POST00,451,2012-10-05 06:11:03,2012-10-05 06:11:24,10,11,0,0,2,0,0,0,0,0,0,0,0,0,0,0,0,N,N,N
2012-10-05 00:00:00,V,V-3,27153952,20385,8,A,15766,3,VLAI00,832,2012-10-05 06:12:47,2012-10-05 06:12:19,10,11,0,0,2,0,0,0,0,0,0,0,0,0,0,0,0,N,N,N
2012-10-05 00:00:00,V,V-3,27153952,20385,8,A,15766,4,VRBE01,1280,2012-10-05 06:14:49,2012-10-05 06:13:37,10,11,0,0,2,0,0,0,0,0,0,0,0,0,0,0,0,N,N,N
2012-10-05 00:00:00,V,V-3,27153952,20385,8,A,15766,5,NATI15,1465,2012-10-05 06:15:40,2012-10-05 06:16:03,10,11,5,0,7,0,0,5,0,0,0,0,0,0,0,0,0,N,N,N
2012-10-05 00:00:00,V,V-3,27153952,20385,8,A,15766,6,APIA02,2123,2012-10-05 06:17:39,2012-10-05 06:19:08,10,11,1,1,7,0,0,1,1,0,0,0,0,0,0,0,0,N,N,N
2012-10-05 00:00:00,V,V-3,27153952,20385,8,A,15766,7,FENE00,2490,2012-10-05 06:18:45,2012-10-05 06:19:54,10,11,0,0,7,0,0,0,0,0,0,0,0,0,0,0,0,N,N,N
2012-10-05 00:00:00,V,V-3,27153952,20385,8,A,15766,8,PENT00,2746,2012-10-05 06:19:31,2012-10-05 06:20:18,10,11,0,0,7,0,0,0,0,0,0,0,0,0,0,0,0,N,N,N
2012-10-05 00:00:00,V,V-3,27153952,20385,8,A,15766,9,PYVI00,3013,2012-10-05 06:20:20,2012-10-05 06:20:48,10,11,0,0,7,0,0,0,0,0,0,0,0,0,0,0,0,N,N,N
2012-10-05 00:00:00,V,V-3,27153952,20385,8,A,15766,10,PYMA00,3399,2012-10-05 06:21:13,2012-10-05 06:21:34,10,11,0,0,7,0,0,0,0,0,0,0,0,0,0,0,0,N,N,N
2012-10-05 00:00:00,V,V-3,27153952,20385,8,A,15766,11,CBPL00,3980,2012-10-05 06:22:33,2012-10-05 06:22:37,10,11,0,0,7,0,0,0,0,0,0,0,0,0,0,0,0,N,N,N
2012-10-05 00:00:00,V,V-3,27153952,20385,8,A,15766,12,CBFO00,4174,2012-10-05 06:23:00,2012-10-05 06:23:14,10,11,0,0,7,0,0,0,0,0,0,0,0,0,0,0,0,N,N,N
2012-10-05 00:00:00,V,V-3,27153952,20385,8,A,15766,13,CARO00,4499,2012-10-05 06:23:40,2012-10-05 06:24:06,10,11,0,1,6,0,0,0,0,0,0,0,1,0,0,0,0,N,N,N
2012-10-05 00:00:00,V,V-3,27153952,20385,8,A,15766,14,FTAI00,4821,2012-10-05 06:24:19,2012-10-05 06:24:49,10,11,0,0,6,0,0,0,0,0,0,0,0,0,0,0,0,N,N,N
2012-10-05 00:00:00,V,V-3,27153952,20385,8,A,15766,15,MACH00,5174,2012-10-05 06:25:03,2012-10-05 06:25:25,10,11,0,0,6,0,0,0,0,0,0,0,0,0,0,0,0,N,N,N
2012-10-05 00:00:00,V,V-3,27153952,20385,8,A,15766,16,NANT00,5544,2012-10-05 06:25:48,2012-10-05 06:26:23,10,11,0,1,5,0,0,0,0,0,1,0,0,0,0,0,0,N,N,N
2012-10-05 00:00:00,V,V-3,27153952,20385,8,A,15766,17,CLYS00,5950,2012-10-05 06:26:38,2012-10-05 06:27:09,10,11,0,0,5,0,0,0,0,0,0,0,0,0,0,0,0,N,N,N
2012-10-05 00:00:00,V,V-3,27153952,20385,8,A,15766,18,COLO00,6609,2012-10-05 06:28:00,2012-10-05 06:28:05,10,11,0,0,5,0,0,0,0,0,0,0,0,0,0,0,0,N,N,N
2012-10-05 00:00:00,V,V-3,27153952,20385,8,A,15766,19,CHTS00,6962,2012-10-05 06:28:45,2012-10-05 06:28:46,10,11,0,0,5,0,0,0,0,0,0,0,0,0,0,0,0,N,N,N
2012-10-05 00:00:00,V,V-3,27153952,20385,8,A,15766,20,VVRA00,7358,2012-10-05 06:29:36,2012-10-05 06:29:33,10,11,0,1,4,0,0,0,1,0,0,0,0,0,0,0,0,N,N,N
2012-10-05 00:00:00,V,V-3,27153952,20385,8,A,15766,21,VXVV00,7897,2012-10-05 06:30:46,2012-10-05 06:30:50,10,11,0,0,4,0,0,0,0,0,0,0,0,0,0,0,0,N,N,N
2012-10-05 00:00:00,V,V-3,27153952,20385,8,A,15766,22,CNAE00,8277,2012-10-05 06:31:35,2012-10-05 06:31:32,10,11,0,0,4,0,0,0,0,0,0,0,0,0,0,0,0,N,N,N
2012-10-05 00:00:00,V,V-3,27153952,20385,8,A,15766,23,GEBE00,8620,2012-10-05 06:32:20,2012-10-05 06:32:14,10,11,0,0,4,0,0,0,0,0,0,0,0,0,0,0,0,N,N,N
2012-10-05 00:00:00,V,V-3,27153952,20385,8,A,15766,24,SAGY00,9131,2012-10-05 06:33:35,2012-10-05 06:33:06,10,11,0,0,4,0,0,0,0,0,0,0,0,0,0,0,0,N,N,N
2012-10-05 00:00:00,V,V-3,27153952,20385,8,A,15766,25,GTVI00,9834,2012-10-05 06:35:20,2012-10-05 06:35:00,10,11,0,0,4,0,0,0,0,0,0,0,0,0,0,0,0,N,N,N
2012-10-05 00:00:00,V,V-3,27153952,20385,8,A,15766,26,PRLA00,10324,2012-10-05 06:36:41,2012-10-05 06:36:23,10,11,0,0,4,0,0,0,0,0,0,0,0,0,0,0,0,N,N,N
2012-10-05 00:00:00,V,V-3,27153952,20385,8,A,15766,27,MLGN00,10555,2012-10-05 06:37:19,2012-10-05 06:37:17,10,11,0,1,3,0,0,0,0,0,1,0,0,0,0,0,0,N,N,N
2012-10-05 00:00:00,V,V-3,27153952,20385,8,A,15766,28,FAYA00,11161,2012-10-05 06:38:59,2012-10-05 06:39:25,10,11,0,2,1,0,0,0,1,0,1,0,0,0,0,0,0,N,N,N
2012-10-05 00:00:00,V,V-3,27153952,20385,8,A,15766,29,ENVE00,11524,2012-10-05 06:40:00,2012-10-05 06:40:27,10,11,0,0,1,0,0,0,0,0,0,0,0,0,0,0,0,N,N,N
2012-10-05 00:00:00,V,V-3,27153952,20385,8,A,15766,30,VXBO00,11856,2012-10-05 06:41:06,2012-10-05 06:41:37,10,11,1,0,2,0,0,0,0,1,0,0,0,0,0,0,0,N,N,N
2012-10-05 00:00:00,V,V-3,27153952,20385,8,A,15766,31,VXGA00,12320,2012-10-05 06:42:40,2012-10-05 06:42:52,10,11,0,0,2,0,0,0,0,0,0,0,0,0,0,0,0,N,N,N
2012-10-05 00:00:00,V,V-3,27153952,20385,8,A,15766,32,ALCH00,12782,2012-10-05 06:43:57,2012-10-05 06:43:39,10,11,0,0,2,0,0,0,0,0,0,0,0,0,0,0,0,N,N,N
2012-10-05 00:00:00,V,V-3,27153952,20385,8,A,15766,33,AMAR00,13135,2012-10-05 06:44:56,2012-10-05 06:44:26,10,11,0,0,2,0,0,0,0,0,0,0,0,0,0,0,0,N,N,N
2012-10-05 00:00:00,V,V-3,27153952,20385,8,A,15766,34,PCEA00,13575,2012-10-05 06:46:10,2012-10-05 06:45:43,10,11,0,1,1,0,0,0,0,0,0,0,1,0,0,0,0,N,N,N
2012-10-05 00:00:00,V,V-3,27153952,20385,8,A,15766,35,POCH00,14010,2012-10-05 06:47:22,2012-10-05 06:46:47,10,11,0,0,1,0,0,0,0,0,0,0,0,0,0,0,0,N,N,N
2012-10-05 00:00:00,V,V-3,27153952,20385,8,A,15766,36,MTFL00,14409,2012-10-05 06:48:29,2012-10-05 06:48:38,10,11,1,2,0,0,0,1,2,0,0,0,0,0,0,0,0,N,N,N
2012-10-05 00:00:00,V,V-3,27153952,20385,8,A,15766,37,ECOG00,15187,2012-10-05 06:50:40,2012-10-05 06:50:23,10,11,0,1,0,0,0,0,1,0,0,0,0,0,0,0,0,N,N,N
2012-10-05 00:00:00,V,V-3,27153952,20385,8,A,15766,38,CSLB01,15766,2012-10-05 06:51:40,2012-10-05 06:51:21,10,11,0,0,0,0,0,0,0,0,0,0,0,0,0,0,0,N,N,N
2012-10-05 00:00:00,V,V-3,27153953,20385,9,R,15484,1,CSLB01,0,2012-10-05 06:57:00,2012-10-05 06:57:31,64,61,1,0,1,0,0,1,0,0,0,0,0,0,0,0,0,N,N,N
2012-10-05 00:00:00,V,V-3,27153953,20385,9,R,15484,2,ECOG01,698,2012-10-05 06:59:00,2012-10-05 06:59:52,64,61,1,0,2,0,0,0,0,0,0,1,0,0,0,0,0,N,N,N
2012-10-05 00:00:00,V,V-3,27153953,20385,9,R,15484,3,MTFL01,1506,2012-10-05 07:01:22,2012-10-05 07:02:00,64,61,10,0,12,0,0,4,0,2,0,4,0,0,0,0,0,N,N,N
2012-10-05 00:00:00,V,V-3,27153953,20385,9,R,15484,4,POCH01,1821,2012-10-05 07:02:17,2012-10-05 07:03:04,64,61,1,0,13,0,0,0,0,1,0,0,0,0,0,0,0,N,N,N
2012-10-05 00:00:00,V,V-3,27153953,20385,9,R,15484,5,PCEA01,2338,2012-10-05 07:03:48,2012-10-05 07:04:42,64,61,2,14,1,0,0,1,5,1,4,0,5,0,0,0,0,N,N,N
2012-10-05 00:00:00,V,V-3,27153953,20385,9,R,15484,6,AMAR01,2762,2012-10-05 07:05:03,2012-10-05 07:06:04,64,61,3,0,4,0,0,0,0,2,0,1,0,0,0,0,0,N,N,N
2012-10-05 00:00:00,V,V-3,27153953,20385,9,R,15484,7,ALCH01,3092,2012-10-05 07:06:01,2012-10-05 07:07:01,64,61,0,0,4,0,0,0,0,0,0,0,0,0,0,0,0,N,N,N
2012-10-05 00:00:00,V,V-3,27153953,20385,9,R,15484,8,VXGA01,3540,2012-10-05 07:07:20,2012-10-05 07:07:59,64,61,2,2,4,0,0,0,0,1,2,1,0,0,0,0,0,N,N,N
2012-10-05 00:00:00,V,V-3,27153953,20385,9,R,15484,9,VXBO01,3959,2012-10-05 07:08:37,2012-10-05 07:09:09,64,61,0,0,4,0,0,0,0,0,0,0,0,0,0,0,0,N,N,N
2012-10-05 00:00:00,V,V-3,27153953,20385,9,R,15484,10,ENVE01,4406,2012-10-05 07:10:00,2012-10-05 07:10:26,64,61,3,0,7,0,0,1,0,2,0,0,0,0,0,0,0,N,N,N
2012-10-05 00:00:00,V,V-3,27153953,20385,9,R,15484,11,FAYA01,4683,2012-10-05 07:10:48,2012-10-05 07:11:27,64,61,9,0,16,0,0,1,0,5,0,3,0,0,0,0,0,N,N,N
2012-10-05 00:00:00,V,V-3,27153953,20385,9,R,15484,12,MLGN01,5220,2012-10-05 07:12:21,2012-10-05 07:12:48,64,61,0,0,16,0,0,0,0,0,0,0,0,0,0,0,0,N,N,N
2012-10-05 00:00:00,V,V-3,27153953,20385,9,R,15484,13,PRLA01,5556,2012-10-05 07:13:19,2012-10-05 07:13:46,64,61,2,0,18,0,0,2,0,0,0,0,0,0,0,0,0,N,N,N
2012-10-05 00:00:00,V,V-3,27153953,20385,9,R,15484,14,GTVI01,6020,2012-10-05 07:14:40,2012-10-05 07:15:28,64,61,7,0,25,0,0,3,0,4,0,0,0,0,0,0,0,N,N,N
2012-10-05 00:00:00,V,V-3,27153953,20385,9,R,15484,15,SAGY01,6738,2012-10-05 07:16:12,2012-10-05 07:17:04,64,61,0,0,25,0,0,0,0,0,0,0,0,0,0,0,0,N,N,N
2012-10-05 00:00:00,V,V-3,27153953,20385,9,R,15484,16,GEBE01,7265,2012-10-05 07:17:20,2012-10-05 07:17:54,64,61,0,0,25,0,0,0,0,0,0,0,0,0,0,0,0,N,N,N
2012-10-05 00:00:00,V,V-3,27153953,20385,9,R,15484,17,CNAE01,7573,2012-10-05 07:18:07,2012-10-05 07:18:44,64,61,1,0,26,0,0,0,0,1,0,0,0,0,0,0,0,N,N,N
2012-10-05 00:00:00,V,V-3,27153953,20385,9,R,15484,18,VXVV01,7895,2012-10-05 07:18:56,2012-10-05 07:19:34,64,61,1,0,27,0,0,0,0,1,0,0,0,0,0,0,0,N,N,N
2012-10-05 00:00:00,V,V-3,27153953,20385,9,R,15484,19,VVRA01,8414,2012-10-05 07:20:16,2012-10-05 07:21:01,64,61,8,0,35,0,0,3,0,3,0,2,0,0,0,0,0,N,N,N
2012-10-05 00:00:00,V,V-3,27153953,20385,9,R,15484,20,CHTS01,8918,2012-10-05 07:21:34,2012-10-05 07:21:50,64,61,0,0,35,0,0,0,0,0,0,0,0,0,0,0,0,N,N,N
2012-10-05 00:00:00,V,V-3,27153953,20385,9,R,15484,21,COLO02,9214,2012-10-05 07:22:20,2012-10-05 07:22:27,64,61,0,0,35,0,0,0,0,0,0,0,0,0,0,0,0,N,N,N
2012-10-05 00:00:00,V,V-3,27153953,20385,9,R,15484,22,CLYS01,9810,2012-10-05 07:23:57,2012-10-05 07:23:34,64,61,0,0,35,0,0,0,0,0,0,0,0,0,0,0,0,N,N,N
2012-10-05 00:00:00,V,V-3,27153953,20385,9,R,15484,23,NANT01,10267,2012-10-05 07:25:12,2012-10-05 07:24:55,64,61,1,0,36,0,0,0,0,1,0,0,0,0,0,0,0,N,N,N
2012-10-05 00:00:00,V,V-3,27153953,20385,9,R,15484,24,MACH01,10665,2012-10-05 07:26:17,2012-10-05 07:26:20,64,61,0,9,27,0,0,0,1,0,1,0,7,0,0,0,0,N,N,N
2012-10-05 00:00:00,V,V-3,27153953,20385,9,R,15484,25,FTAI01,11049,2012-10-05 07:27:19,2012-10-05 07:27:19,64,61,1,0,28,0,0,0,0,1,0,0,0,0,0,0,0,N,N,N
2012-10-05 00:00:00,V,V-3,27153953,20385,9,R,15484,26,CARO01,11343,2012-10-05 07:28:08,2012-10-05 07:28:19,64,61,4,0,32,0,0,0,0,4,0,0,0,0,0,0,0,N,N,N
2012-10-05 00:00:00,V,V-3,27153953,20385,9,R,15484,27,CBFO01,11661,2012-10-05 07:29:00,2012-10-05 07:29:30,64,61,2,0,34,0,0,0,0,2,0,0,0,0,0,0,0,N,N,N
2012-10-05 00:00:00,V,V-3,27153953,20385,9,R,15484,28,CBPL01,11841,2012-10-05 07:29:28,2012-10-05 07:30:12,64,61,1,0,35,0,0,0,0,1,0,0,0,0,0,0,0,N,N,N
2012-10-05 00:00:00,V,V-3,27153953,20385,9,R,15484,29,PYMA01,12452,2012-10-05 07:31:07,2012-10-05 07:31:11,64,61,3,1,37,0,0,1,1,2,0,0,0,0,0,0,0,N,N,N
2012-10-05 00:00:00,V,V-3,27153953,20385,9,R,15484,30,PYVI01,12779,2012-10-05 07:32:00,2012-10-05 07:32:17,64,61,1,0,38,0,0,1,0,0,0,0,0,0,0,0,0,N,N,N
2012-10-05 00:00:00,V,V-3,27153953,20385,9,R,15484,31,PENT01,13059,2012-10-05 07:32:44,2012-10-05 07:33:04,64,61,0,2,36,0,0,0,0,0,2,0,0,0,0,0,0,N,N,N
2012-10-05 00:00:00,V,V-3,27153953,20385,9,R,15484,32,FENE01,13329,2012-10-05 07:33:26,2012-10-05 07:33:37,64,61,0,0,36,0,0,0,0,0,0,0,0,0,0,0,0,N,N,N
2012-10-05 00:00:00,V,V-3,27153953,20385,9,R,15484,33,APIA03,13700,2012-10-05 07:34:25,2012-10-05 07:34:27,64,61,0,5,31,0,0,0,2,0,3,0,0,0,0,0,0,N,N,N
2012-10-05 00:00:00,V,V-3,27153953,20385,9,R,15484,34,NATI14,14301,2012-10-05 07:36:00,2012-10-05 07:36:20,64,61,0,19,12,0,0,0,8,0,6,0,5,0,0,0,0,N,N,N
2012-10-05 00:00:00,V,V-3,27153953,20385,9,R,15484,35,VRBE02,14500,2012-10-05 07:36:40,2012-10-05 07:37:35,64,61,0,0,12,0,0,0,0,0,0,0,0,0,0,0,0,N,N,N
2012-10-05 00:00:00,V,V-3,27153953,20385,9,R,15484,36,VLAI01,15000,2012-10-05 07:38:21,2012-10-05 07:38:40,64,61,0,9,3,0,0,0,2,0,5,0,2,0,0,0,0,N,N,N
2012-10-05 00:00:00,V,V-3,27153954,20385,8,A,15766,5,NATI15,1465,2012-10-05 08:41:40,2012-10-05 07:51:24,0,0,0,0,0,0,0,0,0,0,0,0,0,0,0,0,0,N,Y,N
2012-10-05 00:00:00,VB,V-3,27153955,20385,10,R,4406,1,CSLB01,0,2012-10-05 09:25:00,2012-10-05 09:25:34,5,11,0,0,0,0,0,0,0,0,0,0,0,0,0,0,0,N,N,N
2012-10-05 00:00:00,VB,V-3,27153955,20385,10,R,4406,2,ECOG01,698,2012-10-05 09:27:00,2012-10-05 09:28:23,5,11,0,0,0,0,0,0,0,0,0,0,0,0,0,0,0,N,N,N
2012-10-05 00:00:00,VB,V-3,27153955,20385,10,R,4406,3,MTFL01,1506,2012-10-05 09:29:22,2012-10-05 09:30:07,5,11,3,0,3,0,0,3,0,0,0,0,0,0,0,0,0,N,N,N
2012-10-05 00:00:00,VB,V-3,27153955,20385,10,R,4406,4,POCH01,1821,2012-10-05 09:30:17,2012-10-05 09:31:21,5,11,0,0,3,0,0,0,0,0,0,0,0,0,0,0,0,N,N,N
2012-10-05 00:00:00,VB,V-3,27153955,20385,10,R,4406,5,PCEA01,2338,2012-10-05 09:31:48,2012-10-05 09:33:12,5,11,0,1,2,0,0,0,1,0,0,0,0,0,0,0,0,N,N,N
2012-10-05 00:00:00,VB,V-3,27153955,20385,10,R,4406,6,AMAR01,2762,2012-10-05 09:33:03,2012-10-05 09:34:27,5,11,2,0,4,0,0,1,0,0,0,1,0,0,0,0,0,N,N,N
2012-10-05 00:00:00,VB,V-3,27153955,20385,10,R,4406,7,ALCH01,3092,2012-10-05 09:34:01,2012-10-05 09:35:29,5,11,0,0,4,0,0,0,0,0,0,0,0,0,0,0,0,N,N,N
2012-10-05 00:00:00,VB,V-3,27153955,20385,10,R,4406,8,VXGA01,3540,2012-10-05 09:35:20,2012-10-05 09:36:56,5,11,0,7,0,0,0,0,1,0,3,0,3,0,0,0,0,N,N,N
2012-10-05 00:00:00,VB,V-3,27153955,20385,10,R,4406,9,VXBO01,3959,2012-10-05 09:36:47,2012-10-05 09:38:04,5,11,0,2,0,0,0,0,2,0,0,0,0,0,0,0,0,N,N,N
2012-10-05 00:00:00,VB,V-3,27153955,20385,10,R,4406,10,ENVE01,4406,2012-10-05 09:38:20,2012-10-05 09:39:14,5,11,0,1,0,0,0,0,1,0,0,0,0,0,0,0,0,N,N,N
2012-10-05 00:00:00,VB,V-3,27153957,20385,6,A,4242,1,ENVE00,0,2012-10-05 09:42:00,2012-10-05 09:41:50,1,1,0,0,0,0,0,0,0,0,0,0,0,0,0,0,0,N,N,N
2012-10-05 00:00:00,VB,V-3,27153957,20385,6,A,4242,2,VXBO00,332,2012-10-05 09:43:06,2012-10-05 09:42:56,1,1,0,0,0,0,0,0,0,0,0,0,0,0,0,0,0,N,N,N
2012-10-05 00:00:00,VB,V-3,27153957,20385,6,A,4242,3,VXGA00,796,2012-10-05 09:44:40,2012-10-05 09:44:20,1,1,1,0,1,0,0,1,0,0,0,0,0,0,0,0,0,N,N,N
2012-10-05 00:00:00,VB,V-3,27153957,20385,6,A,4242,4,ALCH00,1258,2012-10-05 09:45:57,2012-10-05 09:45:20,1,1,0,0,1,0,0,0,0,0,0,0,0,0,0,0,0,N,N,N
2012-10-05 00:00:00,VB,V-3,27153957,20385,6,A,4242,5,AMAR00,1611,2012-10-05 09:46:56,2012-10-05 09:46:09,1,1,0,0,1,0,0,0,0,0,0,0,0,0,0,0,0,N,N,N
2012-10-05 00:00:00,VB,V-3,27153957,20385,6,A,4242,6,PCEA00,2051,2012-10-05 09:48:10,2012-10-05 09:47:04,1,1,0,0,1,0,0,0,0,0,0,0,0,0,0,0,0,N,N,N
2012-10-05 00:00:00,VB,V-3,27153957,20385,6,A,4242,7,POCH00,2486,2012-10-05 09:49:22,2012-10-05 09:48:01,1,1,0,0,1,0,0,0,0,0,0,0,0,0,0,0,0,N,N,N
2012-10-05 00:00:00,VB,V-3,27153957,20385,6,A,4242,8,MTFL00,2885,2012-10-05 09:50:29,2012-10-05 09:49:29,1,1,0,1,0,0,0,0,1,0,0,0,0,0,0,0,0,N,N,N
2012-10-05 00:00:00,VB,V-3,27153957,20385,6,A,4242,9,ECOG00,3663,2012-10-05 09:52:40,2012-10-05 09:51:09,1,1,0,0,0,0,0,0,0,0,0,0,0,0,0,0,0,N,N,N
2012-10-05 00:00:00,VB,V-3,27153957,20385,6,A,4242,10,CSLB01,4242,2012-10-05 09:53:40,2012-10-05 09:52:07,1,1,0,0,0,0,0,0,0,0,0,0,0,0,0,0,0,N,N,N
2012-10-05 00:00:00,V,V-3,27153958,20385,9,R,15484,1,CSLB01,0,2012-10-05 09:57:00,2012-10-05 09:57:23,37,34,1,0,1,0,0,1,0,0,0,0,0,0,0,0,0,N,N,N
2012-10-05 00:00:00,V,V-3,27153958,20385,9,R,15484,2,ECOG01,698,2012-10-05 09:59:00,2012-10-05 09:59:47,37,34,0,0,1,0,0,0,0,0,0,0,0,0,0,0,0,N,N,N
2012-10-05 00:00:00,V,V-3,27153958,20385,9,R,15484,3,MTFL01,1506,2012-10-05 10:01:22,2012-10-05 10:01:56,37,34,6,0,7,0,0,3,0,2,0,1,0,0,0,0,0,N,N,N
2012-10-05 00:00:00,V,V-3,27153958,20385,9,R,15484,4,POCH01,1821,2012-10-05 10:02:17,2012-10-05 10:02:53,37,34,0,0,7,0,0,0,0,0,0,0,0,0,0,0,0,N,N,N
2012-10-05 00:00:00,V,V-3,27153958,20385,9,R,15484,5,PCEA01,2338,2012-10-05 10:03:48,2012-10-05 10:04:23,37,34,3,2,8,0,0,1,1,1,0,1,1,0,0,0,0,N,N,N
2012-10-05 00:00:00,V,V-3,27153958,20385,9,R,15484,6,AMAR01,2762,2012-10-05 10:05:03,2012-10-05 10:05:56,37,34,1,0,9,0,0,0,0,0,0,1,0,0,0,0,0,N,N,N
2012-10-05 00:00:00,V,V-3,27153958,20385,9,R,15484,7,ALCH01,3092,2012-10-05 10:06:01,2012-10-05 10:06:56,37,34,0,1,8,0,0,0,1,0,0,0,0,0,0,0,0,N,N,N
2012-10-05 00:00:00,V,V-3,27153958,20385,9,R,15484,8,VXGA01,3540,2012-10-05 10:07:20,2012-10-05 10:08:36,37,34,1,3,6,0,0,1,1,0,1,0,1,0,0,0,0,N,N,N
2012-10-05 00:00:00,V,V-3,27153958,20385,9,R,15484,9,VXBO01,3959,2012-10-05 10:08:47,2012-10-05 10:10:07,37,34,1,1,6,0,0,1,1,0,0,0,0,0,0,0,0,N,N,N
2012-10-05 00:00:00,V,V-3,27153958,20385,9,R,15484,10,ENVE01,4406,2012-10-05 10:10:20,2012-10-05 10:11:47,37,34,0,0,6,0,0,0,0,0,0,0,0,0,0,0,0,N,N,N
2012-10-05 00:00:00,V,V-3,27153958,20385,9,R,15484,11,FAYA01,4683,2012-10-05 10:11:08,2012-10-05 10:12:46,37,34,1,2,5,0,0,0,2,1,0,0,0,0,0,0,0,N,N,N
2012-10-05 00:00:00,V,V-3,27153958,20385,9,R,15484,12,MLGN01,5220,2012-10-05 10:12:41,2012-10-05 10:13:46,37,34,0,0,5,0,0,0,0,0,0,0,0,0,0,0,0,N,N,N
2012-10-05 00:00:00,V,V-3,27153958,20385,9,R,15484,13,PRLA01,5556,2012-10-05 10:13:39,2012-10-05 10:14:21,37,34,0,0,5,0,0,0,0,0,0,0,0,0,0,0,0,N,N,N
2012-10-05 00:00:00,V,V-3,27153958,20385,9,R,15484,14,GTVI01,6020,2012-10-05 10:15:00,2012-10-05 10:15:30,37,34,1,0,6,0,0,1,0,0,0,0,0,0,0,0,0,N,N,N
2012-10-05 00:00:00,V,V-3,27153958,20385,9,R,15484,15,SAGY01,6738,2012-10-05 10:16:32,2012-10-05 10:17:40,37,34,1,0,7,0,0,1,0,0,0,0,0,0,0,0,0,N,N,N
2012-10-05 00:00:00,V,V-3,27153958,20385,9,R,15484,16,GEBE01,7265,2012-10-05 10:17:40,2012-10-05 10:18:40,37,34,1,1,7,0,0,0,0,1,1,0,0,0,0,0,0,N,N,N
2012-10-05 00:00:00,V,V-3,27153958,20385,9,R,15484,17,CNAE01,7573,2012-10-05 10:18:24,2012-10-05 10:19:30,37,34,1,0,8,0,0,0,0,1,0,0,0,0,0,0,0,N,N,N
2012-10-05 00:00:00,V,V-3,27153958,20385,9,R,15484,18,VXVV01,7895,2012-10-05 10:19:10,2012-10-05 10:20:20,37,34,2,1,9,0,0,2,0,0,1,0,0,0,0,0,0,N,N,N
2012-10-05 00:00:00,V,V-3,27153958,20385,9,R,15484,19,VVRA01,8414,2012-10-05 10:20:25,2012-10-05 10:21:46,37,34,1,0,10,0,0,0,0,1,0,0,0,0,0,0,0,N,N,N
2012-10-05 00:00:00,V,V-3,27153958,20385,9,R,15484,20,CHTS01,8918,2012-10-05 10:21:37,2012-10-05 10:22:32,37,34,0,0,10,0,0,0,0,0,0,0,0,0,0,0,0,N,N,N
2012-10-05 00:00:00,V,V-3,27153958,20385,9,R,15484,21,COLO02,9214,2012-10-05 10:22:20,2012-10-05 10:23:04,37,34,0,0,10,0,0,0,0,0,0,0,0,0,0,0,0,N,N,N
2012-10-05 00:00:00,V,V-3,27153958,20385,9,R,15484,22,CLYS01,9810,2012-10-05 10:23:42,2012-10-05 10:23:50,37,34,0,0,10,0,0,0,0,0,0,0,0,0,0,0,0,N,N,N
2012-10-05 00:00:00,V,V-3,27153958,20385,9,R,15484,23,NANT01,10267,2012-10-05 10:24:46,2012-10-05 10:25:07,37,34,4,0,14,0,0,1,0,1,0,2,0,0,0,0,0,N,N,N
2012-10-05 00:00:00,V,V-3,27153958,20385,9,R,15484,24,MACH01,10665,2012-10-05 10:25:41,2012-10-05 10:26:50,37,34,0,1,13,0,0,0,0,0,1,0,0,0,0,0,0,N,N,N
2012-10-05 00:00:00,V,V-3,27153958,20385,9,R,15484,25,FTAI01,11049,2012-10-05 10:26:34,2012-10-05 10:28:01,37,34,5,3,15,0,0,1,3,4,0,0,0,0,0,0,0,N,N,N
2012-10-05 00:00:00,V,V-3,27153958,20385,9,R,15484,26,CARO01,11343,2012-10-05 10:27:15,2012-10-05 10:28:59,37,34,1,0,16,0,0,0,0,1,0,0,0,0,0,0,0,N,N,N
2012-10-05 00:00:00,V,V-3,27153958,20385,9,R,15484,27,CBFO01,11661,2012-10-05 10:28:00,2012-10-05 10:29:42,37,34,0,0,16,0,0,0,0,0,0,0,0,0,0,0,0,N,N,N
2012-10-05 00:00:00,V,V-3,27153958,20385,9,R,15484,28,CBPL01,11841,2012-10-05 10:28:25,2012-10-05 10:30:19,37,34,0,0,16,0,0,0,0,0,0,0,0,0,0,0,0,N,N,N
2012-10-05 00:00:00,V,V-3,27153958,20385,9,R,15484,29,PYMA01,12452,2012-10-05 10:29:53,2012-10-05 10:31:29,37,34,2,0,18,0,0,0,0,0,0,2,0,0,0,0,0,N,N,N
2012-10-05 00:00:00,V,V-3,27153958,20385,9,R,15484,30,PYVI01,12779,2012-10-05 10:30:40,2012-10-05 10:32:37,37,34,2,0,20,0,0,2,0,0,0,0,0,0,0,0,0,N,N,N
2012-10-05 00:00:00,V,V-3,27153958,20385,9,R,15484,31,PENT01,13059,2012-10-05 10:31:27,2012-10-05 10:33:24,37,34,2,0,22,0,0,2,0,0,0,0,0,0,0,0,0,N,N,N
2012-10-05 00:00:00,V,V-3,27153958,20385,9,R,15484,32,FENE01,13329,2012-10-05 10:32:13,2012-10-05 10:33:59,37,34,0,0,22,0,0,0,0,0,0,0,0,0,0,0,0,N,N,N
2012-10-05 00:00:00,V,V-3,27153958,20385,9,R,15484,33,APIA03,13700,2012-10-05 10:33:17,2012-10-05 10:34:56,37,34,0,1,21,0,0,0,1,0,0,0,0,0,0,0,0,N,N,N
2012-10-05 00:00:00,V,V-3,27153958,20385,9,R,15484,34,NATI14,14301,2012-10-05 10:35:00,2012-10-05 10:37:25,37,34,0,12,9,0,0,0,1,0,7,0,4,0,0,0,0,N,N,N
2012-10-05 00:00:00,V,V-3,27153958,20385,9,R,15484,35,VRBE02,14500,2012-10-05 10:35:43,2012-10-05 10:39:03,37,34,0,0,9,0,0,0,0,0,0,0,0,0,0,0,0,N,N,N
2012-10-05 00:00:00,V,V-3,27153958,20385,9,R,15484,36,VLAI01,15000,2012-10-05 10:37:33,2012-10-05 10:40:24,37,34,0,0,9,0,0,0,0,0,0,0,0,0,0,0,0,N,N,N
2012-10-05 00:00:00,V,V-3,27153958,20385,9,R,15484,37,CVIN22,15484,2012-10-05 10:39:20,2012-10-05 10:42:01,37,34,0,6,3,0,0,0,3,0,1,0,2,0,0,0,0,N,N,N
2012-10-05 00:00:00,Z,V-3,27153959,20385,4,A,10163,1,CVIN22,0,2012-10-05 11:00:00,2012-10-05 11:00:25,11,14,4,0,4,0,0,4,0,0,0,0,0,0,0,0,0,N,N,N
2012-10-05 00:00:00,Z,V-3,27153959,20385,4,A,10163,2,POST00,451,2012-10-05 11:02:09,2012-10-05 11:03:03,11,14,1,0,5,0,0,1,0,0,0,0,0,0,0,0,0,N,N,N
2012-10-05 00:00:00,Z,V-3,27153959,20385,4,A,10163,3,VLAI00,832,2012-10-05 11:03:58,2012-10-05 11:04:27,11,14,2,0,7,0,0,0,0,2,0,0,0,0,0,0,0,N,N,N
2012-10-05 00:00:00,Z,V-3,27153959,20385,4,A,10163,4,VRBE01,1280,2012-10-05 11:06:06,2012-10-05 11:05:39,11,14,0,0,7,0,0,0,0,0,0,0,0,0,0,0,0,N,N,N
2012-10-05 00:00:00,Z,V-3,27153959,20385,4,A,10163,5,NATI15,1465,2012-10-05 11:07:00,2012-10-05 11:09:00,11,14,1,0,8,0,0,0,0,1,0,0,0,0,0,0,0,N,N,N
2012-10-05 00:00:00,Z,V-3,27153959,20385,4,A,10163,6,APIA02,2123,2012-10-05 11:09:07,2012-10-05 11:11:56,11,14,1,0,9,0,0,1,0,0,0,0,0,0,0,0,0,N,N,N
2012-10-05 00:00:00,Z,V-3,27153959,20385,4,A,10163,7,FENE00,2490,2012-10-05 11:10:18,2012-10-05 11:12:46,11,14,0,0,9,0,0,0,0,0,0,0,0,0,0,0,0,N,N,N
2012-10-05 00:00:00,Z,V-3,27153959,20385,4,A,10163,8,PENT00,2746,2012-10-05 11:11:08,2012-10-05 11:13:53,11,14,0,6,3,0,0,0,6,0,0,0,0,0,0,0,0,N,N,N
2012-10-05 00:00:00,Z,V-3,27153959,20385,4,A,10163,9,PYVI00,3013,2012-10-05 11:12:00,2012-10-05 11:14:37,11,14,0,0,3,0,0,0,0,0,0,0,0,0,0,0,0,N,N,N
2012-10-05 00:00:00,Z,V-3,27153959,20385,4,A,10163,10,PYMA00,3399,2012-10-05 11:12:59,2012-10-05 11:15:33,11,14,0,2,1,0,0,0,2,0,0,0,0,0,0,0,0,N,N,N
2012-10-05 00:00:00,Z,V-3,27153959,20385,4,A,10163,11,CBPL00,3980,2012-10-05 11:14:29,2012-10-05 11:16:43,11,14,0,0,1,0,0,0,0,0,0,0,0,0,0,0,0,N,N,N
2012-10-05 00:00:00,Z,V-3,27153959,20385,4,A,10163,12,CBFO00,4174,2012-10-05 11:15:00,2012-10-05 11:17:18,11,14,0,0,1,0,0,0,0,0,0,0,0,0,0,0,0,N,N,N
2012-10-05 00:00:00,Z,V-3,27153959,20385,4,A,10163,13,CARO00,4499,2012-10-05 11:15:42,2012-10-05 11:18:09,11,14,0,2,0,0,0,0,1,0,0,0,1,0,0,0,0,N,N,N
2012-10-05 00:00:00,Z,V-3,27153959,20385,4,A,10163,14,FTAI00,4821,2012-10-05 11:16:25,2012-10-05 11:18:50,11,14,0,0,0,0,0,0,0,0,0,0,0,0,0,0,0,N,N,N
2012-10-05 00:00:00,Z,V-3,27153959,20385,4,A,10163,15,MACH00,5174,2012-10-05 11:17:11,2012-10-05 11:19:37,11,14,0,1,0,0,0,0,1,0,0,0,0,0,0,0,0,N,N,N
2012-10-05 00:00:00,Z,V-3,27153959,20385,4,A,10163,16,NANT00,5544,2012-10-05 11:18:00,2012-10-05 11:20:33,11,14,0,0,0,0,0,0,0,0,0,0,0,0,0,0,0,N,N,N
2012-10-05 00:00:00,Z,V-3,27153959,20385,4,A,10163,17,CLYS00,5950,2012-10-05 11:18:53,2012-10-05 11:21:12,11,14,0,0,0,0,0,0,0,0,0,0,0,0,0,0,0,N,N,N
2012-10-05 00:00:00,Z,V-3,27153959,20385,4,A,10163,18,COLO00,6609,2012-10-05 11:20:20,2012-10-05 11:22:00,11,14,0,0,0,0,0,0,0,0,0,0,0,0,0,0,0,N,N,N
2012-10-05 00:00:00,Z,V-3,27153959,20385,4,A,10163,19,PLNT00,7006,2012-10-05 11:21:09,2012-10-05 11:22:42,11,14,0,0,0,0,0,0,0,0,0,0,0,0,0,0,0,N,N,N
2012-10-05 00:00:00,Z,V-3,27153959,20385,4,A,10163,20,VRLP00,7677,2012-10-05 11:22:32,2012-10-05 11:24:04,11,14,0,3,0,0,0,0,1,0,2,0,0,0,0,0,0,N,N,N
2012-10-05 00:00:00,Z,V-3,27153959,20385,4,A,10163,21,PREL00,8090,2012-10-05 11:23:24,2012-10-05 11:24:47,11,14,0,0,0,0,0,0,0,0,0,0,0,0,0,0,0,N,N,N
2012-10-05 00:00:00,Z,V-3,27153959,20385,4,A,10163,22,CXCE00,8540,2012-10-05 11:24:20,2012-10-05 11:25:51,11,14,0,0,0,0,0,0,0,0,0,0,0,0,0,0,0,N,N,N
2012-10-05 00:00:00,Z,V-3,27153959,20385,4,A,10163,23,CXEC00,8927,2012-10-05 11:25:02,2012-10-05 11:27:11,11,14,2,0,2,0,0,2,0,0,0,0,0,0,0,0,0,N,N,N
2012-10-05 00:00:00,Z,V-3,27153959,20385,4,A,10163,24,SCHA00,9220,2012-10-05 11:25:35,2012-10-05 11:27:41,11,14,0,0,2,0,0,0,0,0,0,0,0,0,0,0,0,N,N,N
2012-10-05 00:00:00,Z,V-3,27153959,20385,4,A,10163,25,BOSY00,10163,2012-10-05 11:27:20,2012-10-05 11:28:59,11,14,0,0,2,0,0,0,0,0,0,0,0,0,0,0,0,N,N,N
2012-10-05 00:00:00,Z,V-3,27153960,20385,9,R,9722,1,BOSY00,0,2012-10-05 11:44:00,2012-10-05 11:44:57,39,40,4,0,4,0,0,2,0,0,0,2,0,0,0,0,0,N,N,N
2012-10-05 00:00:00,Z,V-3,27153960,20385,9,R,9722,2,SCHA01,860,2012-10-05 11:46:06,2012-10-05 11:46:21,39,40,0,0,4,0,0,0,0,0,0,0,0,0,0,0,0,N,N,N
2012-10-05 00:00:00,Z,V-3,27153960,20385,9,R,9722,3,CXEC01,1133,2012-10-05 11:46:46,2012-10-05 11:47:06,39,40,1,0,5,0,0,1,0,0,0,0,0,0,0,0,0,N,N,N
2012-10-05 00:00:00,Z,V-3,27153960,20385,9,R,9722,4,CXCE01,1496,2012-10-05 11:47:40,2012-10-05 11:48:18,39,40,0,0,5,0,0,0,0,0,0,0,0,0,0,0,0,N,N,N
2012-10-05 00:00:00,Z,V-3,27153960,20385,9,R,9722,5,PREL01,1854,2012-10-05 11:48:32,2012-10-05 11:49:24,39,40,1,0,6,0,0,0,0,1,0,0,0,0,0,0,0,N,N,N
2012-10-05 00:00:00,Z,V-3,27153960,20385,9,R,9722,6,VRLP01,2356,2012-10-05 11:49:45,2012-10-05 11:50:39,39,40,4,0,10,0,0,1,0,2,0,1,0,0,0,0,0,N,N,N
2012-10-05 00:00:00,Z,V-3,27153960,20385,9,R,9722,7,PLNT01,3044,2012-10-05 11:51:25,2012-10-05 11:52:03,39,40,1,0,11,0,0,1,0,0,0,0,0,0,0,0,0,N,N,N
2012-10-05 00:00:00,Z,V-3,27153960,20385,9,R,9722,8,COLO01,3415,2012-10-05 11:52:20,2012-10-05 11:53:10,39,40,2,0,13,0,0,0,0,0,0,2,0,0,0,0,0,N,N,N
2012-10-05 00:00:00,Z,V-3,27153960,20385,9,R,9722,9,CLYS01,4048,2012-10-05 11:54:27,2012-10-05 11:54:20,39,40,0,0,13,0,0,0,0,0,0,0,0,0,0,0,0,N,N,N
2012-10-05 00:00:00,Z,V-3,27153960,20385,9,R,9722,10,NANT01,4505,2012-10-05 11:55:59,2012-10-05 11:55:33,39,40,6,0,19,0,0,2,0,3,0,1,0,0,0,0,0,N,N,N
2012-10-05 00:00:00,Z,V-3,27153960,20385,9,R,9722,11,MACH01,4903,2012-10-05 11:57:19,2012-10-05 11:56:51,39,40,0,0,19,0,0,0,0,0,0,0,0,0,0,0,0,N,N,N
2012-10-05 00:00:00,Z,V-3,27153960,20385,9,R,9722,12,FTAI01,5287,2012-10-05 11:58:36,2012-10-05 11:57:57,39,40,4,0,23,0,0,3,0,1,0,0,0,0,0,0,0,N,N,N
2012-10-05 00:00:00,Z,V-3,27153960,20385,9,R,9722,13,CARO01,5581,2012-10-05 11:59:35,2012-10-05 11:59:01,39,40,8,0,31,0,0,3,0,5,0,0,0,0,0,0,0,N,N,N
2012-10-05 00:00:00,Z,V-3,27153960,20385,9,R,9722,14,CBFO01,5899,2012-10-05 12:00:40,2012-10-05 12:00:01,39,40,2,2,31,0,0,1,2,0,0,1,0,0,0,0,0,N,N,N
2012-10-05 00:00:00,Z,V-3,27153960,20385,9,R,9722,15,CBPL01,6079,2012-10-05 12:01:05,2012-10-05 12:00:47,39,40,1,1,31,0,0,1,1,0,0,0,0,0,0,0,0,N,N,N
2012-10-05 00:00:00,Z,V-3,27153960,20385,9,R,9722,16,PYMA01,6690,2012-10-05 12:02:33,2012-10-05 12:02:04,39,40,0,0,31,0,0,0,0,0,0,0,0,0,0,0,0,N,N,N
2012-10-05 00:00:00,Z,V-3,27153960,20385,9,R,9722,17,PYVI01,7017,2012-10-05 12:03:20,2012-10-05 12:02:59,39,40,3,0,34,0,0,1,0,1,0,1,0,0,0,0,0,N,N,N
2012-10-05 00:00:00,Z,V-3,27153960,20385,9,R,9722,18,PENT01,7297,2012-10-05 12:04:07,2012-10-05 12:03:52,39,40,2,0,36,0,0,2,0,0,0,0,0,0,0,0,0,N,N,N
2012-10-05 00:00:00,Z,V-3,27153960,20385,9,R,9722,19,FENE01,7567,2012-10-05 12:04:53,2012-10-05 12:04:27,39,40,0,0,36,0,0,0,0,0,0,0,0,0,0,0,0,N,N,N
2012-10-05 00:00:00,Z,V-3,27153960,20385,9,R,9722,20,APIA03,7938,2012-10-05 12:05:57,2012-10-05 12:05:15,39,40,0,2,34,0,0,0,0,0,2,0,0,0,0,0,0,N,N,N
2012-10-05 00:00:00,Z,V-3,27153960,20385,9,R,9722,21,NATI14,8539,2012-10-05 12:07:40,2012-10-05 12:07:26,39,40,0,22,12,0,0,0,11,0,4,0,7,0,0,0,0,N,N,N
2012-10-05 00:00:00,Z,V-3,27153960,20385,9,R,9722,22,VRBE02,8738,2012-10-05 12:08:23,2012-10-05 12:09:29,39,40,0,0,12,0,0,0,0,0,0,0,0,0,0,0,0,N,N,N
2012-10-05 00:00:00,Z,V-3,27153960,20385,9,R,9722,23,VLAI01,9238,2012-10-05 12:10:13,2012-10-05 12:10:46,39,40,0,2,10,0,0,0,2,0,0,0,0,0,0,0,0,N,N,N
2012-10-05 00:00:00,Z,V-3,27153960,20385,9,R,9722,24,CVIN22,9722,2012-10-05 12:12:00,2012-10-05 12:12:10,39,40,0,11,0,0,0,0,5,0,5,0,1,0,0,0,0,N,N,N
2012-10-05 00:00:00,Z,V-3,27153961,20385,3,A,12264,1,CVIN22,0,2012-10-05 12:15:00,2012-10-05 12:17:43,26,26,10,0,10,0,0,4,0,2,0,4,0,0,0,0,0,N,Y,Y
2012-10-05 00:00:00,Z,V-3,27153961,20385,3,A,12264,2,POST00,451,2012-10-05 12:17:09,2012-10-05 12:20:04,26,26,2,0,12,0,0,2,0,0,0,0,0,0,0,0,0,N,N,N
2012-10-05 00:00:00,Z,V-3,27153961,20385,3,A,12264,3,VLAI00,832,2012-10-05 12:18:58,2012-10-05 12:21:22,26,26,0,0,12,0,0,0,0,0,0,0,0,0,0,0,0,N,N,N
2012-10-05 00:00:00,Z,V-3,27153961,20385,3,A,12264,4,VRBE01,1280,2012-10-05 12:21:06,2012-10-05 12:22:12,26,26,0,0,12,0,0,0,0,0,0,0,0,0,0,0,0,N,N,N
2012-10-05 00:00:00,Z,V-3,27153961,20385,3,A,12264,5,NATI15,1465,2012-10-05 12:22:00,2012-10-05 12:24:51,26,26,6,0,18,0,0,4,0,0,0,2,0,0,0,0,0,N,N,N
2012-10-05 00:00:00,Z,V-3,27153961,20385,3,A,12264,6,APIA02,2123,2012-10-05 12:24:16,2012-10-05 12:26:40,26,26,4,0,22,0,0,2,0,2,0,0,0,0,0,0,0,N,N,N
2012-10-05 00:00:00,Z,V-3,27153961,20385,3,A,12264,7,FENE00,2490,2012-10-05 12:25:31,2012-10-05 12:27:28,26,26,0,0,22,0,0,0,0,0,0,0,0,0,0,0,0,N,N,N
2012-10-05 00:00:00,Z,V-3,27153961,20385,3,A,12264,8,PENT00,2746,2012-10-05 12:26:24,2012-10-05 12:28:12,26,26,3,0,25,0,0,2,0,0,0,1,0,0,0,0,0,N,N,N
2012-10-05 00:00:00,Z,V-3,27153961,20385,3,A,12264,9,PYVI00,3013,2012-10-05 12:27:20,2012-10-05 12:29:00,26,26,0,2,23,0,0,0,2,0,0,0,0,0,0,0,0,N,N,N
2012-10-05 00:00:00,Z,V-3,27153961,20385,3,A,12264,10,PYMA00,3399,2012-10-05 12:28:19,2012-10-05 12:29:45,26,26,0,0,23,0,0,0,0,0,0,0,0,0,0,0,0,N,N,N
2012-10-05 00:00:00,Z,V-3,27153961,20385,3,A,12264,11,CBPL00,3980,2012-10-05 12:29:49,2012-10-05 12:30:54,26,26,0,2,21,0,0,0,1,0,0,0,1,0,0,0,0,N,N,N
2012-10-05 00:00:00,Z,V-3,27153961,20385,3,A,12264,12,CBFO00,4174,2012-10-05 12:30:20,2012-10-05 12:31:42,26,26,0,2,19,0,0,0,1,0,0,0,1,0,0,0,0,N,N,N
2012-10-05 00:00:00,Z,V-3,27153961,20385,3,A,12264,13,CARO00,4499,2012-10-05 12:31:02,2012-10-05 12:32:32,26,26,0,4,15,0,0,0,2,0,1,0,1,0,0,0,0,N,N,N
2012-10-05 00:00:00,Z,V-3,27153961,20385,3,A,12264,14,FTAI00,4821,2012-10-05 12:31:45,2012-10-05 12:33:25,26,26,0,2,13,0,0,0,1,0,1,0,0,0,0,0,0,N,N,N
2012-10-05 00:00:00,Z,V-3,27153961,20385,3,A,12264,15,MACH00,5174,2012-10-05 12:32:31,2012-10-05 12:34:17,26,26,1,1,13,0,0,0,1,1,0,0,0,0,0,0,0,N,N,N
2012-10-05 00:00:00,Z,V-3,27153961,20385,3,A,12264,16,NANT00,5544,2012-10-05 12:33:20,2012-10-05 12:35:09,26,26,0,0,13,0,0,0,0,0,0,0,0,0,0,0,0,N,N,N
2012-10-05 00:00:00,Z,V-3,27153961,20385,3,A,12264,17,CLYS00,5950,2012-10-05 12:34:13,2012-10-05 12:35:44,26,26,0,0,13,0,0,0,0,0,0,0,0,0,0,0,0,N,N,N
2012-10-05 00:00:00,Z,V-3,27153961,20385,3,A,12264,18,COLO00,6609,2012-10-05 12:35:40,2012-10-05 12:36:43,26,26,0,2,11,0,0,0,0,0,1,0,1,0,0,0,0,N,N,N
2012-10-05 00:00:00,Z,V-3,27153961,20385,3,A,12264,19,PLNT00,7006,2012-10-05 12:36:29,2012-10-05 12:37:31,26,26,0,0,11,0,0,0,0,0,0,0,0,0,0,0,0,N,N,N
2012-10-05 00:00:00,Z,V-3,27153961,20385,3,A,12264,20,VRLP00,7677,2012-10-05 12:37:52,2012-10-05 12:38:31,26,26,0,0,11,0,0,0,0,0,0,0,0,0,0,0,0,N,N,N
2012-10-05 00:00:00,Z,V-3,27153961,20385,3,A,12264,21,PREL00,8090,2012-10-05 12:38:44,2012-10-05 12:39:14,26,26,0,0,11,0,0,0,0,0,0,0,0,0,0,0,0,N,N,N
2012-10-05 00:00:00,Z,V-3,27153961,20385,3,A,12264,22,CXCE00,8540,2012-10-05 12:39:40,2012-10-05 12:40:17,26,26,0,1,10,0,0,0,1,0,0,0,0,0,0,0,0,N,N,N
2012-10-05 00:00:00,Z,V-3,27153961,20385,3,A,12264,23,CXEC00,8927,2012-10-05 12:40:30,2012-10-05 12:41:25,26,26,0,4,6,0,0,0,2,0,1,0,1,0,0,0,0,N,N,N
2012-10-05 00:00:00,Z,V-3,27153961,20385,3,A,12264,24,SCHA00,9220,2012-10-05 12:41:08,2012-10-05 12:41:55,26,26,0,0,6,0,0,0,0,0,0,0,0,0,0,0,0,N,N,N
2012-10-05 00:00:00,Z,V-3,27153961,20385,3,A,12264,25,BOSY01,10069,2012-10-05 12:43:00,2012-10-05 12:43:10,26,26,0,3,3,0,0,0,2,0,1,0,0,0,0,0,0,N,N,N
2012-10-05 00:00:00,Z,V-3,27153961,20385,3,A,12264,26,_BSDNF,11261,2012-10-05 12:45:10,2012-10-05 12:44:46,26,26,0,0,3,0,0,0,0,0,0,0,0,0,0,0,0,N,N,N
2012-10-05 00:00:00,Z,V-3,27153961,20385,3,A,12264,27,BOCH00,12264,2012-10-05 12:47:00,2012-10-05 12:45:43,26,26,0,3,0,0,0,0,0,0,2,0,1,0,0,0,0,N,N,N
2012-10-05 00:00:00,Z,V-3,27153962,20385,8,R,11981,1,BOCH00,0,2012-10-05 12:52:00,2012-10-05 12:53:23,53,34,0,0,0,0,0,0,0,0,0,0,0,0,0,0,0,N,N,N
2012-10-05 00:00:00,Z,V-3,27153962,20385,8,R,11981,2,_BSDNS,1044,2012-10-05 12:54:00,2012-10-05 12:55:19,53,34,0,0,0,0,0,0,0,0,0,0,0,0,0,0,0,N,N,N
2012-10-05 00:00:00,Z,V-3,27153962,20385,8,R,11981,3,BOSY00,2259,2012-10-05 12:56:20,2012-10-05 12:57:26,53,34,4,0,4,0,0,0,0,4,0,0,0,0,0,0,0,N,N,N
2012-10-05 00:00:00,Z,V-3,27153962,20385,8,R,11981,4,SCHA01,3119,2012-10-05 12:58:14,2012-10-05 12:58:23,53,34,0,0,4,0,0,0,0,0,0,0,0,0,0,0,0,N,N,N
2012-10-05 00:00:00,Z,V-3,27153962,20385,8,R,11981,5,CXEC01,3392,2012-10-05 12:58:51,2012-10-05 12:59:08,53,34,4,1,7,0,0,0,1,2,0,2,0,0,0,0,0,N,N,N
2012-10-05 00:00:00,Z,V-3,27153962,20385,8,R,11981,6,CXCE01,3755,2012-10-05 12:59:40,2012-10-05 13:00:26,53,34,2,0,9,0,0,0,0,2,0,0,0,0,0,0,0,N,N,N
2012-10-05 00:00:00,Z,V-3,27153962,20385,8,R,11981,7,PREL01,4113,2012-10-05 13:00:32,2012-10-05 13:01:25,53,34,1,1,9,0,0,1,0,0,0,0,1,0,0,0,0,N,N,N
2012-10-05 00:00:00,Z,V-3,27153962,20385,8,R,11981,8,VRLP01,4615,2012-10-05 13:01:45,2012-10-05 13:02:24,53,34,0,0,9,0,0,0,0,0,0,0,0,0,0,0,0,N,N,N
2012-10-05 00:00:00,Z,V-3,27153962,20385,8,R,11981,9,PLNT01,5303,2012-10-05 13:03:25,2012-10-05 13:03:23,53,34,0,0,9,0,0,0,0,0,0,0,0,0,0,0,0,N,N,N
2012-10-05 00:00:00,Z,V-3,27153962,20385,8,R,11981,10,COLO01,5674,2012-10-05 13:04:20,2012-10-05 13:04:26,53,34,9,0,18,0,0,4,0,4,0,1,0,0,0,0,0,N,N,N
2012-10-05 00:00:00,Z,V-3,27153962,20385,8,R,11981,11,CLYS01,6307,2012-10-05 13:05:56,2012-10-05 13:05:32,53,34,0,0,18,0,0,0,0,0,0,0,0,0,0,0,0,N,N,N
2012-10-05 00:00:00,Z,V-3,27153962,20385,8,R,11981,12,NANT01,6764,2012-10-05 13:07:06,2012-10-05 13:06:36,53,34,1,0,19,0,0,1,0,0,0,0,0,0,0,0,0,N,N,N
2012-10-05 00:00:00,Z,V-3,27153962,20385,8,R,11981,13,MACH01,7162,2012-10-05 13:08:07,2012-10-05 13:07:47,53,34,1,0,20,0,0,0,0,1,0,0,0,0,0,0,0,N,N,N
2012-10-05 00:00:00,Z,V-3,27153962,20385,8,R,11981,14,FTAI01,7546,2012-10-05 13:09:06,2012-10-05 13:08:49,53,34,3,0,23,0,0,1,0,2,0,0,0,0,0,0,0,N,N,N
2012-10-05 00:00:00,Z,V-3,27153962,20385,8,R,11981,15,CARO01,7840,2012-10-05 13:09:51,2012-10-05 13:10:02,53,34,8,1,30,0,0,5,0,3,1,0,0,0,0,0,0,N,N,N
2012-10-05 00:00:00,Z,V-3,27153962,20385,8,R,11981,16,CBFO01,8158,2012-10-05 13:10:40,2012-10-05 13:11:00,53,34,1,0,31,0,0,0,0,1,0,0,0,0,0,0,0,N,N,N
2012-10-05 00:00:00,Z,V-3,27153962,20385,8,R,11981,17,CBPL01,8338,2012-10-05 13:11:05,2012-10-05 13:11:48,53,34,4,0,35,0,0,2,0,2,0,0,0,0,0,0,0,N,N,N
2012-10-05 00:00:00,Z,V-3,27153962,20385,8,R,11981,18,PYMA01,8949,2012-10-05 13:12:33,2012-10-05 13:13:03,53,34,1,0,36,0,0,0,0,0,0,1,0,0,0,0,0,N,N,N
2012-10-05 00:00:00,Z,V-3,27153962,20385,8,R,11981,19,PYVI01,9276,2012-10-05 13:13:20,2012-10-05 13:14:07,53,34,1,0,37,0,0,1,0,0,0,0,0,0,0,0,0,N,N,N
2012-10-05 00:00:00,Z,V-3,27153962,20385,8,R,11981,20,PENT01,9556,2012-10-05 13:14:07,2012-10-05 13:15:25,53,34,3,0,40,0,0,3,0,0,0,0,0,0,0,0,0,N,N,N
2012-10-05 00:00:00,Z,V-3,27153962,20385,8,R,11981,21,FENE01,9826,2012-10-05 13:14:53,2012-10-05 13:16:32,53,34,2,0,42,0,0,2,0,0,0,0,0,0,0,0,0,N,N,N
2012-10-05 00:00:00,Z,V-3,27153962,20385,8,R,11981,22,APIA03,10197,2012-10-05 13:15:57,2012-10-05 13:17:33,53,34,3,2,43,0,0,2,2,1,0,0,0,0,0,0,0,N,N,N
2012-10-05 00:00:00,Z,V-3,27153962,20385,8,R,11981,23,NATI14,10798,2012-10-05 13:17:40,2012-10-05 13:19:26,53,34,5,28,20,0,0,4,8,0,13,1,7,0,0,0,0,N,N,N
2012-10-05 00:00:00,Z,V-3,27153962,20385,8,R,11981,24,VRBE02,10997,2012-10-05 13:18:23,2012-10-05 13:21:04,53,34,0,0,20,0,0,0,0,0,0,0,0,0,0,0,0,N,N,N
2012-10-05 00:00:00,Z,V-3,27153962,20385,8,R,11981,25,VLAI01,11497,2012-10-05 13:20:13,2012-10-05 13:22:04,53,34,0,1,19,0,0,0,0,0,0,0,1,0,0,0,0,N,N,N
2012-10-05 00:00:00,Z,V-3,27153962,20385,8,R,11981,26,CVIN22,11981,2012-10-05 13:22:00,2012-10-05 13:23:35,53,34,0,0,19,0,0,0,0,0,0,0,0,0,0,0,0,N,N,N
2012-10-05 00:00:00,V,V-3,27153963,20385,8,A,15766,1,CVIN22,0,2012-10-05 13:30:00,2012-10-05 13:32:29,24,32,3,0,3,0,0,3,0,0,0,0,0,0,0,0,0,N,Y,Y
2012-10-05 00:00:00,V,V-3,27153963,20385,8,A,15766,2,POST00,451,2012-10-05 13:32:09,2012-10-05 13:35:57,24,32,1,0,4,0,0,1,0,0,0,0,0,0,0,0,0,N,N,N
2012-10-05 00:00:00,V,V-3,27153963,20385,8,A,15766,3,VLAI00,832,2012-10-05 13:33:58,2012-10-05 13:37:15,24,32,2,0,6,0,0,1,0,1,0,0,0,0,0,0,0,N,N,N
2012-10-05 00:00:00,V,V-3,27153963,20385,8,A,15766,4,VRBE01,1280,2012-10-05 13:36:06,2012-10-05 13:38:35,24,32,2,1,7,0,0,1,0,0,1,1,0,0,0,0,0,N,N,N
2012-10-05 00:00:00,V,V-3,27153963,20385,8,A,15766,5,NATI15,1465,2012-10-05 13:37:00,2012-10-05 13:41:06,24,32,9,0,16,0,0,4,0,5,0,0,0,0,0,0,0,N,N,N
2012-10-05 00:00:00,V,V-3,27153963,20385,8,A,15766,6,APIA02,2123,2012-10-05 13:39:16,2012-10-05 13:44:45,24,32,1,1,16,0,0,1,1,0,0,0,0,0,0,0,0,N,N,N
2012-10-05 00:00:00,V,V-3,27153963,20385,8,A,15766,7,FENE00,2490,2012-10-05 13:40:31,2012-10-05 13:45:46,24,32,0,0,16,0,0,0,0,0,0,0,0,0,0,0,0,N,N,N
2012-10-05 00:00:00,V,V-3,27153963,20385,8,A,15766,8,PENT00,2746,2012-10-05 13:41:24,2012-10-05 13:46:35,24,32,1,1,16,0,0,1,1,0,0,0,0,0,0,0,0,N,N,N
2012-10-05 00:00:00,V,V-3,27153963,20385,8,A,15766,9,PYVI00,3013,2012-10-05 13:42:20,2012-10-05 13:47:16,24,32,0,0,16,0,0,0,0,0,0,0,0,0,0,0,0,N,N,N
2012-10-05 00:00:00,V,V-3,27153963,20385,8,A,15766,10,PYMA00,3399,2012-10-05 13:43:19,2012-10-05 13:48:10,24,32,0,0,16,0,0,0,0,0,0,0,0,0,0,0,0,N,N,N
2012-10-05 00:00:00,V,V-3,27153963,20385,8,A,15766,11,CBPL00,3980,2012-10-05 13:44:49,2012-10-05 13:49:24,24,32,0,1,15,0,0,0,0,0,1,0,0,0,0,0,0,N,N,N
2012-10-05 00:00:00,V,V-3,27153963,20385,8,A,15766,12,CBFO00,4174,2012-10-05 13:45:20,2012-10-05 13:50:05,24,32,0,1,14,0,0,0,0,0,0,0,1,0,0,0,0,N,N,N
2012-10-05 00:00:00,V,V-3,27153963,20385,8,A,15766,13,CARO00,4499,2012-10-05 13:46:00,2012-10-05 13:50:50,24,32,1,0,15,0,0,0,0,1,0,0,0,0,0,0,0,N,N,N
2012-10-05 00:00:00,V,V-3,27153963,20385,8,A,15766,14,FTAI00,4821,2012-10-05 13:46:39,2012-10-05 13:51:29,24,32,0,0,15,0,0,0,0,0,0,0,0,0,0,0,0,N,N,N
2012-10-05 00:00:00,V,V-3,27153963,20385,8,A,15766,15,MACH00,5174,2012-10-05 13:47:23,2012-10-05 13:52:13,24,32,0,1,14,0,0,0,0,0,0,0,1,0,0,0,0,N,N,N
2012-10-05 00:00:00,V,V-3,27153963,20385,8,A,15766,16,NANT00,5544,2012-10-05 13:48:08,2012-10-05 13:53:12,24,32,0,0,14,0,0,0,0,0,0,0,0,0,0,0,0,N,N,N
2012-10-05 00:00:00,V,V-3,27153963,20385,8,A,15766,17,CLYS00,5950,2012-10-05 13:48:58,2012-10-05 13:53:52,24,32,0,0,14,0,0,0,0,0,0,0,0,0,0,0,0,N,N,N
2012-10-05 00:00:00,V,V-3,27153963,20385,8,A,15766,18,COLO00,6609,2012-10-05 13:50:20,2012-10-05 13:54:41,24,32,0,0,14,0,0,0,0,0,0,0,0,0,0,0,0,N,N,N
2012-10-05 00:00:00,V,V-3,27153963,20385,8,A,15766,19,CHTS00,6962,2012-10-05 13:51:05,2012-10-05 13:55:31,24,32,0,1,13,0,0,0,1,0,0,0,0,0,0,0,0,N,N,N
2012-10-05 00:00:00,V,V-3,27153963,20385,8,A,15766,20,VVRA00,7358,2012-10-05 13:51:56,2012-10-05 13:56:26,24,32,0,5,8,0,0,0,1,0,3,0,1,0,0,0,0,N,N,N
2012-10-05 00:00:00,V,V-3,27153963,20385,8,A,15766,21,VXVV00,7897,2012-10-05 13:53:06,2012-10-05 13:57:55,24,32,0,1,7,0,0,0,1,0,0,0,0,0,0,0,0,N,N,N
2012-10-05 00:00:00,V,V-3,27153963,20385,8,A,15766,22,CNAE00,8277,2012-10-05 13:53:55,2012-10-05 13:59:04,24,32,0,2,5,0,0,0,2,0,0,0,0,0,0,0,0,N,N,N
2012-10-05 00:00:00,V,V-3,27153963,20385,8,A,15766,23,GEBE00,8620,2012-10-05 13:54:40,2012-10-05 13:59:54,24,32,0,2,3,0,0,0,2,0,0,0,0,0,0,0,0,N,N,N
2012-10-05 00:00:00,V,V-3,27153963,20385,8,A,15766,24,SAGY00,9131,2012-10-05 13:55:55,2012-10-05 14:00:42,24,32,0,0,3,0,0,0,0,0,0,0,0,0,0,0,0,N,N,N
2012-10-05 00:00:00,V,V-3,27153963,20385,8,A,15766,25,GTVI00,9834,2012-10-05 13:57:40,2012-10-05 14:02:43,24,32,0,3,0,0,0,0,1,0,0,0,2,0,0,0,0,N,N,N
2012-10-05 00:00:00,V,V-3,27153963,20385,8,A,15766,26,PRLA00,10324,2012-10-05 13:59:01,2012-10-05 14:03:58,24,32,0,1,0,0,0,0,1,0,0,0,0,0,0,0,0,N,N,N
2012-10-05 00:00:00,V,V-3,27153963,20385,8,A,15766,27,MLGN00,10555,2012-10-05 13:59:39,2012-10-05 14:04:34,24,32,0,0,0,0,0,0,0,0,0,0,0,0,0,0,0,N,N,N
2012-10-05 00:00:00,V,V-3,27153963,20385,8,A,15766,28,FAYA00,11161,2012-10-05 14:01:19,2012-10-05 14:06:01,24,32,1,3,0,0,0,1,1,0,2,0,0,0,0,0,0,N,N,N
2012-10-05 00:00:00,V,V-3,27153963,20385,8,A,15766,29,ENVE00,11524,2012-10-05 14:02:20,2012-10-05 14:06:53,24,32,0,0,0,0,0,0,0,0,0,0,0,0,0,0,0,N,N,N
2012-10-05 00:00:00,V,V-3,27153963,20385,8,A,15766,30,VXBO00,11856,2012-10-05 14:03:43,2012-10-05 14:08:14,24,32,0,0,0,0,0,0,0,0,0,0,0,0,0,0,0,N,N,N
2012-10-05 00:00:00,V,V-3,27153963,20385,8,A,15766,31,VXGA00,12320,2012-10-05 14:05:40,2012-10-05 14:10:00,24,32,3,2,1,0,0,2,1,1,1,0,0,0,0,0,0,N,N,N
2012-10-05 00:00:00,V,V-3,27153963,20385,8,A,15766,32,ALCH00,12782,2012-10-05 14:07:00,2012-10-05 14:11:03,24,32,0,0,1,0,0,0,0,0,0,0,0,0,0,0,0,N,N,N
2012-10-05 00:00:00,V,V-3,27153963,20385,8,A,15766,33,AMAR00,13135,2012-10-05 14:08:02,2012-10-05 14:11:49,24,32,0,0,1,0,0,0,0,0,0,0,0,0,0,0,0,N,N,N
2012-10-05 00:00:00,V,V-3,27153963,20385,8,A,15766,34,PCEA00,13575,2012-10-05 14:09:18,2012-10-05 14:12:46,24,32,0,0,1,0,0,0,0,0,0,0,0,0,0,0,0,N,N,N
2012-10-05 00:00:00,V,V-3,27153963,20385,8,A,15766,35,POCH00,14010,2012-10-05 14:10:34,2012-10-05 14:13:38,24,32,0,0,1,0,0,0,0,0,0,0,0,0,0,0,0,N,N,N
2012-10-05 00:00:00,V,V-3,27153963,20385,8,A,15766,36,MTFL00,14409,2012-10-05 14:11:44,2012-10-05 14:15:42,24,32,0,6,0,0,0,0,5,0,1,0,0,0,0,0,0,N,N,N
2012-10-05 00:00:00,V,V-3,27153963,20385,8,A,15766,37,ECOG00,15187,2012-10-05 14:14:00,2012-10-05 14:17:44,24,32,0,0,0,0,0,0,0,0,0,0,0,0,0,0,0,N,N,N
2012-10-05 00:00:00,V,V-3,27153963,20385,8,A,15766,38,CSLB01,15766,2012-10-05 14:15:00,2012-10-05 14:18:53,24,32,0,0,0,0,0,0,0,0,0,0,0,0,0,0,0,N,N,N
2012-10-05 00:00:00,V,V-3,27153964,20385,9,R,15484,1,CSLB01,0,2012-10-05 14:25:00,2012-10-05 14:26:29,37,48,1,0,1,0,0,1,0,0,0,0,0,0,0,0,0,N,N,N
2012-10-05 00:00:00,V,V-3,27153964,20385,9,R,15484,2,ECOG01,698,2012-10-05 14:27:00,2012-10-05 14:29:11,37,48,1,0,2,0,0,1,0,0,0,0,0,0,0,0,0,N,N,N
2012-10-05 00:00:00,V,V-3,27153964,20385,9,R,15484,3,MTFL01,1506,2012-10-05 14:29:16,2012-10-05 14:31:02,37,48,1,0,3,0,0,0,0,1,0,0,0,0,0,0,0,N,N,N
2012-10-05 00:00:00,V,V-3,27153964,20385,9,R,15484,4,POCH01,1821,2012-10-05 14:30:09,2012-10-05 14:32:53,37,48,2,0,5,0,0,0,0,0,0,2,0,0,0,0,0,N,N,N
2012-10-05 00:00:00,V,V-3,27153964,20385,9,R,15484,5,PCEA01,2338,2012-10-05 14:31:36,2012-10-05 14:34:16,37,48,2,0,7,0,0,1,0,1,0,0,0,0,0,0,0,N,N,N
2012-10-05 00:00:00,V,V-3,27153964,20385,9,R,15484,6,AMAR01,2762,2012-10-05 14:32:48,2012-10-05 14:35:22,37,48,0,0,7,0,0,0,0,0,0,0,0,0,0,0,0,N,N,N
2012-10-05 00:00:00,V,V-3,27153964,20385,9,R,15484,7,ALCH01,3092,2012-10-05 14:33:44,2012-10-05 14:36:19,37,48,1,1,7,0,0,0,1,0,0,1,0,0,0,0,0,N,N,N
2012-10-05 00:00:00,V,V-3,27153964,20385,9,R,15484,8,VXGA01,3540,2012-10-05 14:35:00,2012-10-05 14:37:32,37,48,5,4,8,0,0,5,2,0,0,0,2,0,0,0,0,N,N,N
2012-10-05 00:00:00,V,V-3,27153964,20385,9,R,15484,9,VXBO01,3959,2012-10-05 14:36:27,2012-10-05 14:38:57,37,48,3,1,10,0,0,2,0,1,1,0,0,0,0,0,0,N,N,N
2012-10-05 00:00:00,V,V-3,27153964,20385,9,R,15484,10,ENVE01,4406,2012-10-05 14:38:00,2012-10-05 14:40:17,37,48,0,0,10,0,0,0,0,0,0,0,0,0,0,0,0,N,N,N
2012-10-05 00:00:00,V,V-3,27153964,20385,9,R,15484,11,FAYA01,4683,2012-10-05 14:38:44,2012-10-05 14:41:25,37,48,2,7,5,0,0,1,6,1,0,0,1,0,0,0,0,N,N,N
2012-10-05 00:00:00,V,V-3,27153964,20385,9,R,15484,12,MLGN01,5220,2012-10-05 14:40:11,2012-10-05 14:42:29,37,48,0,0,5,0,0,0,0,0,0,0,0,0,0,0,0,N,N,N
2012-10-05 00:00:00,V,V-3,27153964,20385,9,R,15484,13,PRLA01,5556,2012-10-05 14:41:05,2012-10-05 14:43:24,37,48,1,0,6,0,0,0,0,0,0,1,0,0,0,0,0,N,N,N
2012-10-05 00:00:00,V,V-3,27153964,20385,9,R,15484,14,GTVI01,6020,2012-10-05 14:42:20,2012-10-05 14:44:45,37,48,2,0,8,0,0,1,0,0,0,1,0,0,0,0,0,N,N,N
2012-10-05 00:00:00,V,V-3,27153964,20385,9,R,15484,15,SAGY01,6738,2012-10-05 14:43:52,2012-10-05 14:46:28,37,48,0,0,8,0,0,0,0,0,0,0,0,0,0,0,0,N,N,N
2012-10-05 00:00:00,V,V-3,27153964,20385,9,R,15484,16,GEBE01,7265,2012-10-05 14:45:00,2012-10-05 14:47:13,37,48,0,0,8,0,0,0,0,0,0,0,0,0,0,0,0,N,N,N
2012-10-05 00:00:00,V,V-3,27153964,20385,9,R,15484,17,CNAE01,7573,2012-10-05 14:45:47,2012-10-05 14:47:51,37,48,0,0,8,0,0,0,0,0,0,0,0,0,0,0,0,N,N,N
2012-10-05 00:00:00,V,V-3,27153964,20385,9,R,15484,18,VXVV01,7895,2012-10-05 14:46:36,2012-10-05 14:48:29,37,48,0,0,8,0,0,0,0,0,0,0,0,0,0,0,0,N,N,N
2012-10-05 00:00:00,V,V-3,27153964,20385,9,R,15484,19,VVRA01,8414,2012-10-05 14:47:56,2012-10-05 14:49:54,37,48,1,0,9,0,0,1,0,0,0,0,0,0,0,0,0,N,N,N
2012-10-05 00:00:00,V,V-3,27153964,20385,9,R,15484,20,CHTS01,8918,2012-10-05 14:49:14,2012-10-05 14:50:38,37,48,0,0,9,0,0,0,0,0,0,0,0,0,0,0,0,N,N,N
2012-10-05 00:00:00,V,V-3,27153964,20385,9,R,15484,21,COLO02,9214,2012-10-05 14:50:00,2012-10-05 14:51:20,37,48,1,1,9,0,0,0,1,1,0,0,0,0,0,0,0,N,N,N
2012-10-05 00:00:00,V,V-3,27153964,20385,9,R,15484,22,CLYS01,9810,2012-10-05 14:51:22,2012-10-05 14:52:22,37,48,0,0,9,0,0,0,0,0,0,0,0,0,0,0,0,N,N,N
2012-10-05 00:00:00,V,V-3,27153964,20385,9,R,15484,23,NANT01,10267,2012-10-05 14:52:26,2012-10-05 14:53:22,37,48,0,0,9,0,0,0,0,0,0,0,0,0,0,0,0,N,N,N
2012-10-05 00:00:00,V,V-3,27153964,20385,9,R,15484,24,MACH01,10665,2012-10-05 14:53:21,2012-10-05 14:54:16,37,48,0,0,9,0,0,0,0,0,0,0,0,0,0,0,0,N,N,N
2012-10-05 00:00:00,V,V-3,27153964,20385,9,R,15484,25,FTAI01,11049,2012-10-05 14:54:14,2012-10-05 14:55:04,37,48,2,0,11,0,0,2,0,0,0,0,0,0,0,0,0,N,N,N
2012-10-05 00:00:00,V,V-3,27153964,20385,9,R,15484,26,CARO01,11343,2012-10-05 14:54:55,2012-10-05 14:56:00,37,48,1,0,12,0,0,1,0,0,0,0,0,0,0,0,0,N,N,N
2012-10-05 00:00:00,V,V-3,27153964,20385,9,R,15484,27,CBFO01,11661,2012-10-05 14:55:40,2012-10-05 14:56:55,37,48,1,0,13,0,0,1,0,0,0,0,0,0,0,0,0,N,N,N
2012-10-05 00:00:00,V,V-3,27153964,20385,9,R,15484,28,CBPL01,11841,2012-10-05 14:56:05,2012-10-05 14:57:36,37,48,0,0,13,0,0,0,0,0,0,0,0,0,0,0,0,N,N,N
2012-10-05 00:00:00,V,V-3,27153964,20385,9,R,15484,29,PYMA01,12452,2012-10-05 14:57:33,2012-10-05 14:58:40,37,48,0,0,13,0,0,0,0,0,0,0,0,0,0,0,0,N,N,N
2012-10-05 00:00:00,V,V-3,27153964,20385,9,R,15484,30,PYVI01,12779,2012-10-05 14:58:20,2012-10-05 14:59:39,37,48,0,0,13,0,0,0,0,0,0,0,0,0,0,0,0,N,N,N
2012-10-05 00:00:00,V,V-3,27153964,20385,9,R,15484,31,PENT01,13059,2012-10-05 14:59:07,2012-10-05 15:00:39,37,48,6,2,17,0,0,6,2,0,0,0,0,0,0,0,0,N,N,N
2012-10-05 00:00:00,V,V-3,27153964,20385,9,R,15484,32,FENE01,13329,2012-10-05 14:59:53,2012-10-05 15:01:15,37,48,0,0,17,0,0,0,0,0,0,0,0,0,0,0,0,N,N,N
2012-10-05 00:00:00,V,V-3,27153964,20385,9,R,15484,33,APIA03,13700,2012-10-05 15:00:57,2012-10-05 15:02:05,37,48,2,2,17,0,0,2,1,0,1,0,0,0,0,0,0,N,N,N
2012-10-05 00:00:00,V,V-3,27153964,20385,9,R,15484,34,NATI14,14301,2012-10-05 15:02:40,2012-10-05 15:04:26,37,48,0,15,2,0,0,0,5,0,8,0,2,0,0,0,0,N,N,N
2012-10-05 00:00:00,V,V-3,27153964,20385,9,R,15484,35,VRBE02,14500,2012-10-05 15:03:23,2012-10-05 15:06:10,37,48,1,2,1,0,0,0,2,1,0,0,0,0,0,0,0,N,N,N
2012-10-05 00:00:00,V,V-3,27153964,20385,9,R,15484,36,VLAI01,15000,2012-10-05 15:05:13,2012-10-05 15:07:40,37,48,1,0,2,0,0,0,0,0,0,1,0,0,0,0,0,N,N,N
2012-10-05 00:00:00,V,V-3,27153964,20385,9,R,15484,37,CVIN22,15484,2012-10-05 15:07:00,2012-10-05 15:09:34,37,48,0,13,0,0,0,0,7,0,3,0,3,0,0,0,0,N,N,N
2012-10-05 00:00:00,Z,V-3,27153965,20385,4,A,10163,1,CVIN22,0,2012-10-05 15:15:00,2012-10-05 15:15:31,25,33,3,0,3,0,0,1,0,1,0,1,0,0,0,0,0,N,Y,Y
2012-10-05 00:00:00,Z,V-3,27153965,20385,4,A,10163,2,POST00,451,2012-10-05 15:17:15,2012-10-05 15:18:31,25,33,0,0,3,0,0,0,0,0,0,0,0,0,0,0,0,N,N,N
2012-10-05 00:00:00,Z,V-3,27153965,20385,4,A,10163,3,VLAI00,832,2012-10-05 15:19:09,2012-10-05 15:19:54,25,33,2,0,5,0,0,2,0,0,0,0,0,0,0,0,0,N,N,N
2012-10-05 00:00:00,Z,V-3,27153965,20385,4,A,10163,4,VRBE01,1280,2012-10-05 15:21:24,2012-10-05 15:21:09,25,33,10,0,15,0,0,8,0,2,0,0,0,0,0,0,0,N,N,N
2012-10-05 00:00:00,Z,V-3,27153965,20385,4,A,10163,5,NATI15,1465,2012-10-05 15:22:20,2012-10-05 15:23:28,25,33,6,1,20,0,0,4,1,1,0,1,0,0,0,0,0,N,N,N
2012-10-05 00:00:00,Z,V-3,27153965,20385,4,A,10163,6,APIA02,2123,2012-10-05 15:24:44,2012-10-05 15:26:26,25,33,0,0,20,0,0,0,0,0,0,0,0,0,0,0,0,N,N,N
2012-10-05 00:00:00,Z,V-3,27153965,20385,4,A,10163,7,FENE00,2490,2012-10-05 15:26:05,2012-10-05 15:27:22,25,33,0,0,20,0,0,0,0,0,0,0,0,0,0,0,0,N,N,N
2012-10-05 00:00:00,Z,V-3,27153965,20385,4,A,10163,8,PENT00,2746,2012-10-05 15:27:01,2012-10-05 15:28:12,25,33,1,0,21,0,0,1,0,0,0,0,0,0,0,0,0,N,N,N
2012-10-05 00:00:00,Z,V-3,27153965,20385,4,A,10163,9,PYVI00,3013,2012-10-05 15:28:00,2012-10-05 15:28:50,25,33,0,0,21,0,0,0,0,0,0,0,0,0,0,0,0,N,N,N
2012-10-05 00:00:00,Z,V-3,27153965,20385,4,A,10163,10,PYMA00,3399,2012-10-05 15:28:59,2012-10-05 15:29:54,25,33,0,2,19,0,0,0,2,0,0,0,0,0,0,0,0,N,N,N
2012-10-05 00:00:00,Z,V-3,27153965,20385,4,A,10163,11,CBPL00,3980,2012-10-05 15:30:29,2012-10-05 15:31:12,25,33,0,2,17,0,0,0,0,0,2,0,0,0,0,0,0,N,N,N
2012-10-05 00:00:00,Z,V-3,27153965,20385,4,A,10163,12,CBFO00,4174,2012-10-05 15:31:00,2012-10-05 15:31:55,25,33,0,3,14,0,0,0,1,0,2,0,0,0,0,0,0,N,N,N
2012-10-05 00:00:00,Z,V-3,27153965,20385,4,A,10163,13,CARO00,4499,2012-10-05 15:31:45,2012-10-05 15:32:47,25,33,0,3,11,0,0,0,2,0,1,0,0,0,0,0,0,N,N,N
2012-10-05 00:00:00,Z,V-3,27153965,20385,4,A,10163,14,FTAI00,4821,2012-10-05 15:32:30,2012-10-05 15:33:29,25,33,0,0,11,0,0,0,0,0,0,0,0,0,0,0,0,N,N,N
2012-10-05 00:00:00,Z,V-3,27153965,20385,4,A,10163,15,MACH00,5174,2012-10-05 15:33:19,2012-10-05 15:34:17,25,33,2,3,10,0,0,2,0,0,2,0,1,0,0,0,0,N,N,N
2012-10-05 00:00:00,Z,V-3,27153965,20385,4,A,10163,16,NANT00,5544,2012-10-05 15:34:11,2012-10-05 15:35:23,25,33,0,1,9,0,0,0,0,0,0,0,1,0,0,0,0,N,N,N
2012-10-05 00:00:00,Z,V-3,27153965,20385,4,A,10163,17,CLYS00,5950,2012-10-05 15:35:07,2012-10-05 15:36:06,25,33,0,0,9,0,0,0,0,0,0,0,0,0,0,0,0,N,N,N
2012-10-05 00:00:00,Z,V-3,27153965,20385,4,A,10163,18,COLO00,6609,2012-10-05 15:36:40,2012-10-05 15:37:07,25,33,1,1,9,0,0,0,1,1,0,0,0,0,0,0,0,N,N,N
2012-10-05 00:00:00,Z,V-3,27153965,20385,4,A,10163,19,PLNT00,7006,2012-10-05 15:37:33,2012-10-05 15:38:13,25,33,0,1,8,0,0,0,1,0,0,0,0,0,0,0,0,N,N,N
2012-10-05 00:00:00,Z,V-3,27153965,20385,4,A,10163,20,VRLP00,7677,2012-10-05 15:39:03,2012-10-05 15:39:25,25,33,0,0,8,0,0,0,0,0,0,0,0,0,0,0,0,N,N,N
2012-10-05 00:00:00,Z,V-3,27153965,20385,4,A,10163,21,PREL00,8090,2012-10-05 15:39:59,2012-10-05 15:40:08,25,33,0,0,8,0,0,0,0,0,0,0,0,0,0,0,0,N,N,N
2012-10-05 00:00:00,Z,V-3,27153965,20385,4,A,10163,22,CXCE00,8540,2012-10-05 15:41:00,2012-10-05 15:41:19,25,33,0,2,6,0,0,0,2,0,0,0,0,0,0,0,0,N,N,N
2012-10-05 00:00:00,Z,V-3,27153965,20385,4,A,10163,23,CXEC00,8927,2012-10-05 15:41:42,2012-10-05 15:42:45,25,33,0,11,0,0,0,0,6,0,4,0,1,0,0,0,0,N,N,N
2012-10-05 00:00:00,Z,V-3,27153965,20385,4,A,10163,24,SCHA00,9220,2012-10-05 15:42:15,2012-10-05 15:43:16,25,33,0,0,0,0,0,0,0,0,0,0,0,0,0,0,0,N,N,N
2012-10-05 00:00:00,Z,V-3,27153965,20385,4,A,10163,25,BOSY00,10163,2012-10-05 15:44:00,2012-10-05 15:44:40,25,33,0,3,0,0,0,0,3,0,0,0,0,0,0,0,0,N,N,N
2012-10-05 00:00:00,Z,V-3,27153966,20385,9,R,9722,1,BOSY00,0,2012-10-05 15:55:00,2012-10-05 15:55:33,18,20,1,0,1,0,0,0,0,0,0,1,0,0,0,0,0,N,N,N
2012-10-05 00:00:00,Z,V-3,27153966,20385,9,R,9722,2,SCHA01,860,2012-10-05 15:56:54,2012-10-05 15:57:04,18,20,0,0,1,0,0,0,0,0,0,0,0,0,0,0,0,N,N,N
2012-10-05 00:00:00,Z,V-3,27153966,20385,9,R,9722,3,CXEC01,1133,2012-10-05 15:57:31,2012-10-05 15:57:54,18,20,1,1,1,0,0,1,0,0,0,0,1,0,0,0,0,N,N,N
2012-10-05 00:00:00,Z,V-3,27153966,20385,9,R,9722,4,CXCE01,1496,2012-10-05 15:58:20,2012-10-05 15:59:07,18,20,0,0,1,0,0,0,0,0,0,0,0,0,0,0,0,N,N,N
2012-10-05 00:00:00,Z,V-3,27153966,20385,9,R,9722,5,PREL01,1854,2012-10-05 15:59:08,2012-10-05 16:00:04,18,20,0,0,1,0,0,0,0,0,0,0,0,0,0,0,0,N,N,N
2012-10-05 00:00:00,Z,V-3,27153966,20385,9,R,9722,6,VRLP01,2356,,2012-10-05 16:01:07,18,20,0,0,1,0,0,0,0,0,0,0,0,0,0,0,0,N,Y,Y
2012-10-05 00:00:00,Z,V-3,27153966,20385,9,R,9722,7,PLNT01,3044,2012-10-05 16:01:49,2012-10-05 16:02:21,18,20,0,0,1,0,0,0,0,0,0,0,0,0,0,0,0,N,N,N
2012-10-05 00:00:00,Z,V-3,27153966,20385,9,R,9722,8,COLO01,3415,2012-10-05 16:02:40,2012-10-05 16:03:10,18,20,0,0,1,0,0,0,0,0,0,0,0,0,0,0,0,N,N,N
2012-10-05 00:00:00,Z,V-3,27153966,20385,9,R,9722,9,CLYS01,4048,2012-10-05 16:04:16,2012-10-05 16:04:25,18,20,0,0,1,0,0,0,0,0,0,0,0,0,0,0,0,N,N,N
2012-10-05 00:00:00,Z,V-3,27153966,20385,9,R,9722,10,NANT01,4505,2012-10-05 16:05:26,2012-10-05 16:05:34,18,20,0,0,1,0,0,0,0,0,0,0,0,0,0,0,0,N,N,N
2012-10-05 00:00:00,Z,V-3,27153966,20385,9,R,9722,11,MACH01,4903,2012-10-05 16:06:27,2012-10-05 16:06:55,18,20,1,0,2,0,0,0,0,1,0,0,0,0,0,0,0,N,N,N
2012-10-05 00:00:00,Z,V-3,27153966,20385,9,R,9722,12,FTAI01,5287,2012-10-05 16:07:26,2012-10-05 16:07:49,18,20,1,0,3,0,0,1,0,0,0,0,0,0,0,0,0,N,N,N
2012-10-05 00:00:00,Z,V-3,27153966,20385,9,R,9722,13,CARO01,5581,2012-10-05 16:08:11,2012-10-05 16:08:44,18,20,1,0,4,0,0,1,0,0,0,0,0,0,0,0,0,N,N,N
2012-10-05 00:00:00,Z,V-3,27153966,20385,9,R,9722,14,CBFO01,5899,2012-10-05 16:09:00,2012-10-05 16:10:05,18,20,3,0,7,0,0,0,0,3,0,0,0,0,0,0,0,N,N,N
2012-10-05 00:00:00,Z,V-3,27153966,20385,9,R,9722,15,CBPL01,6079,2012-10-05 16:09:28,2012-10-05 16:10:51,18,20,0,1,6,0,0,0,0,0,1,0,0,0,0,0,0,N,N,N
2012-10-05 00:00:00,Z,V-3,27153966,20385,9,R,9722,16,PYMA01,6690,2012-10-05 16:11:07,2012-10-05 16:12:08,18,20,3,0,9,0,0,1,0,1,0,1,0,0,0,0,0,N,N,N
2012-10-05 00:00:00,Z,V-3,27153966,20385,9,R,9722,17,PYVI01,7017,2012-10-05 16:12:00,2012-10-05 16:13:38,18,20,1,0,10,0,0,1,0,0,0,0,0,0,0,0,0,N,N,N
2012-10-05 00:00:00,Z,V-3,27153966,20385,9,R,9722,18,PENT01,7297,2012-10-05 16:12:55,2012-10-05 16:14:30,18,20,2,0,12,0,0,2,0,0,0,0,0,0,0,0,0,N,N,N
2012-10-05 00:00:00,Z,V-3,27153966,20385,9,R,9722,19,FENE01,7567,2012-10-05 16:13:48,2012-10-05 16:15:11,18,20,0,0,12,0,0,0,0,0,0,0,0,0,0,0,0,N,N,N
2012-10-05 00:00:00,Z,V-3,27153966,20385,9,R,9722,20,APIA03,7938,2012-10-05 16:15:01,2012-10-05 16:16:07,18,20,2,1,13,0,0,1,0,1,1,0,0,0,0,0,0,N,N,N
2012-10-05 00:00:00,Z,V-3,27153966,20385,9,R,9722,21,NATI14,8539,2012-10-05 16:17:00,2012-10-05 16:18:36,18,20,2,7,8,0,0,0,4,1,2,1,1,0,0,0,0,N,N,N
2012-10-05 00:00:00,Z,V-3,27153966,20385,9,R,9722,22,VRBE02,8738,2012-10-05 16:17:43,2012-10-05 16:19:41,18,20,0,1,7,0,0,0,1,0,0,0,0,0,0,0,0,N,N,N
2012-10-05 00:00:00,Z,V-3,27153966,20385,9,R,9722,23,VLAI01,9238,2012-10-05 16:19:33,2012-10-05 16:20:47,18,20,0,0,7,0,0,0,0,0,0,0,0,0,0,0,0,N,N,N
2012-10-05 00:00:00,Z,V-3,27153966,20385,9,R,9722,24,CVIN22,9722,2012-10-05 16:21:20,2012-10-05 16:21:56,18,20,0,9,0,0,0,0,6,0,2,0,1,0,0,0,0,N,N,N
2012-10-05 00:00:00,V,V-3,27153967,20385,8,A,15766,1,CVIN22,0,2012-10-05 16:32:00,2012-10-05 16:33:01,63,68,6,0,6,0,0,5,0,1,0,0,0,0,0,0,0,N,N,N
2012-10-05 00:00:00,V,V-3,27153967,20385,8,A,15766,2,POST00,451,2012-10-05 16:34:27,2012-10-05 16:35:29,63,68,4,0,10,0,0,2,0,2,0,0,0,0,0,0,0,N,N,N
2012-10-05 00:00:00,V,V-3,27153967,20385,8,A,15766,3,VLAI00,832,2012-10-05 16:36:32,2012-10-05 16:36:30,63,68,0,0,10,0,0,0,0,0,0,0,0,0,0,0,0,N,N,N
2012-10-05 00:00:00,V,V-3,27153967,20385,8,A,15766,4,VRBE01,1280,2012-10-05 16:38:59,2012-10-05 16:38:09,63,68,4,0,14,0,0,1,0,3,0,0,0,0,0,0,0,N,N,N
2012-10-05 00:00:00,V,V-3,27153967,20385,8,A,15766,5,NATI15,1465,2012-10-05 16:40:00,2012-10-05 16:41:07,63,68,15,1,28,0,0,9,1,6,0,0,0,0,0,0,0,N,N,N
2012-10-05 00:00:00,V,V-3,27153967,20385,8,A,15766,6,APIA02,2123,2012-10-05 16:42:24,2012-10-05 16:42:58,63,68,5,0,33,0,0,3,0,2,0,0,0,0,0,0,0,N,N,N
2012-10-05 00:00:00,V,V-3,27153967,20385,8,A,15766,7,FENE00,2490,2012-10-05 16:43:45,2012-10-05 16:43:51,63,68,0,0,33,0,0,0,0,0,0,0,0,0,0,0,0,N,N,N
2012-10-05 00:00:00,V,V-3,27153967,20385,8,A,15766,8,PENT00,2746,2012-10-05 16:44:41,2012-10-05 16:44:18,63,68,0,0,33,0,0,0,0,0,0,0,0,0,0,0,0,N,N,N
2012-10-05 00:00:00,V,V-3,27153967,20385,8,A,15766,9,PYVI00,3013,2012-10-05 16:45:40,2012-10-05 16:44:54,63,68,0,2,31,0,0,0,1,0,0,0,1,0,0,0,0,N,N,N
2012-10-05 00:00:00,V,V-3,27153967,20385,8,A,15766,10,PYMA00,3399,2012-10-05 16:46:46,2012-10-05 16:45:55,63,68,1,1,31,0,0,0,1,0,0,1,0,0,0,0,0,N,N,N
2012-10-05 00:00:00,V,V-3,27153967,20385,8,A,15766,11,CBPL00,3980,2012-10-05 16:48:26,2012-10-05 16:47:26,63,68,0,3,28,0,0,0,2,0,1,0,0,0,0,0,0,N,N,N
2012-10-05 00:00:00,V,V-3,27153967,20385,8,A,15766,12,CBFO00,4174,2012-10-05 16:49:00,2012-10-05 16:48:13,63,68,0,2,26,0,0,0,0,0,0,0,2,0,0,0,0,N,N,N
2012-10-05 00:00:00,V,V-3,27153967,20385,8,A,15766,13,CARO00,4499,2012-10-05 16:49:48,2012-10-05 16:49:12,63,68,1,5,22,0,0,0,0,1,5,0,0,0,0,0,0,N,N,N
2012-10-05 00:00:00,V,V-3,27153967,20385,8,A,15766,14,FTAI00,4821,2012-10-05 16:50:35,2012-10-05 16:50:14,63,68,0,2,20,0,0,0,1,0,1,0,0,0,0,0,0,N,N,N
2012-10-05 00:00:00,V,V-3,27153967,20385,8,A,15766,15,MACH00,5174,2012-10-05 16:51:27,2012-10-05 16:51:23,63,68,0,5,15,0,0,0,3,0,1,0,1,0,0,0,0,N,N,N
2012-10-05 00:00:00,V,V-3,27153967,20385,8,A,15766,16,NANT00,5544,2012-10-05 16:52:22,2012-10-05 16:52:33,63,68,0,2,13,0,0,0,0,0,2,0,0,0,0,0,0,N,N,N
2012-10-05 00:00:00,V,V-3,27153967,20385,8,A,15766,17,CLYS00,5950,2012-10-05 16:53:22,2012-10-05 16:53:31,63,68,0,0,13,0,0,0,0,0,0,0,0,0,0,0,0,N,N,N
2012-10-05 00:00:00,V,V-3,27153967,20385,8,A,15766,18,COLO00,6609,2012-10-05 16:55:00,2012-10-05 16:54:38,63,68,0,0,13,0,0,0,0,0,0,0,0,0,0,0,0,N,N,N
2012-10-05 00:00:00,V,V-3,27153967,20385,8,A,15766,19,CHTS00,6962,2012-10-05 16:55:49,2012-10-05 16:55:37,63,68,0,0,13,0,0,0,0,0,0,0,0,0,0,0,0,N,N,N
2012-10-05 00:00:00,V,V-3,27153967,20385,8,A,15766,20,VVRA00,7358,2012-10-05 16:56:44,2012-10-05 16:56:21,63,68,0,1,12,0,0,0,1,0,0,0,0,0,0,0,0,N,N,N
2012-10-05 00:00:00,V,V-3,27153967,20385,8,A,15766,21,VXVV00,7897,2012-10-05 16:57:59,2012-10-05 16:58:01,63,68,0,1,11,0,0,0,0,0,0,0,1,0,0,0,0,N,N,N
2012-10-05 00:00:00,V,V-3,27153967,20385,8,A,15766,22,CNAE00,8277,2012-10-05 16:58:52,2012-10-05 16:59:01,63,68,1,1,11,0,0,1,1,0,0,0,0,0,0,0,0,N,N,N
2012-10-05 00:00:00,V,V-3,27153967,20385,8,A,15766,23,GEBE00,8620,2012-10-05 16:59:40,2012-10-05 16:59:48,63,68,0,0,11,0,0,0,0,0,0,0,0,0,0,0,0,N,N,N
2012-10-05 00:00:00,V,V-3,27153967,20385,8,A,15766,24,SAGY00,9131,2012-10-05 17:00:55,2012-10-05 17:00:36,63,68,0,0,11,0,0,0,0,0,0,0,0,0,0,0,0,N,N,N
2012-10-05 00:00:00,V,V-3,27153967,20385,8,A,15766,25,GTVI00,9834,2012-10-05 17:02:40,2012-10-05 17:02:38,63,68,0,3,8,0,0,0,1,0,1,0,1,0,0,0,0,N,N,N
2012-10-05 00:00:00,V,V-3,27153967,20385,8,A,15766,26,PRLA00,10324,2012-10-05 17:04:06,2012-10-05 17:04:10,63,68,0,3,5,0,0,0,1,0,1,0,1,0,0,0,0,N,N,N
2012-10-05 00:00:00,V,V-3,27153967,20385,8,A,15766,27,MLGN00,10555,2012-10-05 17:04:47,2012-10-05 17:04:44,63,68,0,0,5,0,0,0,0,0,0,0,0,0,0,0,0,N,N,N
2012-10-05 00:00:00,V,V-3,27153967,20385,8,A,15766,28,FAYA00,11161,2012-10-05 17:06:35,2012-10-05 17:06:16,63,68,5,2,8,0,0,3,2,1,0,1,0,0,0,0,0,N,N,N
2012-10-05 00:00:00,V,V-3,27153967,20385,8,A,15766,29,ENVE00,11524,2012-10-05 17:07:40,2012-10-05 17:07:32,63,68,1,0,9,0,0,1,0,0,0,0,0,0,0,0,0,N,N,N
2012-10-05 00:00:00,V,V-3,27153967,20385,8,A,15766,30,VXBO00,11856,2012-10-05 17:09:11,2012-10-05 17:09:10,63,68,0,1,8,0,0,0,0,0,1,0,0,0,0,0,0,N,N,N
2012-10-05 00:00:00,V,V-3,27153967,20385,8,A,15766,31,VXGA00,12320,2012-10-05 17:11:20,2012-10-05 17:10:49,63,68,8,4,12,0,0,1,2,4,2,3,0,0,0,0,0,N,N,N
2012-10-05 00:00:00,V,V-3,27153967,20385,8,A,15766,32,ALCH00,12782,2012-10-05 17:12:43,2012-10-05 17:11:50,63,68,0,0,12,0,0,0,0,0,0,0,0,0,0,0,0,N,N,N
2012-10-05 00:00:00,V,V-3,27153967,20385,8,A,15766,33,AMAR00,13135,2012-10-05 17:13:47,2012-10-05 17:13:25,63,68,5,2,15,0,0,1,0,3,1,1,1,0,0,0,0,N,N,N
2012-10-05 00:00:00,V,V-3,27153967,20385,8,A,15766,34,PCEA00,13575,2012-10-05 17:15:07,2012-10-05 17:14:54,63,68,4,3,16,0,0,4,2,0,1,0,0,0,0,0,0,N,N,N
2012-10-05 00:00:00,V,V-3,27153967,20385,8,A,15766,35,POCH00,14010,2012-10-05 17:16:26,2012-10-05 17:16:14,63,68,0,0,16,0,0,0,0,0,0,0,0,0,0,0,0,N,N,N
2012-10-05 00:00:00,V,V-3,27153967,20385,8,A,15766,36,MTFL00,14409,2012-10-05 17:17:38,2012-10-05 17:18:12,63,68,3,10,9,0,0,3,3,0,2,0,5,0,0,0,0,N,N,N
2012-10-05 00:00:00,V,V-3,27153967,20385,8,A,15766,37,ECOG00,15187,2012-10-05 17:20:00,2012-10-05 17:20:34,63,68,0,2,7,0,0,0,0,0,0,0,2,0,0,0,0,N,N,N
2012-10-05 00:00:00,V,V-3,27153967,20385,8,A,15766,38,CSLB01,15766,2012-10-05 17:21:00,2012-10-05 17:21:58,63,68,0,12,0,0,0,0,7,0,5,0,0,0,0,0,0,N,N,N
2012-10-05 00:00:00,V,V-3,27153968,20385,9,R,15484,1,CSLB01,0,2012-10-05 17:26:00,2012-10-05 17:26:11,41,47,0,0,0,0,0,0,0,0,0,0,0,0,0,0,0,N,N,N
2012-10-05 00:00:00,V,V-3,27153968,20385,9,R,15484,2,ECOG01,698,2012-10-05 17:28:20,2012-10-05 17:28:20,41,47,0,0,0,0,0,0,0,0,0,0,0,0,0,0,0,N,N,N
2012-10-05 00:00:00,V,V-3,27153968,20385,9,R,15484,3,MTFL01,1506,2012-10-05 17:30:53,2012-10-05 17:30:46,41,47,11,0,11,0,0,0,0,7,0,4,0,0,0,0,0,N,N,N
2012-10-05 00:00:00,V,V-3,27153968,20385,9,R,15484,4,POCH01,1821,2012-10-05 17:31:53,2012-10-05 17:31:56,41,47,0,0,11,0,0,0,0,0,0,0,0,0,0,0,0,N,N,N
2012-10-05 00:00:00,V,V-3,27153968,20385,9,R,15484,5,PCEA01,2338,2012-10-05 17:33:31,2012-10-05 17:33:34,41,47,1,2,10,0,0,1,0,0,1,0,1,0,0,0,0,N,N,N
2012-10-05 00:00:00,V,V-3,27153968,20385,9,R,15484,6,AMAR01,2762,2012-10-05 17:34:52,2012-10-05 17:35:11,41,47,0,3,7,0,0,0,0,0,1,0,2,0,0,0,0,N,N,N
2012-10-05 00:00:00,V,V-3,27153968,20385,9,R,15484,7,ALCH01,3092,2012-10-05 17:35:54,2012-10-05 17:36:28,41,47,2,0,9,0,0,2,0,0,0,0,0,0,0,0,0,N,N,N
2012-10-05 00:00:00,V,V-3,27153968,20385,9,R,15484,8,VXGA01,3540,2012-10-05 17:37:20,2012-10-05 17:37:54,41,47,8,4,13,0,0,4,1,3,3,1,0,0,0,0,0,N,N,N
2012-10-05 00:00:00,V,V-3,27153968,20385,9,R,15484,9,VXBO01,3959,2012-10-05 17:38:47,2012-10-05 17:39:04,41,47,0,0,13,0,0,0,0,0,0,0,0,0,0,0,0,N,N,N
2012-10-05 00:00:00,V,V-3,27153968,20385,9,R,15484,10,ENVE01,4406,2012-10-05 17:40:20,2012-10-05 17:41:19,41,47,0,0,13,0,0,0,0,0,0,0,0,0,0,0,0,N,N,N
2012-10-05 00:00:00,V,V-3,27153968,20385,9,R,15484,11,FAYA01,4683,2012-10-05 17:41:08,2012-10-05 17:42:24,41,47,1,14,0,0,0,0,4,1,3,0,7,0,0,0,0,N,N,N
2012-10-05 00:00:00,V,V-3,27153968,20385,9,R,15484,12,MLGN01,5220,2012-10-05 17:42:41,2012-10-05 17:44:30,41,47,0,0,0,0,0,0,0,0,0,0,0,0,0,0,0,N,N,N
2012-10-05 00:00:00,V,V-3,27153968,20385,9,R,15484,13,PRLA01,5556,2012-10-05 17:43:39,2012-10-05 17:45:17,41,47,0,0,0,0,0,0,0,0,0,0,0,0,0,0,0,N,N,N
2012-10-05 00:00:00,V,V-3,27153968,20385,9,R,15484,14,GTVI01,6020,2012-10-05 17:45:00,2012-10-05 17:46:50,41,47,1,0,1,0,0,1,0,0,0,0,0,0,0,0,0,N,N,N
2012-10-05 00:00:00,V,V-3,27153968,20385,9,R,15484,15,SAGY01,6738,2012-10-05 17:46:32,2012-10-05 17:49:22,41,47,0,0,1,0,0,0,0,0,0,0,0,0,0,0,0,N,N,N
2012-10-05 00:00:00,V,V-3,27153968,20385,9,R,15484,16,GEBE01,7265,2012-10-05 17:47:40,2012-10-05 17:50:18,41,47,1,0,2,0,0,1,0,0,0,0,0,0,0,0,0,N,N,N
2012-10-05 00:00:00,V,V-3,27153968,20385,9,R,15484,17,CNAE01,7573,2012-10-05 17:48:27,2012-10-05 17:51:01,41,47,0,0,2,0,0,0,0,0,0,0,0,0,0,0,0,N,N,N
2012-10-05 00:00:00,V,V-3,27153968,20385,9,R,15484,18,VXVV01,7895,2012-10-05 17:49:16,2012-10-05 17:51:48,41,47,3,1,4,0,0,3,0,0,0,0,1,0,0,0,0,N,N,N
2012-10-05 00:00:00,V,V-3,27153968,20385,9,R,15484,19,VVRA01,8414,2012-10-05 17:50:36,2012-10-05 17:53:37,41,47,1,0,5,0,0,1,0,0,0,0,0,0,0,0,0,N,N,N
2012-10-05 00:00:00,V,V-3,27153968,20385,9,R,15484,20,CHTS01,8918,2012-10-05 17:51:54,2012-10-05 17:54:28,41,47,0,0,5,0,0,0,0,0,0,0,0,0,0,0,0,N,N,N
2012-10-05 00:00:00,V,V-3,27153968,20385,9,R,15484,21,COLO02,9214,2012-10-05 17:52:40,2012-10-05 17:55:10,41,47,0,0,5,0,0,0,0,0,0,0,0,0,0,0,0,N,N,N
2012-10-05 00:00:00,V,V-3,27153968,20385,9,R,15484,22,CLYS01,9810,2012-10-05 17:54:12,2012-10-05 17:55:59,41,47,0,0,5,0,0,0,0,0,0,0,0,0,0,0,0,N,N,N
2012-10-05 00:00:00,V,V-3,27153968,20385,9,R,15484,23,NANT01,10267,2012-10-05 17:55:23,2012-10-05 17:58:05,41,47,4,0,9,0,0,3,0,1,0,0,0,0,0,0,0,N,N,N
2012-10-05 00:00:00,V,V-3,27153968,20385,9,R,15484,24,MACH01,10665,2012-10-05 17:56:25,2012-10-05 17:59:21,41,47,1,0,10,0,0,0,0,1,0,0,0,0,0,0,0,N,N,N
2012-10-05 00:00:00,V,V-3,27153968,20385,9,R,15484,25,FTAI01,11049,2012-10-05 17:57:24,2012-10-05 18:00:11,41,47,0,0,10,0,0,0,0,0,0,0,0,0,0,0,0,N,N,N
2012-10-05 00:00:00,V,V-3,27153968,20385,9,R,15484,26,CARO01,11343,2012-10-05 17:58:10,2012-10-05 18:01:11,41,47,2,0,12,0,0,1,0,1,0,0,0,0,0,0,0,N,N,N
2012-10-05 00:00:00,V,V-3,27153968,20385,9,R,15484,27,CBFO01,11661,2012-10-05 17:59:00,2012-10-05 18:02:21,41,47,1,0,13,0,0,0,0,1,0,0,0,0,0,0,0,N,N,N
2012-10-05 00:00:00,V,V-3,27153968,20385,9,R,15484,28,CBPL01,11841,2012-10-05 17:59:32,2012-10-05 18:03:09,41,47,1,0,14,0,0,0,0,1,0,0,0,0,0,0,0,N,N,N
2012-10-05 00:00:00,V,V-3,27153968,20385,9,R,15484,29,PYMA01,12452,2012-10-05 18:01:21,2012-10-05 18:04:30,41,47,0,0,14,0,0,0,0,0,0,0,0,0,0,0,0,N,N,N
2012-10-05 00:00:00,V,V-3,27153968,20385,9,R,15484,30,PYVI01,12779,2012-10-05 18:02:20,2012-10-05 18:05:29,41,47,1,0,15,0,0,1,0,0,0,0,0,0,0,0,0,N,N,N
2012-10-05 00:00:00,V,V-3,27153968,20385,9,R,15484,31,PENT01,13059,2012-10-05 18:03:15,2012-10-05 18:06:27,41,47,0,0,15,0,0,0,0,0,0,0,0,0,0,0,0,N,N,N
2012-10-05 00:00:00,V,V-3,27153968,20385,9,R,15484,32,FENE01,13329,2012-10-05 18:04:08,2012-10-05 18:07:17,41,47,1,0,16,0,0,1,0,0,0,0,0,0,0,0,0,N,N,N
2012-10-05 00:00:00,V,V-3,27153968,20385,9,R,15484,33,APIA03,13700,2012-10-05 18:05:21,2012-10-05 18:08:12,41,47,0,1,15,0,0,0,1,0,0,0,0,0,0,0,0,N,N,N
2012-10-05 00:00:00,V,V-3,27153968,20385,9,R,15484,34,NATI14,14301,2012-10-05 18:07:20,2012-10-05 18:09:55,41,47,0,11,4,0,0,0,5,0,4,0,2,0,0,0,0,N,N,N
2012-10-05 00:00:00,V,V-3,27153968,20385,9,R,15484,35,VRBE02,14500,2012-10-05 18:08:07,2012-10-05 18:11:27,41,47,1,0,5,0,0,1,0,0,0,0,0,0,0,0,0,N,N,N
2012-10-05 00:00:00,V,V-3,27153968,20385,9,R,15484,36,VLAI01,15000,2012-10-05 18:10:05,2012-10-05 18:12:35,41,47,0,0,5,0,0,0,0,0,0,0,0,0,0,0,0,N,N,N
2012-10-05 00:00:00,V,V-3,27153968,20385,9,R,15484,37,CVIN22,15484,2012-10-05 18:12:00,2012-10-05 18:13:43,41,47,0,11,0,0,0,0,7,0,4,0,0,0,0,0,0,N,N,N
2012-10-05 00:00:00,Z,V-3,27153969,20385,3,A,12264,1,CVIN22,0,2012-10-05 18:16:00,2012-10-05 18:17:32,61,48,33,0,33,0,0,21,0,6,0,6,0,0,0,0,0,N,N,N
2012-10-05 00:00:00,Z,V-3,27153969,20385,3,A,12264,2,POST00,451,2012-10-05 18:18:27,2012-10-05 18:19:43,61,48,4,0,37,0,0,0,0,3,0,1,0,0,0,0,0,N,N,N
2012-10-05 00:00:00,Z,V-3,27153969,20385,3,A,12264,3,VLAI00,832,2012-10-05 18:20:32,2012-10-05 18:20:57,61,48,0,0,37,0,0,0,0,0,0,0,0,0,0,0,0,N,N,N
2012-10-05 00:00:00,Z,V-3,27153969,20385,3,A,12264,4,VRBE01,1280,2012-10-05 18:22:59,2012-10-05 18:22:18,61,48,5,0,42,0,0,3,0,1,0,1,0,0,0,0,0,N,N,N
2012-10-05 00:00:00,Z,V-3,27153969,20385,3,A,12264,5,NATI15,1465,2012-10-05 18:24:00,2012-10-05 18:24:47,61,48,9,1,50,0,0,6,1,0,0,3,0,0,0,0,0,N,N,N
2012-10-05 00:00:00,Z,V-3,27153969,20385,3,A,12264,6,APIA02,2123,2012-10-05 18:26:24,2012-10-05 18:28:12,61,48,4,1,53,0,0,1,0,3,1,0,0,0,0,0,0,N,N,N
2012-10-05 00:00:00,Z,V-3,27153969,20385,3,A,12264,7,FENE00,2490,2012-10-05 18:27:45,2012-10-05 18:29:06,61,48,0,0,53,0,0,0,0,0,0,0,0,0,0,0,0,N,N,N
2012-10-05 00:00:00,Z,V-3,27153969,20385,3,A,12264,8,PENT00,2746,2012-10-05 18:28:41,2012-10-05 18:29:51,61,48,0,0,53,0,0,0,0,0,0,0,0,0,0,0,0,N,N,N
2012-10-05 00:00:00,Z,V-3,27153969,20385,3,A,12264,9,PYVI00,3013,2012-10-05 18:29:40,2012-10-05 18:30:34,61,48,0,1,52,0,0,0,1,0,0,0,0,0,0,0,0,N,N,N
2012-10-05 00:00:00,Z,V-3,27153969,20385,3,A,12264,10,PYMA00,3399,2012-10-05 18:30:46,2012-10-05 18:31:30,61,48,0,1,51,0,0,0,1,0,0,0,0,0,0,0,0,N,N,N
2012-10-05 00:00:00,Z,V-3,27153969,20385,3,A,12264,11,CBPL00,3980,2012-10-05 18:32:26,2012-10-05 18:32:57,61,48,1,2,50,0,0,0,1,1,1,0,0,0,0,0,0,N,N,N
2012-10-05 00:00:00,Z,V-3,27153969,20385,3,A,12264,12,CBFO00,4174,2012-10-05 18:33:00,2012-10-05 18:33:32,61,48,0,0,50,0,0,0,0,0,0,0,0,0,0,0,0,N,N,N
2012-10-05 00:00:00,Z,V-3,27153969,20385,3,A,12264,13,CARO00,4499,2012-10-05 18:33:48,2012-10-05 18:34:24,61,48,0,5,45,0,0,0,3,0,2,0,0,0,0,0,0,N,N,N
2012-10-05 00:00:00,Z,V-3,27153969,20385,3,A,12264,14,FTAI00,4821,2012-10-05 18:34:35,2012-10-05 18:35:22,61,48,0,1,44,0,0,0,0,0,1,0,0,0,0,0,0,N,N,N
2012-10-05 00:00:00,Z,V-3,27153969,20385,3,A,12264,15,MACH00,5174,2012-10-05 18:35:27,2012-10-05 18:36:05,61,48,0,0,44,0,0,0,0,0,0,0,0,0,0,0,0,N,N,N
2012-10-05 00:00:00,Z,V-3,27153969,20385,3,A,12264,16,NANT00,5544,2012-10-05 18:36:22,2012-10-05 18:37:02,61,48,0,1,43,0,0,0,0,0,1,0,0,0,0,0,0,N,N,N
2012-10-05 00:00:00,Z,V-3,27153969,20385,3,A,12264,17,CLYS00,5950,2012-10-05 18:37:22,2012-10-05 18:38:02,61,48,0,0,43,0,0,0,0,0,0,0,0,0,0,0,0,N,N,N
2012-10-05 00:00:00,Z,V-3,27153969,20385,3,A,12264,18,COLO00,6609,2012-10-05 18:39:00,2012-10-05 18:39:15,61,48,5,3,45,0,0,3,0,0,2,2,1,0,0,0,0,N,N,N
2012-10-05 00:00:00,Z,V-3,27153969,20385,3,A,12264,19,PLNT00,7006,2012-10-05 18:39:53,2012-10-05 18:40:11,61,48,0,0,45,0,0,0,0,0,0,0,0,0,0,0,0,N,N,N
2012-10-05 00:00:00,Z,V-3,27153969,20385,3,A,12264,20,VRLP00,7677,2012-10-05 18:41:23,2012-10-05 18:42:08,61,48,0,5,40,0,0,0,1,0,0,0,4,0,0,0,0,N,N,N
2012-10-05 00:00:00,Z,V-3,27153969,20385,3,A,12264,21,PREL00,8090,2012-10-05 18:42:19,2012-10-05 18:43:11,61,48,0,3,37,0,0,0,0,0,1,0,2,0,0,0,0,N,N,N
2012-10-05 00:00:00,Z,V-3,27153969,20385,3,A,12264,22,CXCE00,8540,2012-10-05 18:43:20,2012-10-05 18:44:25,61,48,0,3,34,0,0,0,0,0,3,0,0,0,0,0,0,N,N,N
2012-10-05 00:00:00,Z,V-3,27153969,20385,3,A,12264,23,CXEC00,8927,2012-10-05 18:44:15,2012-10-05 18:45:48,61,48,0,7,27,0,0,0,3,0,4,0,0,0,0,0,0,N,N,N
2012-10-05 00:00:00,Z,V-3,27153969,20385,3,A,12264,24,SCHA00,9220,2012-10-05 18:44:57,2012-10-05 18:46:19,61,48,0,0,27,0,0,0,0,0,0,0,0,0,0,0,0,N,N,N
2012-10-05 00:00:00,Z,V-3,27153969,20385,3,A,12264,25,BOSY01,10069,2012-10-05 18:47:00,2012-10-05 18:47:37,61,48,0,2,25,0,0,0,2,0,0,0,0,0,0,0,0,N,N,N
2012-10-05 00:00:00,Z,V-3,27153969,20385,3,A,12264,26,_BSDNF,11261,2012-10-05 18:49:10,2012-10-05 18:49:18,61,48,0,0,25,0,0,0,0,0,0,0,0,0,0,0,0,N,N,N
2012-10-05 00:00:00,Z,V-3,27153969,20385,3,A,12264,27,BOCH00,12264,2012-10-05 18:51:00,2012-10-05 18:50:23,61,48,0,12,13,0,0,0,6,0,0,0,6,0,0,0,0,N,N,N
2012-10-05 00:00:00,Z,V-3,27153970,20385,8,R,11981,1,BOCH00,0,2012-10-05 19:00:00,2012-10-05 19:00:27,16,14,1,0,1,0,0,1,0,0,0,0,0,0,0,0,0,N,N,N
2012-10-05 00:00:00,Z,V-3,27153970,20385,8,R,11981,2,_BSDNS,1044,2012-10-05 19:01:50,2012-10-05 19:02:27,16,14,0,0,1,0,0,0,0,0,0,0,0,0,0,0,0,N,N,N
2012-10-05 00:00:00,Z,V-3,27153970,20385,8,R,11981,3,BOSY00,2259,2012-10-05 19:04:00,2012-10-05 19:04:26,16,14,0,0,1,0,0,0,0,0,0,0,0,0,0,0,0,N,N,N
2012-10-05 00:00:00,Z,V-3,27153970,20385,8,R,11981,4,SCHA01,3119,2012-10-05 19:05:43,2012-10-05 19:05:51,16,14,0,0,1,0,0,0,0,0,0,0,0,0,0,0,0,N,N,N
2012-10-05 00:00:00,Z,V-3,27153970,20385,8,R,11981,5,CXEC01,3392,2012-10-05 19:06:16,2012-10-05 19:06:27,16,14,0,0,1,0,0,0,0,0,0,0,0,0,0,0,0,N,N,N
2012-10-05 00:00:00,Z,V-3,27153970,20385,8,R,11981,6,CXCE01,3755,2012-10-05 19:07:00,2012-10-05 19:07:34,16,14,0,0,1,0,0,0,0,0,0,0,0,0,0,0,0,N,N,N
2012-10-05 00:00:00,Z,V-3,27153970,20385,8,R,11981,7,PREL01,4113,2012-10-05 19:07:48,2012-10-05 19:08:37,16,14,1,0,2,0,0,1,0,0,0,0,0,0,0,0,0,N,N,N
2012-10-05 00:00:00,Z,V-3,27153970,20385,8,R,11981,8,VRLP01,4615,2012-10-05 19:08:56,2012-10-05 19:09:54,16,14,0,0,2,0,0,0,0,0,0,0,0,0,0,0,0,N,N,N
2012-10-05 00:00:00,Z,V-3,27153970,20385,8,R,11981,9,PLNT01,5303,2012-10-05 19:10:29,2012-10-05 19:10:59,16,14,0,0,2,0,0,0,0,0,0,0,0,0,0,0,0,N,N,N
2012-10-05 00:00:00,Z,V-3,27153970,20385,8,R,11981,10,COLO01,5674,2012-10-05 19:11:20,2012-10-05 19:11:55,16,14,3,0,5,0,0,3,0,0,0,0,0,0,0,0,0,N,N,N
2012-10-05 00:00:00,Z,V-3,27153970,20385,8,R,11981,11,CLYS01,6307,2012-10-05 19:13:01,2012-10-05 19:13:36,16,14,0,0,5,0,0,0,0,0,0,0,0,0,0,0,0,N,N,N
2012-10-05 00:00:00,Z,V-3,27153970,20385,8,R,11981,12,NANT01,6764,2012-10-05 19:14:15,2012-10-05 19:14:26,16,14,2,0,7,0,0,1,0,1,0,0,0,0,0,0,0,N,N,N
2012-10-05 00:00:00,Z,V-3,27153970,20385,8,R,11981,13,MACH01,7162,2012-10-05 19:15:19,2012-10-05 19:15:42,16,14,1,0,8,0,0,0,0,1,0,0,0,0,0,0,0,N,N,N
2012-10-05 00:00:00,Z,V-3,27153970,20385,8,R,11981,14,FTAI01,7546,2012-10-05 19:16:21,2012-10-05 19:16:42,16,14,2,0,10,0,0,2,0,0,0,0,0,0,0,0,0,N,N,N
2012-10-05 00:00:00,Z,V-3,27153970,20385,8,R,11981,15,CARO01,7840,2012-10-05 19:17:08,2012-10-05 19:17:42,16,14,2,0,12,0,0,0,0,2,0,0,0,0,0,0,0,N,N,N
2012-10-05 00:00:00,Z,V-3,27153970,20385,8,R,11981,16,CBFO01,8158,2012-10-05 19:18:00,2012-10-05 19:18:35,16,14,1,0,13,0,0,0,0,1,0,0,0,0,0,0,0,N,N,N
2012-10-05 00:00:00,Z,V-3,27153970,20385,8,R,11981,17,CBPL01,8338,2012-10-05 19:18:25,2012-10-05 19:19:22,16,14,1,1,13,0,0,1,0,0,1,0,0,0,0,0,0,N,N,N
2012-10-05 00:00:00,Z,V-3,27153970,20385,8,R,11981,18,PYMA01,8949,2012-10-05 19:19:53,2012-10-05 19:20:35,16,14,0,0,13,0,0,0,0,0,0,0,0,0,0,0,0,N,N,N
2012-10-05 00:00:00,Z,V-3,27153970,20385,8,R,11981,19,PYVI01,9276,2012-10-05 19:20:40,2012-10-05 19:21:37,16,14,0,0,13,0,0,0,0,0,0,0,0,0,0,0,0,N,N,N
2012-10-05 00:00:00,Z,V-3,27153970,20385,8,R,11981,20,PENT01,9556,2012-10-05 19:21:27,2012-10-05 19:22:19,16,14,0,0,13,0,0,0,0,0,0,0,0,0,0,0,0,N,N,N
2012-10-05 00:00:00,Z,V-3,27153970,20385,8,R,11981,21,FENE01,9826,2012-10-05 19:22:13,2012-10-05 19:23:02,16,14,1,0,14,0,0,1,0,0,0,0,0,0,0,0,0,N,N,N
2012-10-05 00:00:00,Z,V-3,27153970,20385,8,R,11981,22,APIA03,10197,2012-10-05 19:23:17,2012-10-05 19:23:57,16,14,0,0,14,0,0,0,0,0,0,0,0,0,0,0,0,N,N,N
2012-10-05 00:00:00,Z,V-3,27153970,20385,8,R,11981,23,NATI14,10798,2012-10-05 19:25:00,2012-10-05 19:25:24,16,14,0,6,8,0,0,0,4,0,1,0,1,0,0,0,0,N,N,N
2012-10-05 00:00:00,Z,V-3,27153970,20385,8,R,11981,24,VRBE02,10997,2012-10-05 19:25:47,2012-10-05 19:27:03,16,14,1,0,9,0,0,1,0,0,0,0,0,0,0,0,0,N,N,N
2012-10-05 00:00:00,Z,V-3,27153970,20385,8,R,11981,25,VLAI01,11497,2012-10-05 19:27:45,2012-10-05 19:28:13,16,14,0,0,9,0,0,0,0,0,0,0,0,0,0,0,0,N,N,N
2012-10-05 00:00:00,Z,V-3,27153970,20385,8,R,11981,26,CVIN22,11981,2012-10-05 19:29:40,2012-10-05 19:29:36,16,14,0,7,2,0,0,0,5,0,2,0,0,0,0,0,0,N,N,N
2012-10-05 00:00:00,V,V-3,27155463,20385,9,R,15484,1,NATI14,14301,2012-10-05 07:36:00,2012-10-05 08:29:26,0,0,0,0,0,0,0,0,0,0,0,0,0,0,0,0,0,N,N,Y
2012-10-05 00:00:00,V,V-3,27155463,20385,9,R,15484,2,VRBE02,14500,2012-10-05 07:36:40,2012-10-05 08:30:21,0,0,0,0,0,0,0,0,0,0,0,0,0,0,0,0,0,N,N,N
2012-10-05 00:00:00,V,V-3,27155463,20385,9,R,15484,3,VLAI01,15000,2012-10-05 07:38:21,2012-10-05 08:32:45,0,0,0,0,0,0,0,0,0,0,0,0,0,0,0,0,0,N,N,N
2012-10-05 00:00:00,V,V-3,27155463,20385,9,R,15484,4,CVIN22,15484,2012-10-05 07:40:00,2012-10-05 08:33:46,0,0,0,0,0,0,0,0,0,0,0,0,0,0,0,0,0,N,N,N
2012-10-05 00:00:00,V,V-3,27155464,20385,8,A,15766,1,CVIN22,0,2012-10-05 08:34:00,2012-10-05 08:34:53,45,51,9,0,9,0,0,9,0,0,0,0,0,0,0,0,0,N,N,N
2012-10-05 00:00:00,V,V-3,27155464,20385,8,A,15766,2,POST00,451,2012-10-05 08:36:21,2012-10-05 08:37:55,45,51,8,0,17,0,0,2,0,3,0,3,0,0,0,0,0,N,N,N
2012-10-05 00:00:00,V,V-3,27155464,20385,8,A,15766,3,VLAI00,832,2012-10-05 08:38:21,2012-10-05 08:39:27,45,51,0,0,17,0,0,0,0,0,0,0,0,0,0,0,0,N,N,N
2012-10-05 00:00:00,V,V-3,27155464,20385,8,A,15766,4,VRBE01,1280,2012-10-05 08:40:41,2012-10-05 08:40:42,45,51,3,0,20,0,0,0,0,2,0,1,0,0,0,0,0,N,N,N
2012-10-05 00:00:00,V,V-3,27155464,20385,8,A,15766,5,NATI15,1465,2012-10-05 08:41:40,2012-10-05 08:44:20,45,51,11,1,30,0,0,4,1,4,0,3,0,0,0,0,0,N,N,N
2012-10-05 00:00:00,V,V-3,27155464,20385,8,A,15766,6,APIA02,2123,2012-10-05 08:44:13,2012-10-05 08:48:22,45,51,1,8,23,0,0,0,2,1,4,0,2,0,0,0,0,N,N,N
2012-10-05 00:00:00,V,V-3,27155464,20385,8,A,15766,7,FENE00,2490,2012-10-05 08:45:38,2012-10-05 08:49:12,45,51,0,0,23,0,0,0,0,0,0,0,0,0,0,0,0,N,N,N
2012-10-05 00:00:00,V,V-3,27155464,20385,8,A,15766,8,PENT00,2746,2012-10-05 08:46:37,2012-10-05 08:49:55,45,51,0,8,15,0,0,0,5,0,2,0,1,0,0,0,0,N,N,N
2012-10-05 00:00:00,V,V-3,27155464,20385,8,A,15766,9,PYVI00,3013,2012-10-05 08:47:40,2012-10-05 08:50:40,45,51,0,1,14,0,0,0,0,0,1,0,0,0,0,0,0,N,N,N
2012-10-05 00:00:00,V,V-3,27155464,20385,8,A,15766,10,PYMA00,3399,2012-10-05 08:48:46,2012-10-05 08:51:40,45,51,0,4,10,0,0,0,0,0,0,0,4,0,0,0,0,N,N,N
2012-10-05 00:00:00,V,V-3,27155464,20385,8,A,15766,11,CBPL00,3980,2012-10-05 08:50:26,2012-10-05 08:52:55,45,51,0,2,8,0,0,0,2,0,0,0,0,0,0,0,0,N,N,N
2012-10-05 00:00:00,V,V-3,27155464,20385,8,A,15766,12,CBFO00,4174,2012-10-05 08:51:00,2012-10-05 08:53:32,45,51,0,1,7,0,0,0,0,0,0,0,1,0,0,0,0,N,N,N
2012-10-05 00:00:00,V,V-3,27155464,20385,8,A,15766,13,CARO00,4499,2012-10-05 08:51:45,2012-10-05 08:54:19,45,51,1,2,6,0,0,0,2,1,0,0,0,0,0,0,0,N,N,N
2012-10-05 00:00:00,V,V-3,27155464,20385,8,A,15766,14,FTAI00,4821,2012-10-05 08:52:30,2012-10-05 08:55:06,45,51,0,1,5,0,0,0,0,0,0,0,1,0,0,0,0,N,N,N
2012-10-05 00:00:00,V,V-3,27155464,20385,8,A,15766,15,MACH00,5174,2012-10-05 08:53:19,2012-10-05 08:55:59,45,51,1,1,5,0,0,1,1,0,0,0,0,0,0,0,0,N,N,N
2012-10-05 00:00:00,V,V-3,27155464,20385,8,A,15766,16,NANT00,5544,2012-10-05 08:54:11,2012-10-05 08:56:54,45,51,0,0,5,0,0,0,0,0,0,0,0,0,0,0,0,N,N,N
2012-10-05 00:00:00,V,V-3,27155464,20385,8,A,15766,17,CLYS00,5950,2012-10-05 08:55:07,2012-10-05 08:57:32,45,51,0,0,5,0,0,0,0,0,0,0,0,0,0,0,0,N,N,N
2012-10-05 00:00:00,V,V-3,27155464,20385,8,A,15766,18,COLO00,6609,2012-10-05 08:56:40,2012-10-05 08:58:19,45,51,0,0,5,0,0,0,0,0,0,0,0,0,0,0,0,N,N,N
2012-10-05 00:00:00,V,V-3,27155464,20385,8,A,15766,19,CHTS00,6962,2012-10-05 08:57:25,2012-10-05 08:58:49,45,51,0,0,5,0,0,0,0,0,0,0,0,0,0,0,0,N,N,N
2012-10-05 00:00:00,V,V-3,27155464,20385,8,A,15766,20,VVRA00,7358,2012-10-05 08:58:16,2012-10-05 08:59:30,45,51,0,2,3,0,0,0,1,0,1,0,0,0,0,0,0,N,N,N
2012-10-05 00:00:00,V,V-3,27155464,20385,8,A,15766,21,VXVV00,7897,2012-10-05 08:59:26,2012-10-05 09:00:48,45,51,0,3,0,0,0,0,3,0,0,0,0,0,0,0,0,N,N,N
2012-10-05 00:00:00,V,V-3,27155464,20385,8,A,15766,22,CNAE00,8277,2012-10-05 09:00:15,2012-10-05 09:01:38,45,51,0,1,0,0,0,0,1,0,0,0,0,0,0,0,0,N,N,N
2012-10-05 00:00:00,V,V-3,27155464,20385,8,A,15766,23,GEBE00,8620,2012-10-05 09:01:00,2012-10-05 09:02:19,45,51,0,0,0,0,0,0,0,0,0,0,0,0,0,0,0,N,N,N
2012-10-05 00:00:00,V,V-3,27155464,20385,8,A,15766,24,SAGY00,9131,2012-10-05 09:02:15,2012-10-05 09:03:03,45,51,0,0,0,0,0,0,0,0,0,0,0,0,0,0,0,N,N,N
2012-10-05 00:00:00,V,V-3,27155464,20385,8,A,15766,25,GTVI00,9834,2012-10-05 09:04:00,2012-10-05 09:04:46,45,51,1,2,0,0,0,1,1,0,0,0,1,0,0,0,0,N,N,N
2012-10-05 00:00:00,V,V-3,27155464,20385,8,A,15766,26,PRLA00,10324,2012-10-05 09:05:21,2012-10-05 09:06:13,45,51,0,3,0,0,0,0,0,0,1,0,2,0,0,0,0,N,N,N
2012-10-05 00:00:00,V,V-3,27155464,20385,8,A,15766,27,MLGN00,10555,2012-10-05 09:05:59,2012-10-05 09:06:42,45,51,0,0,0,0,0,0,0,0,0,0,0,0,0,0,0,N,N,N
2012-10-05 00:00:00,V,V-3,27155464,20385,8,A,15766,28,FAYA00,11161,2012-10-05 09:07:39,2012-10-05 09:08:11,45,51,6,0,6,0,0,2,0,2,0,2,0,0,0,0,0,N,N,N
2012-10-05 00:00:00,V,V-3,27155464,20385,8,A,15766,29,ENVE00,11524,2012-10-05 09:08:40,2012-10-05 09:09:12,45,51,0,0,6,0,0,0,0,0,0,0,0,0,0,0,0,N,N,N
2012-10-05 00:00:00,V,V-3,27155464,20385,8,A,15766,30,VXBO00,11856,2012-10-05 09:09:46,2012-10-05 09:10:19,45,51,0,0,6,0,0,0,0,0,0,0,0,0,0,0,0,N,N,N
2012-10-05 00:00:00,V,V-3,27155464,20385,8,A,15766,31,VXGA00,12320,2012-10-05 09:11:20,2012-10-05 09:11:42,45,51,4,4,6,0,0,0,2,4,0,0,2,0,0,0,0,N,N,N
2012-10-05 00:00:00,V,V-3,27155464,20385,8,A,15766,32,ALCH00,12782,2012-10-05 09:12:37,2012-10-05 09:12:29,45,51,0,0,6,0,0,0,0,0,0,0,0,0,0,0,0,N,N,N
2012-10-05 00:00:00,V,V-3,27155464,20385,8,A,15766,33,AMAR00,13135,2012-10-05 09:13:36,2012-10-05 09:13:30,45,51,0,4,2,0,0,0,2,0,2,0,0,0,0,0,0,N,N,N
2012-10-05 00:00:00,V,V-3,27155464,20385,8,A,15766,34,PCEA00,13575,2012-10-05 09:14:50,2012-10-05 09:14:42,45,51,0,1,1,0,0,0,0,0,1,0,0,0,0,0,0,N,N,N
2012-10-05 00:00:00,V,V-3,27155464,20385,8,A,15766,35,POCH00,14010,2012-10-05 09:16:02,2012-10-05 09:16:00,45,51,0,0,1,0,0,0,0,0,0,0,0,0,0,0,0,N,N,N
2012-10-05 00:00:00,V,V-3,27155464,20385,8,A,15766,36,MTFL00,14409,2012-10-05 09:17:09,2012-10-05 09:16:54,45,51,0,2,0,0,0,0,1,0,1,0,0,0,0,0,0,N,N,N
2012-10-05 00:00:00,V,V-3,27155464,20385,8,A,15766,37,ECOG00,15187,2012-10-05 09:19:20,2012-10-05 09:18:31,45,51,0,0,0,0,0,0,0,0,0,0,0,0,0,0,0,N,N,N
2012-10-05 00:00:00,V,V-3,27155464,20385,8,A,15766,38,CSLB01,15766,2012-10-05 09:20:20,2012-10-05 09:19:26,45,51,0,0,0,0,0,0,0,0,0,0,0,0,0,0,0,N,N,N
2012-10-05 00:00:00,Z,V-2,27153927,20387,4,A,10163,1,CVIN22,0,2012-10-05 05:28:00,2012-10-05 05:29:15,0,0,0,0,0,0,0,0,0,0,0,0,0,0,0,0,0,N,N,N
2012-10-05 00:00:00,Z,V-2,27153927,20387,4,A,10163,2,POST00,451,2012-10-05 05:29:44,2012-10-05 05:31:00,0,0,0,0,0,0,0,0,0,0,0,0,0,0,0,0,0,N,N,N
2012-10-05 00:00:00,Z,V-2,27153927,20387,4,A,10163,3,VLAI00,832,2012-10-05 05:31:13,2012-10-05 05:32:04,0,0,0,0,0,0,0,0,0,0,0,0,0,0,0,0,0,N,N,N
2012-10-05 00:00:00,Z,V-2,27153927,20387,4,A,10163,4,VRBE01,1280,2012-10-05 05:32:57,2012-10-05 05:33:01,0,0,0,0,0,0,0,0,0,0,0,0,0,0,0,0,0,N,N,N
2012-10-05 00:00:00,Z,V-2,27153927,20387,4,A,10163,5,NATI15,1465,2012-10-05 05:33:40,2012-10-05 05:33:49,0,0,0,0,0,0,0,0,0,0,0,0,0,0,0,0,0,N,N,N
2012-10-05 00:00:00,Z,V-2,27153927,20387,4,A,10163,6,APIA02,2123,2012-10-05 05:35:30,2012-10-05 05:35:32,0,0,0,0,0,0,0,0,0,0,0,0,0,0,0,0,0,N,N,N
2012-10-05 00:00:00,Z,V-2,27153927,20387,4,A,10163,7,FENE00,2490,2012-10-05 05:36:32,2012-10-05 05:36:18,0,0,0,0,0,0,0,0,0,0,0,0,0,0,0,0,0,N,N,N
2012-10-05 00:00:00,Z,V-2,27153927,20387,4,A,10163,8,PENT00,2746,2012-10-05 05:37:15,2012-10-05 05:36:47,0,0,0,0,0,0,0,0,0,0,0,0,0,0,0,0,0,N,N,N
2012-10-05 00:00:00,Z,V-2,27153927,20387,4,A,10163,9,PYVI00,3013,2012-10-05 05:38:00,2012-10-05 05:37:42,0,0,0,0,0,0,0,0,0,0,0,0,0,0,0,0,0,N,N,N
2012-10-05 00:00:00,Z,V-2,27153927,20387,4,A,10163,10,PYMA00,3399,2012-10-05 05:38:53,2012-10-05 05:38:36,0,0,0,0,0,0,0,0,0,0,0,0,0,0,0,0,0,N,N,N
2012-10-05 00:00:00,Z,V-2,27153927,20387,4,A,10163,11,CBPL00,3980,2012-10-05 05:40:13,2012-10-05 05:39:45,0,0,0,0,0,0,0,0,0,0,0,0,0,0,0,0,0,N,N,N
2012-10-05 00:00:00,Z,V-2,27153927,20387,4,A,10163,12,CBFO00,4174,2012-10-05 05:40:40,2012-10-05 05:40:23,0,0,0,0,0,0,0,0,0,0,0,0,0,0,0,0,0,N,N,N
2012-10-05 00:00:00,Z,V-2,27153927,20387,4,A,10163,13,CARO00,4499,2012-10-05 05:41:17,2012-10-05 05:41:10,0,0,0,0,0,0,0,0,0,0,0,0,0,0,0,0,0,N,N,N
2012-10-05 00:00:00,Z,V-2,27153927,20387,4,A,10163,14,FTAI00,4821,2012-10-05 05:41:54,2012-10-05 05:41:59,0,0,0,0,0,0,0,0,0,0,0,0,0,0,0,0,0,N,N,N
2012-10-05 00:00:00,Z,V-2,27153927,20387,4,A,10163,15,MACH00,5174,2012-10-05 05:42:34,2012-10-05 05:42:49,0,0,0,0,0,0,0,0,0,0,0,0,0,0,0,0,0,N,N,N
2012-10-05 00:00:00,Z,V-2,27153927,20387,4,A,10163,16,NANT00,5544,2012-10-05 05:43:17,2012-10-05 05:43:52,0,0,0,0,0,0,0,0,0,0,0,0,0,0,0,0,0,N,N,N
2012-10-05 00:00:00,Z,V-2,27153927,20387,4,A,10163,17,CLYS00,5950,2012-10-05 05:44:04,2012-10-05 05:44:35,0,0,0,0,0,0,0,0,0,0,0,0,0,0,0,0,0,N,N,N
2012-10-05 00:00:00,Z,V-2,27153927,20387,4,A,10163,18,COLO00,6609,2012-10-05 05:45:20,2012-10-05 05:45:32,0,0,0,0,0,0,0,0,0,0,0,0,0,0,0,0,0,N,N,N
2012-10-05 00:00:00,Z,V-2,27153927,20387,4,A,10163,19,PLNT00,7006,2012-10-05 05:46:05,2012-10-05 05:46:23,0,0,0,0,0,0,0,0,0,0,0,0,0,0,0,0,0,N,N,N
2012-10-05 00:00:00,Z,V-2,27153927,20387,4,A,10163,20,VRLP00,7677,2012-10-05 05:47:21,2012-10-05 05:47:45,0,0,0,0,0,0,0,0,0,0,0,0,0,0,0,0,0,N,N,N
2012-10-05 00:00:00,Z,V-2,27153927,20387,4,A,10163,21,PREL00,8090,2012-10-05 05:48:08,2012-10-05 05:48:29,0,0,0,0,0,0,0,0,0,0,0,0,0,0,0,0,0,N,N,N
2012-10-05 00:00:00,Z,V-2,27153927,20387,4,A,10163,22,CXCE00,8540,2012-10-05 05:49:00,2012-10-05 05:49:29,0,0,0,0,0,0,0,0,0,0,0,0,0,0,0,0,0,N,N,N
2012-10-05 00:00:00,Z,V-2,27153927,20387,4,A,10163,23,CXEC00,8927,2012-10-05 05:49:42,2012-10-05 05:50:37,0,0,0,0,0,0,0,0,0,0,0,0,0,0,0,0,0,N,N,N
2012-10-05 00:00:00,Z,V-2,27153927,20387,4,A,10163,24,SCHA00,9220,2012-10-05 05:50:15,2012-10-05 05:51:06,0,0,0,0,0,0,0,0,0,0,0,0,0,0,0,0,0,N,N,N
2012-10-05 00:00:00,Z,V-2,27153927,20387,4,A,10163,25,BOSY00,10163,2012-10-05 05:52:00,2012-10-05 05:52:36,0,0,0,0,0,0,0,0,0,0,0,0,0,0,0,0,0,N,N,N
2012-10-05 00:00:00,Z,V-2,27153928,20387,9,R,9722,1,BOSY00,0,2012-10-05 06:15:00,2012-10-05 06:15:42,0,0,0,0,0,0,0,0,0,0,0,0,0,0,0,0,0,N,N,N
2012-10-05 00:00:00,Z,V-2,27153928,20387,9,R,9722,2,SCHA01,860,2012-10-05 06:17:06,2012-10-05 06:17:03,0,0,0,0,0,0,0,0,0,0,0,0,0,0,0,0,0,N,N,N
2012-10-05 00:00:00,Z,V-2,27153928,20387,9,R,9722,3,CXEC01,1133,2012-10-05 06:17:46,2012-10-05 06:17:52,0,0,0,0,0,0,0,0,0,0,0,0,0,0,0,0,0,N,N,N
2012-10-05 00:00:00,Z,V-2,27153928,20387,9,R,9722,4,CXCE01,1496,2012-10-05 06:18:40,2012-10-05 06:19:05,0,0,0,0,0,0,0,0,0,0,0,0,0,0,0,0,0,N,N,N
2012-10-05 00:00:00,Z,V-2,27153928,20387,9,R,9722,5,PREL01,1854,2012-10-05 06:19:32,2012-10-05 06:20:06,0,0,0,0,0,0,0,0,0,0,0,0,0,0,0,0,0,N,N,N
2012-10-05 00:00:00,Z,V-2,27153928,20387,9,R,9722,6,VRLP01,2356,2012-10-05 06:20:45,2012-10-05 06:21:16,0,0,0,0,0,0,0,0,0,0,0,0,0,0,0,0,0,N,N,N
2012-10-05 00:00:00,Z,V-2,27153928,20387,9,R,9722,7,PLNT01,3044,2012-10-05 06:22:25,2012-10-05 06:22:40,0,0,0,0,0,0,0,0,0,0,0,0,0,0,0,0,0,N,N,N
2012-10-05 00:00:00,Z,V-2,27153928,20387,9,R,9722,8,COLO01,3415,2012-10-05 06:23:20,2012-10-05 06:23:37,0,0,0,0,0,0,0,0,0,0,0,0,0,0,0,0,0,N,N,N
2012-10-05 00:00:00,Z,V-2,27153928,20387,9,R,9722,9,CLYS01,4048,2012-10-05 06:25:01,2012-10-05 06:24:56,0,0,0,0,0,0,0,0,0,0,0,0,0,0,0,0,0,N,N,N
2012-10-05 00:00:00,Z,V-2,27153928,20387,9,R,9722,10,NANT01,4505,2012-10-05 06:26:15,2012-10-05 06:25:44,0,0,0,0,0,0,0,0,0,0,0,0,0,0,0,0,0,N,N,N
2012-10-05 00:00:00,Z,V-2,27153928,20387,9,R,9722,11,MACH01,4903,2012-10-05 06:27:19,2012-10-05 06:27:02,0,0,0,0,0,0,0,0,0,0,0,0,0,0,0,0,0,N,N,N
2012-10-05 00:00:00,Z,V-2,27153928,20387,9,R,9722,12,FTAI01,5287,2012-10-05 06:28:21,2012-10-05 06:27:52,0,0,0,0,0,0,0,0,0,0,0,0,0,0,0,0,0,N,N,N
2012-10-05 00:00:00,Z,V-2,27153928,20387,9,R,9722,13,CARO01,5581,2012-10-05 06:29:08,2012-10-05 06:29:09,0,0,0,0,0,0,0,0,0,0,0,0,0,0,0,0,0,N,N,N
2012-10-05 00:00:00,Z,V-2,27153928,20387,9,R,9722,14,CBFO01,5899,2012-10-05 06:30:00,2012-10-05 06:30:09,0,0,0,0,0,0,0,0,0,0,0,0,0,0,0,0,0,N,N,N
2012-10-05 00:00:00,Z,V-2,27153928,20387,9,R,9722,15,CBPL01,6079,2012-10-05 06:30:25,2012-10-05 06:30:49,0,0,0,0,0,0,0,0,0,0,0,0,0,0,0,0,0,N,N,N
2012-10-05 00:00:00,Z,V-2,27153928,20387,9,R,9722,16,PYMA01,6690,2012-10-05 06:31:53,2012-10-05 06:31:59,0,0,0,0,0,0,0,0,0,0,0,0,0,0,0,0,0,N,N,N
2012-10-05 00:00:00,Z,V-2,27153928,20387,9,R,9722,17,PYVI01,7017,2012-10-05 06:32:40,2012-10-05 06:32:47,0,0,0,0,0,0,0,0,0,0,0,0,0,0,0,0,0,N,N,N
2012-10-05 00:00:00,Z,V-2,27153928,20387,9,R,9722,18,PENT01,7297,2012-10-05 06:33:24,2012-10-05 06:33:26,0,0,0,0,0,0,0,0,0,0,0,0,0,0,0,0,0,N,N,N
2012-10-05 00:00:00,Z,V-2,27153928,20387,9,R,9722,19,FENE01,7567,2012-10-05 06:34:06,2012-10-05 06:34:18,0,0,0,0,0,0,0,0,0,0,0,0,0,0,0,0,0,N,N,N
2012-10-05 00:00:00,Z,V-2,27153928,20387,9,R,9722,20,APIA03,7938,2012-10-05 06:35:05,2012-10-05 06:35:05,0,0,0,0,0,0,0,0,0,0,0,0,0,0,0,0,0,N,N,N
2012-10-05 00:00:00,Z,V-2,27153928,20387,9,R,9722,21,NATI14,8539,2012-10-05 06:36:40,2012-10-05 06:37:07,0,0,0,0,0,0,0,0,0,0,0,0,0,0,0,0,0,N,N,N
2012-10-05 00:00:00,Z,V-2,27153928,20387,9,R,9722,22,VRBE02,8738,2012-10-05 06:37:20,2012-10-05 06:38:34,0,0,0,0,0,0,0,0,0,0,0,0,0,0,0,0,0,N,N,N
2012-10-05 00:00:00,Z,V-2,27153928,20387,9,R,9722,23,VLAI01,9238,2012-10-05 06:39:01,2012-10-05 06:39:30,0,0,0,0,0,0,0,0,0,0,0,0,0,0,0,0,0,N,N,N
2012-10-05 00:00:00,Z,V-2,27153928,20387,9,R,9722,24,CVIN22,9722,2012-10-05 06:40:40,2012-10-05 06:40:29,0,0,0,0,0,0,0,0,0,0,0,0,0,0,0,0,0,N,N,N
2012-10-05 00:00:00,V,V-2,27153929,20387,8,A,15766,1,CVIN22,0,2012-10-05 06:45:00,2012-10-05 06:45:38,0,0,0,0,0,0,0,0,0,0,0,0,0,0,0,0,0,N,N,N
2012-10-05 00:00:00,V,V-2,27153929,20387,8,A,15766,2,POST00,451,2012-10-05 06:47:03,2012-10-05 06:47:55,0,0,0,0,0,0,0,0,0,0,0,0,0,0,0,0,0,N,N,N
2012-10-05 00:00:00,V,V-2,27153929,20387,8,A,15766,3,VLAI00,832,2012-10-05 06:48:47,2012-10-05 06:49:07,0,0,0,0,0,0,0,0,0,0,0,0,0,0,0,0,0,N,N,N
2012-10-05 00:00:00,V,V-2,27153929,20387,8,A,15766,4,VRBE01,1280,2012-10-05 06:50:49,2012-10-05 06:50:22,0,0,0,0,0,0,0,0,0,0,0,0,0,0,0,0,0,N,N,N
2012-10-05 00:00:00,V,V-2,27153929,20387,8,A,15766,5,NATI15,1465,2012-10-05 06:51:40,2012-10-05 06:52:15,0,0,0,0,0,0,0,0,0,0,0,0,0,0,0,0,0,N,N,N
2012-10-05 00:00:00,V,V-2,27153929,20387,8,A,15766,6,APIA02,2123,2012-10-05 06:53:47,2012-10-05 06:55:53,0,0,0,0,0,0,0,0,0,0,0,0,0,0,0,0,0,N,N,N
2012-10-05 00:00:00,V,V-2,27153929,20387,8,A,15766,7,FENE00,2490,2012-10-05 06:54:58,2012-10-05 06:56:54,0,0,0,0,0,0,0,0,0,0,0,0,0,0,0,0,0,N,N,N
2012-10-05 00:00:00,V,V-2,27153929,20387,8,A,15766,8,PENT00,2746,2012-10-05 06:55:48,2012-10-05 06:57:33,0,0,0,0,0,0,0,0,0,0,0,0,0,0,0,0,0,N,N,N
2012-10-05 00:00:00,V,V-2,27153929,20387,8,A,15766,9,PYVI00,3013,2012-10-05 06:56:40,2012-10-05 06:58:08,0,0,0,0,0,0,0,0,0,0,0,0,0,0,0,0,0,N,N,N
2012-10-05 00:00:00,V,V-2,27153929,20387,8,A,15766,10,PYMA00,3399,2012-10-05 06:57:39,2012-10-05 06:58:57,0,0,0,0,0,0,0,0,0,0,0,0,0,0,0,0,0,N,N,N
2012-10-05 00:00:00,V,V-2,27153929,20387,8,A,15766,11,CBPL00,3980,2012-10-05 06:59:09,2012-10-05 07:00:04,0,0,0,0,0,0,0,0,0,0,0,0,0,0,0,0,0,N,N,N
2012-10-05 00:00:00,V,V-2,27153929,20387,8,A,15766,12,CBFO00,4174,2012-10-05 06:59:40,2012-10-05 07:00:45,0,0,0,0,0,0,0,0,0,0,0,0,0,0,0,0,0,N,N,N
2012-10-05 00:00:00,V,V-2,27153929,20387,8,A,15766,13,CARO00,4499,2012-10-05 07:00:20,2012-10-05 07:01:58,0,0,0,0,0,0,0,0,0,0,0,0,0,0,0,0,0,N,N,N
2012-10-05 00:00:00,V,V-2,27153929,20387,8,A,15766,14,FTAI00,4821,2012-10-05 07:00:59,2012-10-05 07:02:43,0,0,0,0,0,0,0,0,0,0,0,0,0,0,0,0,0,N,N,N
2012-10-05 00:00:00,V,V-2,27153929,20387,8,A,15766,15,MACH00,5174,2012-10-05 07:01:43,2012-10-05 07:03:38,0,0,0,0,0,0,0,0,0,0,0,0,0,0,0,0,0,N,N,N
2012-10-05 00:00:00,V,V-2,27153929,20387,8,A,15766,16,NANT00,5544,2012-10-05 07:02:28,2012-10-05 07:04:35,0,0,0,0,0,0,0,0,0,0,0,0,0,0,0,0,0,N,N,N
2012-10-05 00:00:00,V,V-2,27153929,20387,8,A,15766,17,CLYS00,5950,2012-10-05 07:03:18,2012-10-05 07:05:12,0,0,0,0,0,0,0,0,0,0,0,0,0,0,0,0,0,N,N,N
2012-10-05 00:00:00,V,V-2,27153929,20387,8,A,15766,18,COLO00,6609,2012-10-05 07:04:40,2012-10-05 07:06:10,0,0,0,0,0,0,0,0,0,0,0,0,0,0,0,0,0,N,N,N
2012-10-05 00:00:00,V,V-2,27153929,20387,8,A,15766,19,CHTS00,6962,2012-10-05 07:05:29,2012-10-05 07:06:49,0,0,0,0,0,0,0,0,0,0,0,0,0,0,0,0,0,N,N,N
2012-10-05 00:00:00,V,V-2,27153929,20387,8,A,15766,20,VVRA00,7358,2012-10-05 07:06:24,2012-10-05 07:07:38,0,0,0,0,0,0,0,0,0,0,0,0,0,0,0,0,0,N,N,N
2012-10-05 00:00:00,V,V-2,27153929,20387,8,A,15766,21,VXVV00,7897,2012-10-05 07:07:39,2012-10-05 07:09:06,0,0,0,0,0,0,0,0,0,0,0,0,0,0,0,0,0,N,N,N
2012-10-05 00:00:00,V,V-2,27153929,20387,8,A,15766,22,CNAE00,8277,2012-10-05 07:08:32,2012-10-05 07:09:56,0,0,0,0,0,0,0,0,0,0,0,0,0,0,0,0,0,N,N,N
2012-10-05 00:00:00,V,V-2,27153929,20387,8,A,15766,23,GEBE00,8620,2012-10-05 07:09:20,2012-10-05 07:10:53,0,0,0,0,0,0,0,0,0,0,0,0,0,0,0,0,0,N,N,N
2012-10-05 00:00:00,V,V-2,27153929,20387,8,A,15766,24,SAGY00,9131,2012-10-05 07:10:35,2012-10-05 07:11:39,0,0,0,0,0,0,0,0,0,0,0,0,0,0,0,0,0,N,N,N
2012-10-05 00:00:00,V,V-2,27153929,20387,8,A,15766,25,GTVI00,9834,2012-10-05 07:12:20,2012-10-05 07:13:44,0,0,0,0,0,0,0,0,0,0,0,0,0,0,0,0,0,N,N,N
2012-10-05 00:00:00,V,V-2,27153929,20387,8,A,15766,26,PRLA00,10324,2012-10-05 07:13:46,2012-10-05 07:15:34,0,0,0,0,0,0,0,0,0,0,0,0,0,0,0,0,0,N,N,N
2012-10-05 00:00:00,V,V-2,27153929,20387,8,A,15766,27,MLGN00,10555,2012-10-05 07:14:27,2012-10-05 07:16:12,0,0,0,0,0,0,0,0,0,0,0,0,0,0,0,0,0,N,N,N
2012-10-05 00:00:00,V,V-2,27153929,20387,8,A,15766,28,FAYA00,11161,2012-10-05 07:16:15,2012-10-05 07:17:52,0,0,0,0,0,0,0,0,0,0,0,0,0,0,0,0,0,N,N,N
2012-10-05 00:00:00,V,V-2,27153929,20387,8,A,15766,29,ENVE00,11524,2012-10-05 07:17:20,2012-10-05 07:19:08,0,0,0,0,0,0,0,0,0,0,0,0,0,0,0,0,0,N,N,N
2012-10-05 00:00:00,V,V-2,27153929,20387,8,A,15766,30,VXBO00,11856,2012-10-05 07:18:35,2012-10-05 07:20:11,0,0,0,0,0,0,0,0,0,0,0,0,0,0,0,0,0,N,N,N
2012-10-05 00:00:00,V,V-2,27153929,20387,8,A,15766,31,VXGA00,12320,2012-10-05 07:20:20,2012-10-05 07:21:37,0,0,0,0,0,0,0,0,0,0,0,0,0,0,0,0,0,N,N,N
2012-10-05 00:00:00,V,V-2,27153929,20387,8,A,15766,32,ALCH00,12782,2012-10-05 07:21:40,2012-10-05 07:22:37,0,0,0,0,0,0,0,0,0,0,0,0,0,0,0,0,0,N,N,N
2012-10-05 00:00:00,V,V-2,27153929,20387,8,A,15766,33,AMAR00,13135,2012-10-05 07:22:42,2012-10-05 07:23:42,0,0,0,0,0,0,0,0,0,0,0,0,0,0,0,0,0,N,N,N
2012-10-05 00:00:00,V,V-2,27153929,20387,8,A,15766,34,PCEA00,13575,2012-10-05 07:23:58,2012-10-05 07:25:01,0,0,0,0,0,0,0,0,0,0,0,0,0,0,0,0,0,N,N,N
2012-10-05 00:00:00,V,V-2,27153929,20387,8,A,15766,35,POCH00,14010,2012-10-05 07:25:14,2012-10-05 07:25:56,0,0,0,0,0,0,0,0,0,0,0,0,0,0,0,0,0,N,N,N
2012-10-05 00:00:00,V,V-2,27153929,20387,8,A,15766,36,MTFL00,14409,2012-10-05 07:26:24,2012-10-05 07:27:22,0,0,0,0,0,0,0,0,0,0,0,0,0,0,0,0,0,N,N,N
2012-10-05 00:00:00,V,V-2,27153929,20387,8,A,15766,37,ECOG00,15187,2012-10-05 07:28:40,2012-10-05 07:29:09,0,0,0,0,0,0,0,0,0,0,0,0,0,0,0,0,0,N,N,N
2012-10-05 00:00:00,V,V-2,27153929,20387,8,A,15766,38,CSLB01,15766,2012-10-05 07:29:40,2012-10-05 07:30:07,0,0,0,0,0,0,0,0,0,0,0,0,0,0,0,0,0,N,N,N
2012-10-05 00:00:00,V,V-2,27153930,20387,9,R,15484,1,CSLB01,0,2012-10-05 07:40:00,2012-10-05 07:40:57,0,0,0,0,0,0,0,0,0,0,0,0,0,0,0,0,0,N,N,N
2012-10-05 00:00:00,V,V-2,27153930,20387,9,R,15484,2,ECOG01,698,2012-10-05 07:42:00,2012-10-05 07:43:26,0,0,0,0,0,0,0,0,0,0,0,0,0,0,0,0,0,N,N,N
2012-10-05 00:00:00,V,V-2,27153930,20387,9,R,15484,3,MTFL01,1506,2012-10-05 07:44:22,2012-10-05 07:45:36,0,0,0,0,0,0,0,0,0,0,0,0,0,0,0,0,0,N,N,N
2012-10-05 00:00:00,V,V-2,27153930,20387,9,R,15484,4,POCH01,1821,2012-10-05 07:45:17,2012-10-05 07:46:38,0,0,0,0,0,0,0,0,0,0,0,0,0,0,0,0,0,N,N,N
2012-10-05 00:00:00,V,V-2,27153930,20387,9,R,15484,5,PCEA01,2338,2012-10-05 07:46:48,2012-10-05 07:48:31,0,0,0,0,0,0,0,0,0,0,0,0,0,0,0,0,0,N,N,N
2012-10-05 00:00:00,V,V-2,27153930,20387,9,R,15484,6,AMAR01,2762,2012-10-05 07:48:03,2012-10-05 07:50:00,0,0,0,0,0,0,0,0,0,0,0,0,0,0,0,0,0,N,N,N
2012-10-05 00:00:00,V,V-2,27153930,20387,9,R,15484,7,ALCH01,3092,2012-10-05 07:49:01,2012-10-05 07:51:21,0,0,0,0,0,0,0,0,0,0,0,0,0,0,0,0,0,N,N,N
2012-10-05 00:00:00,V,V-2,27153930,20387,9,R,15484,8,VXGA01,3540,2012-10-05 07:50:20,2012-10-05 07:52:33,0,0,0,0,0,0,0,0,0,0,0,0,0,0,0,0,0,N,N,N
2012-10-05 00:00:00,V,V-2,27153930,20387,9,R,15484,9,VXBO01,3959,2012-10-05 07:51:37,2012-10-05 07:53:52,0,0,0,0,0,0,0,0,0,0,0,0,0,0,0,0,0,N,N,N
2012-10-05 00:00:00,V,V-2,27153930,20387,9,R,15484,10,ENVE01,4406,2012-10-05 07:53:00,2012-10-05 07:55:13,0,0,0,0,0,0,0,0,0,0,0,0,0,0,0,0,0,N,N,N
2012-10-05 00:00:00,V,V-2,27153930,20387,9,R,15484,11,FAYA01,4683,2012-10-05 07:53:48,2012-10-05 07:56:19,0,0,0,0,0,0,0,0,0,0,0,0,0,0,0,0,0,N,N,N
2012-10-05 00:00:00,V,V-2,27153930,20387,9,R,15484,12,MLGN01,5220,2012-10-05 07:55:21,2012-10-05 08:00:43,0,0,0,0,0,0,0,0,0,0,0,0,0,0,0,0,0,N,N,N
2012-10-05 00:00:00,V,V-2,27153930,20387,9,R,15484,13,PRLA01,5556,2012-10-05 07:56:19,2012-10-05 08:01:35,0,0,0,0,0,0,0,0,0,0,0,0,0,0,0,0,0,N,N,N
2012-10-05 00:00:00,V,V-2,27153930,20387,9,R,15484,14,GTVI01,6020,2012-10-05 07:57:40,2012-10-05 08:02:44,0,0,0,0,0,0,0,0,0,0,0,0,0,0,0,0,0,N,N,N
2012-10-05 00:00:00,V,V-2,27153930,20387,9,R,15484,15,SAGY01,6738,2012-10-05 07:59:12,2012-10-05 08:04:42,0,0,0,0,0,0,0,0,0,0,0,0,0,0,0,0,0,N,N,N
2012-10-05 00:00:00,V,V-2,27153930,20387,9,R,15484,16,GEBE01,7265,2012-10-05 08:00:20,2012-10-05 08:05:50,0,0,0,0,0,0,0,0,0,0,0,0,0,0,0,0,0,N,N,N
2012-10-05 00:00:00,V,V-2,27153930,20387,9,R,15484,17,CNAE01,7573,2012-10-05 08:01:04,2012-10-05 08:06:43,0,0,0,0,0,0,0,0,0,0,0,0,0,0,0,0,0,N,N,N
2012-10-05 00:00:00,V,V-2,27153930,20387,9,R,15484,18,VXVV01,7895,2012-10-05 08:01:50,2012-10-05 08:07:28,0,0,0,0,0,0,0,0,0,0,0,0,0,0,0,0,0,N,N,N
2012-10-05 00:00:00,V,V-2,27153930,20387,9,R,15484,19,VVRA01,8414,2012-10-05 08:03:05,2012-10-05 08:08:48,0,0,0,0,0,0,0,0,0,0,0,0,0,0,0,0,0,N,N,N
2012-10-05 00:00:00,V,V-2,27153930,20387,9,R,15484,20,CHTS01,8918,2012-10-05 08:04:17,2012-10-05 08:09:36,0,0,0,0,0,0,0,0,0,0,0,0,0,0,0,0,0,N,N,N
2012-10-05 00:00:00,V,V-2,27153930,20387,9,R,15484,21,COLO02,9214,2012-10-05 08:05:00,2012-10-05 08:10:04,0,0,0,0,0,0,0,0,0,0,0,0,0,0,0,0,0,N,N,N
2012-10-05 00:00:00,V,V-2,27153930,20387,9,R,15484,22,CLYS01,9810,2012-10-05 08:06:42,2012-10-05 08:11:44,0,0,0,0,0,0,0,0,0,0,0,0,0,0,0,0,0,N,N,N
2012-10-05 00:00:00,V,V-2,27153930,20387,9,R,15484,23,NANT01,10267,2012-10-05 08:08:00,2012-10-05 08:13:40,0,0,0,0,0,0,0,0,0,0,0,0,0,0,0,0,0,N,N,N
2012-10-05 00:00:00,V,V-2,27153930,20387,9,R,15484,24,MACH01,10665,2012-10-05 08:09:09,2012-10-05 08:15:02,0,0,0,0,0,0,0,0,0,0,0,0,0,0,0,0,0,N,N,N
2012-10-05 00:00:00,V,V-2,27153930,20387,9,R,15484,25,FTAI01,11049,2012-10-05 08:10:14,2012-10-05 08:15:56,0,0,0,0,0,0,0,0,0,0,0,0,0,0,0,0,0,N,N,N
2012-10-05 00:00:00,V,V-2,27153930,20387,9,R,15484,26,CARO01,11343,2012-10-05 08:11:05,2012-10-05 08:16:52,0,0,0,0,0,0,0,0,0,0,0,0,0,0,0,0,0,N,N,N
2012-10-05 00:00:00,V,V-2,27153930,20387,9,R,15484,27,CBFO01,11661,2012-10-05 08:12:00,2012-10-05 08:17:56,0,0,0,0,0,0,0,0,0,0,0,0,0,0,0,0,0,N,N,N
2012-10-05 00:00:00,V,V-2,27153930,20387,9,R,15484,28,CBPL01,11841,2012-10-05 08:12:28,2012-10-05 08:18:24,0,0,0,0,0,0,0,0,0,0,0,0,0,0,0,0,0,N,N,N
2012-10-05 00:00:00,V,V-2,27153930,20387,9,R,15484,29,PYMA01,12452,2012-10-05 08:14:07,2012-10-05 08:19:34,0,0,0,0,0,0,0,0,0,0,0,0,0,0,0,0,0,N,N,N
2012-10-05 00:00:00,V,V-2,27153930,20387,9,R,15484,30,PYVI01,12779,2012-10-05 08:15:00,2012-10-05 08:21:12,0,0,0,0,0,0,0,0,0,0,0,0,0,0,0,0,0,N,N,N
2012-10-05 00:00:00,V,V-2,27153930,20387,9,R,15484,31,PENT01,13059,2012-10-05 08:15:47,2012-10-05 08:21:55,0,0,0,0,0,0,0,0,0,0,0,0,0,0,0,0,0,N,N,N
2012-10-05 00:00:00,V,V-2,27153930,20387,9,R,15484,32,FENE01,13329,2012-10-05 08:16:33,2012-10-05 08:22:34,0,0,0,0,0,0,0,0,0,0,0,0,0,0,0,0,0,N,N,N
2012-10-05 00:00:00,V,V-2,27153930,20387,9,R,15484,33,APIA03,13700,2012-10-05 08:17:37,2012-10-05 08:23:20,0,0,0,0,0,0,0,0,0,0,0,0,0,0,0,0,0,N,N,N
2012-10-05 00:00:00,V,V-2,27153930,20387,9,R,15484,34,NATI14,14301,2012-10-05 08:19:20,2012-10-05 08:25:26,0,0,0,0,0,0,0,0,0,0,0,0,0,0,0,0,0,N,N,N
2012-10-05 00:00:00,V,V-2,27153930,20387,9,R,15484,35,VRBE02,14500,2012-10-05 08:20:03,2012-10-05 08:26:35,0,0,0,0,0,0,0,0,0,0,0,0,0,0,0,0,0,N,N,N
2012-10-05 00:00:00,V,V-2,27153930,20387,9,R,15484,36,VLAI01,15000,2012-10-05 08:21:53,2012-10-05 08:28:32,0,0,0,0,0,0,0,0,0,0,0,0,0,0,0,0,0,N,N,N
2012-10-05 00:00:00,V,V-2,27153930,20387,9,R,15484,37,CVIN22,15484,2012-10-05 08:23:40,2012-10-05 08:29:27,0,0,0,0,0,0,0,0,0,0,0,0,0,0,0,0,0,N,N,N
2012-10-05 00:00:00,V,V-2,27153931,20387,8,A,15766,5,NATI15,1465,2012-10-05 09:37:20,2012-10-05 08:36:41,0,0,0,0,0,0,0,0,0,0,0,0,0,0,0,0,0,N,Y,N
2012-10-05 00:00:00,VB,V-2,27153932,20387,10,R,4406,1,CSLB01,0,2012-10-05 10:25:00,2012-10-05 10:25:55,0,0,0,0,0,0,0,0,0,0,0,0,0,0,0,0,0,N,N,N
2012-10-05 00:00:00,VB,V-2,27153932,20387,10,R,4406,2,ECOG01,698,2012-10-05 10:27:00,2012-10-05 10:27:54,0,0,0,0,0,0,0,0,0,0,0,0,0,0,0,0,0,N,N,N
2012-10-05 00:00:00,VB,V-2,27153932,20387,10,R,4406,3,MTFL01,1506,2012-10-05 10:29:22,2012-10-05 10:29:38,0,0,0,0,0,0,0,0,0,0,0,0,0,0,0,0,0,N,N,N
2012-10-05 00:00:00,VB,V-2,27153932,20387,10,R,4406,4,POCH01,1821,2012-10-05 10:30:17,2012-10-05 10:30:52,0,0,0,0,0,0,0,0,0,0,0,0,0,0,0,0,0,N,N,N
2012-10-05 00:00:00,VB,V-2,27153932,20387,10,R,4406,5,PCEA01,2338,2012-10-05 10:31:48,2012-10-05 10:32:19,0,0,0,0,0,0,0,0,0,0,0,0,0,0,0,0,0,N,N,N
2012-10-05 00:00:00,VB,V-2,27153932,20387,10,R,4406,6,AMAR01,2762,2012-10-05 10:33:03,2012-10-05 10:33:28,0,0,0,0,0,0,0,0,0,0,0,0,0,0,0,0,0,N,N,N
2012-10-05 00:00:00,VB,V-2,27153932,20387,10,R,4406,7,ALCH01,3092,2012-10-05 10:34:01,2012-10-05 10:34:22,0,0,0,0,0,0,0,0,0,0,0,0,0,0,0,0,0,N,N,N
2012-10-05 00:00:00,VB,V-2,27153932,20387,10,R,4406,8,VXGA01,3540,2012-10-05 10:35:20,2012-10-05 10:35:26,0,0,0,0,0,0,0,0,0,0,0,0,0,0,0,0,0,N,N,N
2012-10-05 00:00:00,VB,V-2,27153932,20387,10,R,4406,9,VXBO01,3959,2012-10-05 10:36:47,2012-10-05 10:37:42,0,0,0,0,0,0,0,0,0,0,0,0,0,0,0,0,0,N,N,N
2012-10-05 00:00:00,VB,V-2,27153932,20387,10,R,4406,10,ENVE01,4406,2012-10-05 10:38:20,2012-10-05 10:38:57,0,0,0,0,0,0,0,0,0,0,0,0,0,0,0,0,0,N,N,N
2012-10-05 00:00:00,VB,V-2,27153934,20387,6,A,4242,1,ENVE00,0,2012-10-05 10:40:00,2012-10-05 10:40:25,0,0,0,0,0,0,0,0,0,0,0,0,0,0,0,0,0,N,N,N
2012-10-05 00:00:00,VB,V-2,27153934,20387,6,A,4242,2,VXBO00,332,2012-10-05 10:41:15,2012-10-05 10:41:55,0,0,0,0,0,0,0,0,0,0,0,0,0,0,0,0,0,N,N,N
2012-10-05 00:00:00,VB,V-2,27153934,20387,6,A,4242,3,VXGA00,796,2012-10-05 10:43:00,2012-10-05 10:43:23,0,0,0,0,0,0,0,0,0,0,0,0,0,0,0,0,0,N,N,N
2012-10-05 00:00:00,VB,V-2,27153934,20387,6,A,4242,4,ALCH00,1258,2012-10-05 10:44:17,2012-10-05 10:44:16,0,0,0,0,0,0,0,0,0,0,0,0,0,0,0,0,0,N,N,N
2012-10-05 00:00:00,VB,V-2,27153934,20387,6,A,4242,5,AMAR00,1611,2012-10-05 10:45:16,2012-10-05 10:45:26,0,0,0,0,0,0,0,0,0,0,0,0,0,0,0,0,0,N,N,N
2012-10-05 00:00:00,VB,V-2,27153934,20387,6,A,4242,6,PCEA00,2051,2012-10-05 10:46:30,2012-10-05 10:46:42,0,0,0,0,0,0,0,0,0,0,0,0,0,0,0,0,0,N,N,N
2012-10-05 00:00:00,VB,V-2,27153934,20387,6,A,4242,7,POCH00,2486,2012-10-05 10:47:42,2012-10-05 10:47:49,0,0,0,0,0,0,0,0,0,0,0,0,0,0,0,0,0,N,N,N
2012-10-05 00:00:00,VB,V-2,27153934,20387,6,A,4242,8,MTFL00,2885,2012-10-05 10:48:49,2012-10-05 10:49:37,0,0,0,0,0,0,0,0,0,0,0,0,0,0,0,0,0,N,N,N
2012-10-05 00:00:00,VB,V-2,27153934,20387,6,A,4242,9,ECOG00,3663,2012-10-05 10:51:00,2012-10-05 10:51:24,0,0,0,0,0,0,0,0,0,0,0,0,0,0,0,0,0,N,N,N
2012-10-05 00:00:00,VB,V-2,27153934,20387,6,A,4242,10,CSLB01,4242,2012-10-05 10:52:00,2012-10-05 10:52:36,0,0,0,0,0,0,0,0,0,0,0,0,0,0,0,0,0,N,N,N
2012-10-05 00:00:00,V,V-2,27153935,20387,9,R,15484,1,CSLB01,0,2012-10-05 10:57:00,2012-10-05 10:57:40,0,0,0,0,0,0,0,0,0,0,0,0,0,0,0,0,0,N,N,N
2012-10-05 00:00:00,V,V-2,27153935,20387,9,R,15484,2,ECOG01,698,2012-10-05 10:59:00,2012-10-05 10:59:45,0,0,0,0,0,0,0,0,0,0,0,0,0,0,0,0,0,N,N,N
2012-10-05 00:00:00,V,V-2,27153935,20387,9,R,15484,3,MTFL01,1506,2012-10-05 11:01:22,2012-10-05 11:01:47,0,0,0,0,0,0,0,0,0,0,0,0,0,0,0,0,0,N,N,N
2012-10-05 00:00:00,V,V-2,27153935,20387,9,R,15484,4,POCH01,1821,2012-10-05 11:02:17,2012-10-05 11:02:40,0,0,0,0,0,0,0,0,0,0,0,0,0,0,0,0,0,N,N,N
2012-10-05 00:00:00,V,V-2,27153935,20387,9,R,15484,5,PCEA01,2338,2012-10-05 11:03:48,2012-10-05 11:04:11,0,0,0,0,0,0,0,0,0,0,0,0,0,0,0,0,0,N,N,N
2012-10-05 00:00:00,V,V-2,27153935,20387,9,R,15484,6,AMAR01,2762,2012-10-05 11:05:03,2012-10-05 11:05:27,0,0,0,0,0,0,0,0,0,0,0,0,0,0,0,0,0,N,N,N
2012-10-05 00:00:00,V,V-2,27153935,20387,9,R,15484,7,ALCH01,3092,2012-10-05 11:06:01,2012-10-05 11:06:27,0,0,0,0,0,0,0,0,0,0,0,0,0,0,0,0,0,N,N,N
2012-10-05 00:00:00,V,V-2,27153935,20387,9,R,15484,8,VXGA01,3540,2012-10-05 11:07:20,2012-10-05 11:08:02,0,0,0,0,0,0,0,0,0,0,0,0,0,0,0,0,0,N,N,N
2012-10-05 00:00:00,V,V-2,27153935,20387,9,R,15484,9,VXBO01,3959,2012-10-05 11:08:47,2012-10-05 11:09:28,0,0,0,0,0,0,0,0,0,0,0,0,0,0,0,0,0,N,N,N
2012-10-05 00:00:00,V,V-2,27153935,20387,9,R,15484,10,ENVE01,4406,2012-10-05 11:10:20,2012-10-05 11:10:54,0,0,0,0,0,0,0,0,0,0,0,0,0,0,0,0,0,N,N,N
2012-10-05 00:00:00,V,V-2,27153935,20387,9,R,15484,11,FAYA01,4683,2012-10-05 11:11:08,2012-10-05 11:11:51,0,0,0,0,0,0,0,0,0,0,0,0,0,0,0,0,0,N,N,N
2012-10-05 00:00:00,V,V-2,27153935,20387,9,R,15484,12,MLGN01,5220,2012-10-05 11:12:41,2012-10-05 11:12:58,0,0,0,0,0,0,0,0,0,0,0,0,0,0,0,0,0,N,N,N
2012-10-05 00:00:00,V,V-2,27153935,20387,9,R,15484,13,PRLA01,5556,2012-10-05 11:13:39,2012-10-05 11:13:51,0,0,0,0,0,0,0,0,0,0,0,0,0,0,0,0,0,N,N,N
2012-10-05 00:00:00,V,V-2,27153935,20387,9,R,15484,14,GTVI01,6020,2012-10-05 11:15:00,2012-10-05 11:15:30,0,0,0,0,0,0,0,0,0,0,0,0,0,0,0,0,0,N,N,N
2012-10-05 00:00:00,V,V-2,27153935,20387,9,R,15484,15,SAGY01,6738,2012-10-05 11:16:43,2012-10-05 11:17:16,0,0,0,0,0,0,0,0,0,0,0,0,0,0,0,0,0,N,N,N
2012-10-05 00:00:00,V,V-2,27153935,20387,9,R,15484,16,GEBE01,7265,2012-10-05 11:18:00,2012-10-05 11:18:16,0,0,0,0,0,0,0,0,0,0,0,0,0,0,0,0,0,N,N,N
2012-10-05 00:00:00,V,V-2,27153935,20387,9,R,15484,17,CNAE01,7573,2012-10-05 11:18:47,2012-10-05 11:18:58,0,0,0,0,0,0,0,0,0,0,0,0,0,0,0,0,0,N,N,N
2012-10-05 00:00:00,V,V-2,27153935,20387,9,R,15484,18,VXVV01,7895,2012-10-05 11:19:36,2012-10-05 11:19:40,0,0,0,0,0,0,0,0,0,0,0,0,0,0,0,0,0,N,N,N
2012-10-05 00:00:00,V,V-2,27153935,20387,9,R,15484,19,VVRA01,8414,2012-10-05 11:20:56,2012-10-05 11:21:07,0,0,0,0,0,0,0,0,0,0,0,0,0,0,0,0,0,N,N,N
2012-10-05 00:00:00,V,V-2,27153935,20387,9,R,15484,20,CHTS01,8918,2012-10-05 11:22:14,2012-10-05 11:22:09,0,0,0,0,0,0,0,0,0,0,0,0,0,0,0,0,0,N,N,N
2012-10-05 00:00:00,V,V-2,27153935,20387,9,R,15484,21,COLO02,9214,2012-10-05 11:23:00,2012-10-05 11:22:53,0,0,0,0,0,0,0,0,0,0,0,0,0,0,0,0,0,N,N,N
2012-10-05 00:00:00,V,V-2,27153935,20387,9,R,15484,22,CLYS01,9810,2012-10-05 11:24:22,2012-10-05 11:23:45,0,0,0,0,0,0,0,0,0,0,0,0,0,0,0,0,0,N,N,N
2012-10-05 00:00:00,V,V-2,27153935,20387,9,R,15484,23,NANT01,10267,2012-10-05 11:25:26,2012-10-05 11:24:54,0,0,0,0,0,0,0,0,0,0,0,0,0,0,0,0,0,N,N,N
2012-10-05 00:00:00,V,V-2,27153935,20387,9,R,15484,24,MACH01,10665,2012-10-05 11:26:21,2012-10-05 11:26:09,0,0,0,0,0,0,0,0,0,0,0,0,0,0,0,0,0,N,N,N
2012-10-05 00:00:00,V,V-2,27153935,20387,9,R,15484,25,FTAI01,11049,2012-10-05 11:27:14,2012-10-05 11:27:10,0,0,0,0,0,0,0,0,0,0,0,0,0,0,0,0,0,N,N,N
2012-10-05 00:00:00,V,V-2,27153935,20387,9,R,15484,26,CARO01,11343,2012-10-05 11:27:55,2012-10-05 11:28:19,0,0,0,0,0,0,0,0,0,0,0,0,0,0,0,0,0,N,N,N
2012-10-05 00:00:00,V,V-2,27153935,20387,9,R,15484,27,CBFO01,11661,2012-10-05 11:28:40,2012-10-05 11:29:20,0,0,0,0,0,0,0,0,0,0,0,0,0,0,0,0,0,N,N,N
2012-10-05 00:00:00,V,V-2,27153935,20387,9,R,15484,28,CBPL01,11841,2012-10-05 11:29:05,2012-10-05 11:29:51,0,0,0,0,0,0,0,0,0,0,0,0,0,0,0,0,0,N,N,N
2012-10-05 00:00:00,V,V-2,27153935,20387,9,R,15484,29,PYMA01,12452,2012-10-05 11:30:33,2012-10-05 11:31:03,0,0,0,0,0,0,0,0,0,0,0,0,0,0,0,0,0,N,N,N
2012-10-05 00:00:00,V,V-2,27153935,20387,9,R,15484,30,PYVI01,12779,2012-10-05 11:31:20,2012-10-05 11:32:20,0,0,0,0,0,0,0,0,0,0,0,0,0,0,0,0,0,N,N,N
2012-10-05 00:00:00,V,V-2,27153935,20387,9,R,15484,31,PENT01,13059,2012-10-05 11:32:07,2012-10-05 11:33:13,0,0,0,0,0,0,0,0,0,0,0,0,0,0,0,0,0,N,N,N
2012-10-05 00:00:00,V,V-2,27153935,20387,9,R,15484,32,FENE01,13329,2012-10-05 11:32:53,2012-10-05 11:33:50,0,0,0,0,0,0,0,0,0,0,0,0,0,0,0,0,0,N,N,N
2012-10-05 00:00:00,V,V-2,27153935,20387,9,R,15484,33,APIA03,13700,2012-10-05 11:33:57,2012-10-05 11:34:48,0,0,0,0,0,0,0,0,0,0,0,0,0,0,0,0,0,N,N,N
2012-10-05 00:00:00,V,V-2,27153935,20387,9,R,15484,34,NATI14,14301,2012-10-05 11:35:40,2012-10-05 11:37:40,0,0,0,0,0,0,0,0,0,0,0,0,0,0,0,0,0,N,N,N
2012-10-05 00:00:00,V,V-2,27153935,20387,9,R,15484,35,VRBE02,14500,2012-10-05 11:36:23,2012-10-05 11:39:14,0,0,0,0,0,0,0,0,0,0,0,0,0,0,0,0,0,N,N,N
2012-10-05 00:00:00,V,V-2,27153935,20387,9,R,15484,36,VLAI01,15000,2012-10-05 11:38:13,2012-10-05 11:40:19,0,0,0,0,0,0,0,0,0,0,0,0,0,0,0,0,0,N,N,N
2012-10-05 00:00:00,V,V-2,27153935,20387,9,R,15484,37,CVIN22,15484,2012-10-05 11:40:00,2012-10-05 11:41:27,0,0,0,0,0,0,0,0,0,0,0,0,0,0,0,0,0,N,N,N
2012-10-05 00:00:00,Z,V-2,27153936,20387,3,A,12264,1,CVIN22,0,2012-10-05 11:45:00,2012-10-05 11:48:14,0,0,0,0,0,0,0,0,0,0,0,0,0,0,0,0,0,N,N,N
2012-10-05 00:00:00,Z,V-2,27153936,20387,3,A,12264,2,POST00,451,2012-10-05 11:47:09,2012-10-05 11:50:49,0,0,0,0,0,0,0,0,0,0,0,0,0,0,0,0,0,N,N,N
2012-10-05 00:00:00,Z,V-2,27153936,20387,3,A,12264,3,VLAI00,832,2012-10-05 11:48:58,2012-10-05 11:51:39,0,0,0,0,0,0,0,0,0,0,0,0,0,0,0,0,0,N,N,N
2012-10-05 00:00:00,Z,V-2,27153936,20387,3,A,12264,4,VRBE01,1280,2012-10-05 11:51:06,2012-10-05 11:53:01,0,0,0,0,0,0,0,0,0,0,0,0,0,0,0,0,0,N,N,N
2012-10-05 00:00:00,Z,V-2,27153936,20387,3,A,12264,5,NATI15,1465,2012-10-05 11:52:00,2012-10-05 11:54:54,0,0,0,0,0,0,0,0,0,0,0,0,0,0,0,0,0,N,N,N
2012-10-05 00:00:00,Z,V-2,27153936,20387,3,A,12264,6,APIA02,2123,2012-10-05 11:54:16,2012-10-05 11:58:50,0,0,0,0,0,0,0,0,0,0,0,0,0,0,0,0,0,N,N,N
2012-10-05 00:00:00,Z,V-2,27153936,20387,3,A,12264,7,FENE00,2490,2012-10-05 11:55:31,2012-10-05 11:59:56,0,0,0,0,0,0,0,0,0,0,0,0,0,0,0,0,0,N,N,N
2012-10-05 00:00:00,Z,V-2,27153936,20387,3,A,12264,8,PENT00,2746,2012-10-05 11:56:24,2012-10-05 12:00:40,0,0,0,0,0,0,0,0,0,0,0,0,0,0,0,0,0,N,N,N
2012-10-05 00:00:00,Z,V-2,27153936,20387,3,A,12264,9,PYVI00,3013,2012-10-05 11:57:20,2012-10-05 12:01:32,0,0,0,0,0,0,0,0,0,0,0,0,0,0,0,0,0,N,N,N
2012-10-05 00:00:00,Z,V-2,27153936,20387,3,A,12264,10,PYMA00,3399,2012-10-05 11:58:19,2012-10-05 12:02:36,0,0,0,0,0,0,0,0,0,0,0,0,0,0,0,0,0,N,N,N
2012-10-05 00:00:00,Z,V-2,27153936,20387,3,A,12264,11,CBPL00,3980,2012-10-05 11:59:49,2012-10-05 12:03:48,0,0,0,0,0,0,0,0,0,0,0,0,0,0,0,0,0,N,N,N
2012-10-05 00:00:00,Z,V-2,27153936,20387,3,A,12264,12,CBFO00,4174,2012-10-05 12:00:20,2012-10-05 12:05:04,0,0,0,0,0,0,0,0,0,0,0,0,0,0,0,0,0,N,N,N
2012-10-05 00:00:00,Z,V-2,27153936,20387,3,A,12264,13,CARO00,4499,2012-10-05 12:01:05,2012-10-05 12:06:05,0,0,0,0,0,0,0,0,0,0,0,0,0,0,0,0,0,N,N,N
2012-10-05 00:00:00,Z,V-2,27153936,20387,3,A,12264,14,FTAI00,4821,2012-10-05 12:01:50,2012-10-05 12:07:04,0,0,0,0,0,0,0,0,0,0,0,0,0,0,0,0,0,N,N,N
2012-10-05 00:00:00,Z,V-2,27153936,20387,3,A,12264,15,MACH00,5174,2012-10-05 12:02:39,2012-10-05 12:08:09,0,0,0,0,0,0,0,0,0,0,0,0,0,0,0,0,0,N,N,N
2012-10-05 00:00:00,Z,V-2,27153936,20387,3,A,12264,16,NANT00,5544,2012-10-05 12:03:31,2012-10-05 12:09:09,0,0,0,0,0,0,0,0,0,0,0,0,0,0,0,0,0,N,N,N
2012-10-05 00:00:00,Z,V-2,27153936,20387,3,A,12264,17,CLYS00,5950,2012-10-05 12:04:27,2012-10-05 12:09:53,0,0,0,0,0,0,0,0,0,0,0,0,0,0,0,0,0,N,N,N
2012-10-05 00:00:00,Z,V-2,27153936,20387,3,A,12264,18,COLO00,6609,2012-10-05 12:06:00,2012-10-05 12:10:49,0,0,0,0,0,0,0,0,0,0,0,0,0,0,0,0,0,N,N,N
2012-10-05 00:00:00,Z,V-2,27153936,20387,3,A,12264,19,PLNT00,7006,2012-10-05 12:06:49,2012-10-05 12:11:39,0,0,0,0,0,0,0,0,0,0,0,0,0,0,0,0,0,N,N,N
2012-10-05 00:00:00,Z,V-2,27153936,20387,3,A,12264,20,VRLP00,7677,2012-10-05 12:08:12,2012-10-05 12:12:55,0,0,0,0,0,0,0,0,0,0,0,0,0,0,0,0,0,N,N,N
2012-10-05 00:00:00,Z,V-2,27153936,20387,3,A,12264,21,PREL00,8090,2012-10-05 12:09:04,2012-10-05 12:13:50,0,0,0,0,0,0,0,0,0,0,0,0,0,0,0,0,0,N,N,N
2012-10-05 00:00:00,Z,V-2,27153936,20387,3,A,12264,22,CXCE00,8540,2012-10-05 12:10:00,2012-10-05 12:15:05,0,0,0,0,0,0,0,0,0,0,0,0,0,0,0,0,0,N,N,N
2012-10-05 00:00:00,Z,V-2,27153936,20387,3,A,12264,23,CXEC00,8927,2012-10-05 12:10:50,2012-10-05 12:16:31,0,0,0,0,0,0,0,0,0,0,0,0,0,0,0,0,0,N,N,N
2012-10-05 00:00:00,Z,V-2,27153936,20387,3,A,12264,24,SCHA00,9220,2012-10-05 12:11:28,2012-10-05 12:16:59,0,0,0,0,0,0,0,0,0,0,0,0,0,0,0,0,0,N,N,N
2012-10-05 00:00:00,Z,V-2,27153936,20387,3,A,12264,25,BOSY01,10069,2012-10-05 12:13:20,2012-10-05 12:17:56,0,0,0,0,0,0,0,0,0,0,0,0,0,0,0,0,0,N,N,N
2012-10-05 00:00:00,Z,V-2,27153936,20387,3,A,12264,26,_BSDNF,11261,2012-10-05 12:15:30,2012-10-05 12:19:24,0,0,0,0,0,0,0,0,0,0,0,0,0,0,0,0,0,N,N,N
2012-10-05 00:00:00,Z,V-2,27153936,20387,3,A,12264,27,BOCH00,12264,2012-10-05 12:17:20,2012-10-05 12:20:20,0,0,0,0,0,0,0,0,0,0,0,0,0,0,0,0,0,N,N,N
2012-10-05 00:00:00,Z,V-2,27153937,20387,8,R,11981,1,BOCH00,0,2012-10-05 12:22:00,2012-10-05 12:23:22,0,0,0,0,0,0,0,0,0,0,0,0,0,0,0,0,0,N,N,N
2012-10-05 00:00:00,Z,V-2,27153937,20387,8,R,11981,2,_BSDNS,1044,2012-10-05 12:24:00,2012-10-05 12:25:06,0,0,0,0,0,0,0,0,0,0,0,0,0,0,0,0,0,N,N,N
2012-10-05 00:00:00,Z,V-2,27153937,20387,8,R,11981,3,BOSY00,2259,2012-10-05 12:26:20,2012-10-05 12:27:03,0,0,0,0,0,0,0,0,0,0,0,0,0,0,0,0,0,N,N,N
2012-10-05 00:00:00,Z,V-2,27153937,20387,8,R,11981,4,SCHA01,3119,2012-10-05 12:28:14,2012-10-05 12:28:04,0,0,0,0,0,0,0,0,0,0,0,0,0,0,0,0,0,N,N,N
2012-10-05 00:00:00,Z,V-2,27153937,20387,8,R,11981,5,CXEC01,3392,2012-10-05 12:28:51,2012-10-05 12:28:50,0,0,0,0,0,0,0,0,0,0,0,0,0,0,0,0,0,N,N,N
2012-10-05 00:00:00,Z,V-2,27153937,20387,8,R,11981,6,CXCE01,3755,2012-10-05 12:29:40,2012-10-05 12:29:52,0,0,0,0,0,0,0,0,0,0,0,0,0,0,0,0,0,N,N,N
2012-10-05 00:00:00,Z,V-2,27153937,20387,8,R,11981,7,PREL01,4113,2012-10-05 12:30:32,2012-10-05 12:30:58,0,0,0,0,0,0,0,0,0,0,0,0,0,0,0,0,0,N,N,N
2012-10-05 00:00:00,Z,V-2,27153937,20387,8,R,11981,8,VRLP01,4615,2012-10-05 12:31:45,2012-10-05 12:31:58,0,0,0,0,0,0,0,0,0,0,0,0,0,0,0,0,0,N,N,N
2012-10-05 00:00:00,Z,V-2,27153937,20387,8,R,11981,9,PLNT01,5303,2012-10-05 12:33:25,2012-10-05 12:33:08,0,0,0,0,0,0,0,0,0,0,0,0,0,0,0,0,0,N,N,N
2012-10-05 00:00:00,Z,V-2,27153937,20387,8,R,11981,10,COLO01,5674,2012-10-05 12:34:20,2012-10-05 12:34:11,0,0,0,0,0,0,0,0,0,0,0,0,0,0,0,0,0,N,N,N
2012-10-05 00:00:00,Z,V-2,27153937,20387,8,R,11981,11,CLYS01,6307,2012-10-05 12:35:56,2012-10-05 12:35:16,0,0,0,0,0,0,0,0,0,0,0,0,0,0,0,0,0,N,N,N
2012-10-05 00:00:00,Z,V-2,27153937,20387,8,R,11981,12,NANT01,6764,2012-10-05 12:37:06,2012-10-05 12:36:17,0,0,0,0,0,0,0,0,0,0,0,0,0,0,0,0,0,N,N,N
2012-10-05 00:00:00,Z,V-2,27153937,20387,8,R,11981,13,MACH01,7162,2012-10-05 12:38:07,2012-10-05 12:37:38,0,0,0,0,0,0,0,0,0,0,0,0,0,0,0,0,0,N,N,N
2012-10-05 00:00:00,Z,V-2,27153937,20387,8,R,11981,14,FTAI01,7546,2012-10-05 12:39:06,2012-10-05 12:38:23,0,0,0,0,0,0,0,0,0,0,0,0,0,0,0,0,0,N,N,N
2012-10-05 00:00:00,Z,V-2,27153937,20387,8,R,11981,15,CARO01,7840,2012-10-05 12:39:51,2012-10-05 12:39:11,0,0,0,0,0,0,0,0,0,0,0,0,0,0,0,0,0,N,N,N
2012-10-05 00:00:00,Z,V-2,27153937,20387,8,R,11981,16,CBFO01,8158,2012-10-05 12:40:40,2012-10-05 12:40:22,0,0,0,0,0,0,0,0,0,0,0,0,0,0,0,0,0,N,N,N
2012-10-05 00:00:00,Z,V-2,27153937,20387,8,R,11981,17,CBPL01,8338,2012-10-05 12:41:05,2012-10-05 12:40:59,0,0,0,0,0,0,0,0,0,0,0,0,0,0,0,0,0,N,N,N
2012-10-05 00:00:00,Z,V-2,27153937,20387,8,R,11981,18,PYMA01,8949,2012-10-05 12:42:33,2012-10-05 12:42:17,0,0,0,0,0,0,0,0,0,0,0,0,0,0,0,0,0,N,N,N
2012-10-05 00:00:00,Z,V-2,27153937,20387,8,R,11981,19,PYVI01,9276,2012-10-05 12:43:20,2012-10-05 12:43:34,0,0,0,0,0,0,0,0,0,0,0,0,0,0,0,0,0,N,N,N
2012-10-05 00:00:00,Z,V-2,27153937,20387,8,R,11981,20,PENT01,9556,2012-10-05 12:44:07,2012-10-05 12:44:22,0,0,0,0,0,0,0,0,0,0,0,0,0,0,0,0,0,N,N,N
2012-10-05 00:00:00,Z,V-2,27153937,20387,8,R,11981,21,FENE01,9826,2012-10-05 12:44:53,2012-10-05 12:44:52,0,0,0,0,0,0,0,0,0,0,0,0,0,0,0,0,0,N,N,N
2012-10-05 00:00:00,Z,V-2,27153937,20387,8,R,11981,22,APIA03,10197,2012-10-05 12:45:57,2012-10-05 12:45:47,0,0,0,0,0,0,0,0,0,0,0,0,0,0,0,0,0,N,N,N
2012-10-05 00:00:00,Z,V-2,27153937,20387,8,R,11981,23,NATI14,10798,2012-10-05 12:47:40,2012-10-05 12:47:30,0,0,0,0,0,0,0,0,0,0,0,0,0,0,0,0,0,N,N,N
2012-10-05 00:00:00,Z,V-2,27153937,20387,8,R,11981,24,VRBE02,10997,2012-10-05 12:48:23,2012-10-05 12:48:44,0,0,0,0,0,0,0,0,0,0,0,0,0,0,0,0,0,N,N,N
2012-10-05 00:00:00,Z,V-2,27153937,20387,8,R,11981,25,VLAI01,11497,2012-10-05 12:50:13,2012-10-05 12:49:59,0,0,0,0,0,0,0,0,0,0,0,0,0,0,0,0,0,N,N,N
2012-10-05 00:00:00,Z,V-2,27153937,20387,8,R,11981,26,CVIN22,11981,2012-10-05 12:52:00,2012-10-05 12:51:11,0,0,0,0,0,0,0,0,0,0,0,0,0,0,0,0,0,N,N,N
2012-10-05 00:00:00,V,V-2,27153938,20387,8,A,15766,1,CVIN22,0,2012-10-05 13:00:00,2012-10-05 12:58:41,0,0,0,0,0,0,0,0,0,0,0,0,0,0,0,0,0,N,N,N
2012-10-05 00:00:00,V,V-2,27153938,20387,8,A,15766,2,POST00,451,2012-10-05 13:02:09,2012-10-05 13:04:30,0,0,0,0,0,0,0,0,0,0,0,0,0,0,0,0,0,N,N,N
2012-10-05 00:00:00,V,V-2,27153938,20387,8,A,15766,3,VLAI00,832,2012-10-05 13:03:58,2012-10-05 13:05:37,0,0,0,0,0,0,0,0,0,0,0,0,0,0,0,0,0,N,N,N
2012-10-05 00:00:00,V,V-2,27153938,20387,8,A,15766,4,VRBE01,1280,2012-10-05 13:06:06,2012-10-05 13:06:34,0,0,0,0,0,0,0,0,0,0,0,0,0,0,0,0,0,N,Y,N
2012-10-05 00:00:00,V,V-2,27153938,20387,8,A,15766,5,APIA02,2123,2012-10-05 13:09:16,2012-10-05 13:12:07,0,0,0,0,0,0,0,0,0,0,0,0,0,0,0,0,0,N,N,Y
2012-10-05 00:00:00,V,V-2,27153938,20387,8,A,15766,6,FENE00,2490,2012-10-05 13:10:31,2012-10-05 13:12:56,0,0,0,0,0,0,0,0,0,0,0,0,0,0,0,0,0,N,N,N
2012-10-05 00:00:00,V,V-2,27153938,20387,8,A,15766,7,PENT00,2746,2012-10-05 13:11:24,2012-10-05 13:13:47,0,0,0,0,0,0,0,0,0,0,0,0,0,0,0,0,0,N,N,N
2012-10-05 00:00:00,V,V-2,27153938,20387,8,A,15766,8,PYVI00,3013,2012-10-05 13:12:20,2012-10-05 13:14:41,0,0,0,0,0,0,0,0,0,0,0,0,0,0,0,0,0,N,N,N
2012-10-05 00:00:00,V,V-2,27153938,20387,8,A,15766,9,PYMA00,3399,2012-10-05 13:13:19,2012-10-05 13:15:31,0,0,0,0,0,0,0,0,0,0,0,0,0,0,0,0,0,N,N,N
2012-10-05 00:00:00,V,V-2,27153938,20387,8,A,15766,10,CBPL00,3980,2012-10-05 13:14:49,2012-10-05 13:16:50,0,0,0,0,0,0,0,0,0,0,0,0,0,0,0,0,0,N,N,N
2012-10-05 00:00:00,V,V-2,27153938,20387,8,A,15766,11,CBFO00,4174,2012-10-05 13:15:20,2012-10-05 13:17:33,0,0,0,0,0,0,0,0,0,0,0,0,0,0,0,0,0,N,N,N
2012-10-05 00:00:00,V,V-2,27153938,20387,8,A,15766,12,CARO00,4499,2012-10-05 13:16:02,2012-10-05 13:18:31,0,0,0,0,0,0,0,0,0,0,0,0,0,0,0,0,0,N,N,N
2012-10-05 00:00:00,V,V-2,27153938,20387,8,A,15766,13,FTAI00,4821,2012-10-05 13:16:45,2012-10-05 13:19:26,0,0,0,0,0,0,0,0,0,0,0,0,0,0,0,0,0,N,N,N
2012-10-05 00:00:00,V,V-2,27153938,20387,8,A,15766,14,MACH00,5174,2012-10-05 13:17:31,2012-10-05 13:20:26,0,0,0,0,0,0,0,0,0,0,0,0,0,0,0,0,0,N,N,N
2012-10-05 00:00:00,V,V-2,27153938,20387,8,A,15766,15,NANT00,5544,2012-10-05 13:18:20,2012-10-05 13:21:33,0,0,0,0,0,0,0,0,0,0,0,0,0,0,0,0,0,N,N,N
2012-10-05 00:00:00,V,V-2,27153938,20387,8,A,15766,16,CLYS00,5950,2012-10-05 13:19:13,2012-10-05 13:22:21,0,0,0,0,0,0,0,0,0,0,0,0,0,0,0,0,0,N,N,N
2012-10-05 00:00:00,V,V-2,27153938,20387,8,A,15766,17,COLO00,6609,2012-10-05 13:20:40,2012-10-05 13:23:20,0,0,0,0,0,0,0,0,0,0,0,0,0,0,0,0,0,N,N,N
2012-10-05 00:00:00,V,V-2,27153938,20387,8,A,15766,18,CHTS00,6962,2012-10-05 13:21:25,2012-10-05 13:23:56,0,0,0,0,0,0,0,0,0,0,0,0,0,0,0,0,0,N,N,N
2012-10-05 00:00:00,V,V-2,27153938,20387,8,A,15766,19,VVRA00,7358,2012-10-05 13:22:16,2012-10-05 13:24:28,0,0,0,0,0,0,0,0,0,0,0,0,0,0,0,0,0,N,N,N
2012-10-05 00:00:00,V,V-2,27153938,20387,8,A,15766,20,VXVV00,7897,2012-10-05 13:23:26,2012-10-05 13:25:43,0,0,0,0,0,0,0,0,0,0,0,0,0,0,0,0,0,N,N,N
2012-10-05 00:00:00,V,V-2,27153938,20387,8,A,15766,21,CNAE00,8277,2012-10-05 13:24:15,2012-10-05 13:26:44,0,0,0,0,0,0,0,0,0,0,0,0,0,0,0,0,0,N,N,N
2012-10-05 00:00:00,V,V-2,27153938,20387,8,A,15766,22,GEBE00,8620,2012-10-05 13:25:00,2012-10-05 13:27:30,0,0,0,0,0,0,0,0,0,0,0,0,0,0,0,0,0,N,N,N
2012-10-05 00:00:00,V,V-2,27153938,20387,8,A,15766,23,SAGY00,9131,2012-10-05 13:26:15,2012-10-05 13:28:16,0,0,0,0,0,0,0,0,0,0,0,0,0,0,0,0,0,N,N,N
2012-10-05 00:00:00,V,V-2,27153938,20387,8,A,15766,24,GTVI00,9834,2012-10-05 13:28:00,2012-10-05 13:30:14,0,0,0,0,0,0,0,0,0,0,0,0,0,0,0,0,0,N,N,N
2012-10-05 00:00:00,V,V-2,27153938,20387,8,A,15766,25,PRLA00,10324,2012-10-05 13:29:21,2012-10-05 13:31:51,0,0,0,0,0,0,0,0,0,0,0,0,0,0,0,0,0,N,N,N
2012-10-05 00:00:00,V,V-2,27153938,20387,8,A,15766,26,MLGN00,10555,2012-10-05 13:29:59,2012-10-05 13:32:14,0,0,0,0,0,0,0,0,0,0,0,0,0,0,0,0,0,N,N,N
2012-10-05 00:00:00,V,V-2,27153938,20387,8,A,15766,27,FAYA00,11161,2012-10-05 13:31:39,2012-10-05 13:33:37,0,0,0,0,0,0,0,0,0,0,0,0,0,0,0,0,0,N,N,N
2012-10-05 00:00:00,V,V-2,27153938,20387,8,A,15766,28,ENVE00,11524,2012-10-05 13:32:40,2012-10-05 13:34:36,0,0,0,0,0,0,0,0,0,0,0,0,0,0,0,0,0,N,N,N
2012-10-05 00:00:00,V,V-2,27153938,20387,8,A,15766,29,VXBO00,11856,2012-10-05 13:33:55,2012-10-05 13:35:36,0,0,0,0,0,0,0,0,0,0,0,0,0,0,0,0,0,N,N,N
2012-10-05 00:00:00,V,V-2,27153938,20387,8,A,15766,30,VXGA00,12320,2012-10-05 13:35:40,2012-10-05 13:37:12,0,0,0,0,0,0,0,0,0,0,0,0,0,0,0,0,0,N,N,N
2012-10-05 00:00:00,V,V-2,27153938,20387,8,A,15766,31,ALCH00,12782,2012-10-05 13:37:00,2012-10-05 13:38:14,0,0,0,0,0,0,0,0,0,0,0,0,0,0,0,0,0,N,N,N
2012-10-05 00:00:00,V,V-2,27153938,20387,8,A,15766,32,AMAR00,13135,2012-10-05 13:38:02,2012-10-05 13:39:16,0,0,0,0,0,0,0,0,0,0,0,0,0,0,0,0,0,N,N,N
2012-10-05 00:00:00,V,V-2,27153938,20387,8,A,15766,33,PCEA00,13575,2012-10-05 13:39:18,2012-10-05 13:40:24,0,0,0,0,0,0,0,0,0,0,0,0,0,0,0,0,0,N,N,N
2012-10-05 00:00:00,V,V-2,27153938,20387,8,A,15766,34,POCH00,14010,2012-10-05 13:40:34,2012-10-05 13:41:38,0,0,0,0,0,0,0,0,0,0,0,0,0,0,0,0,0,N,N,N
2012-10-05 00:00:00,V,V-2,27153938,20387,8,A,15766,35,MTFL00,14409,2012-10-05 13:41:44,2012-10-05 13:42:56,0,0,0,0,0,0,0,0,0,0,0,0,0,0,0,0,0,N,N,N
2012-10-05 00:00:00,V,V-2,27153938,20387,8,A,15766,36,ECOG00,15187,2012-10-05 13:44:00,2012-10-05 13:44:33,0,0,0,0,0,0,0,0,0,0,0,0,0,0,0,0,0,N,N,N
2012-10-05 00:00:00,V,V-2,27153938,20387,8,A,15766,37,CSLB01,15766,2012-10-05 13:45:00,2012-10-05 13:45:39,0,0,0,0,0,0,0,0,0,0,0,0,0,0,0,0,0,N,N,N
2012-10-05 00:00:00,V,V-2,27153939,20387,9,R,15484,1,CSLB01,0,2012-10-05 13:55:00,2012-10-05 13:56:29,0,0,0,0,0,0,0,0,0,0,0,0,0,0,0,0,0,N,N,N
2012-10-05 00:00:00,V,V-2,27153939,20387,9,R,15484,2,ECOG01,698,2012-10-05 13:57:00,2012-10-05 13:58:38,0,0,0,0,0,0,0,0,0,0,0,0,0,0,0,0,0,N,N,N
2012-10-05 00:00:00,V,V-2,27153939,20387,9,R,15484,3,MTFL01,1506,2012-10-05 13:59:22,2012-10-05 14:00:41,0,0,0,0,0,0,0,0,0,0,0,0,0,0,0,0,0,N,N,N
2012-10-05 00:00:00,V,V-2,27153939,20387,9,R,15484,4,POCH01,1821,2012-10-05 14:00:17,2012-10-05 14:01:29,0,0,0,0,0,0,0,0,0,0,0,0,0,0,0,0,0,N,N,N
2012-10-05 00:00:00,V,V-2,27153939,20387,9,R,15484,5,PCEA01,2338,2012-10-05 14:01:48,2012-10-05 14:02:49,0,0,0,0,0,0,0,0,0,0,0,0,0,0,0,0,0,N,N,N
2012-10-05 00:00:00,V,V-2,27153939,20387,9,R,15484,6,AMAR01,2762,2012-10-05 14:03:03,2012-10-05 14:04:11,0,0,0,0,0,0,0,0,0,0,0,0,0,0,0,0,0,N,N,N
2012-10-05 00:00:00,V,V-2,27153939,20387,9,R,15484,7,ALCH01,3092,2012-10-05 14:04:01,2012-10-05 14:05:00,0,0,0,0,0,0,0,0,0,0,0,0,0,0,0,0,0,N,N,N
2012-10-05 00:00:00,V,V-2,27153939,20387,9,R,15484,8,VXGA01,3540,2012-10-05 14:05:20,2012-10-05 14:05:58,0,0,0,0,0,0,0,0,0,0,0,0,0,0,0,0,0,N,N,N
2012-10-05 00:00:00,V,V-2,27153939,20387,9,R,15484,9,VXBO01,3959,2012-10-05 14:06:47,2012-10-05 14:07:09,0,0,0,0,0,0,0,0,0,0,0,0,0,0,0,0,0,N,N,N
2012-10-05 00:00:00,V,V-2,27153939,20387,9,R,15484,10,ENVE01,4406,2012-10-05 14:08:20,2012-10-05 14:08:29,0,0,0,0,0,0,0,0,0,0,0,0,0,0,0,0,0,N,N,N
2012-10-05 00:00:00,V,V-2,27153939,20387,9,R,15484,11,FAYA01,4683,2012-10-05 14:09:04,2012-10-05 14:09:27,0,0,0,0,0,0,0,0,0,0,0,0,0,0,0,0,0,N,N,N
2012-10-05 00:00:00,V,V-2,27153939,20387,9,R,15484,12,MLGN01,5220,2012-10-05 14:10:31,2012-10-05 14:10:35,0,0,0,0,0,0,0,0,0,0,0,0,0,0,0,0,0,N,N,N
2012-10-05 00:00:00,V,V-2,27153939,20387,9,R,15484,13,PRLA01,5556,2012-10-05 14:11:25,2012-10-05 14:11:09,0,0,0,0,0,0,0,0,0,0,0,0,0,0,0,0,0,N,N,N
2012-10-05 00:00:00,V,V-2,27153939,20387,9,R,15484,14,GTVI01,6020,2012-10-05 14:12:40,2012-10-05 14:12:18,0,0,0,0,0,0,0,0,0,0,0,0,0,0,0,0,0,N,N,N
2012-10-05 00:00:00,V,V-2,27153939,20387,9,R,15484,15,SAGY01,6738,2012-10-05 14:14:12,2012-10-05 14:14:13,0,0,0,0,0,0,0,0,0,0,0,0,0,0,0,0,0,N,N,N
2012-10-05 00:00:00,V,V-2,27153939,20387,9,R,15484,16,GEBE01,7265,2012-10-05 14:15:20,2012-10-05 14:15:09,0,0,0,0,0,0,0,0,0,0,0,0,0,0,0,0,0,N,N,N
2012-10-05 00:00:00,V,V-2,27153939,20387,9,R,15484,17,CNAE01,7573,2012-10-05 14:16:04,2012-10-05 14:16:00,0,0,0,0,0,0,0,0,0,0,0,0,0,0,0,0,0,N,N,N
2012-10-05 00:00:00,V,V-2,27153939,20387,9,R,15484,18,VXVV01,7895,2012-10-05 14:16:50,2012-10-05 14:16:56,0,0,0,0,0,0,0,0,0,0,0,0,0,0,0,0,0,N,N,N
2012-10-05 00:00:00,V,V-2,27153939,20387,9,R,15484,19,VVRA01,8414,2012-10-05 14:18:05,2012-10-05 14:18:20,0,0,0,0,0,0,0,0,0,0,0,0,0,0,0,0,0,N,N,N
2012-10-05 00:00:00,V,V-2,27153939,20387,9,R,15484,20,CHTS01,8918,2012-10-05 14:19:17,2012-10-05 14:19:03,0,0,0,0,0,0,0,0,0,0,0,0,0,0,0,0,0,N,N,N
2012-10-05 00:00:00,V,V-2,27153939,20387,9,R,15484,21,COLO02,9214,2012-10-05 14:20:00,2012-10-05 14:19:43,0,0,0,0,0,0,0,0,0,0,0,0,0,0,0,0,0,N,N,N
2012-10-05 00:00:00,V,V-2,27153939,20387,9,R,15484,22,CLYS01,9810,2012-10-05 14:21:22,2012-10-05 14:20:48,0,0,0,0,0,0,0,0,0,0,0,0,0,0,0,0,0,N,N,N
2012-10-05 00:00:00,V,V-2,27153939,20387,9,R,15484,23,NANT01,10267,2012-10-05 14:22:26,2012-10-05 14:22:02,0,0,0,0,0,0,0,0,0,0,0,0,0,0,0,0,0,N,N,N
2012-10-05 00:00:00,V,V-2,27153939,20387,9,R,15484,24,MACH01,10665,2012-10-05 14:23:21,2012-10-05 14:23:18,0,0,0,0,0,0,0,0,0,0,0,0,0,0,0,0,0,N,N,N
2012-10-05 00:00:00,V,V-2,27153939,20387,9,R,15484,25,FTAI01,11049,2012-10-05 14:24:14,2012-10-05 14:24:10,0,0,0,0,0,0,0,0,0,0,0,0,0,0,0,0,0,N,N,N
2012-10-05 00:00:00,V,V-2,27153939,20387,9,R,15484,26,CARO01,11343,2012-10-05 14:24:55,2012-10-05 14:25:08,0,0,0,0,0,0,0,0,0,0,0,0,0,0,0,0,0,N,N,N
2012-10-05 00:00:00,V,V-2,27153939,20387,9,R,15484,27,CBFO01,11661,2012-10-05 14:25:40,2012-10-05 14:26:01,0,0,0,0,0,0,0,0,0,0,0,0,0,0,0,0,0,N,N,N
2012-10-05 00:00:00,V,V-2,27153939,20387,9,R,15484,28,CBPL01,11841,2012-10-05 14:26:05,2012-10-05 14:26:49,0,0,0,0,0,0,0,0,0,0,0,0,0,0,0,0,0,N,N,N
2012-10-05 00:00:00,V,V-2,27153939,20387,9,R,15484,29,PYMA01,12452,2012-10-05 14:27:33,2012-10-05 14:28:05,0,0,0,0,0,0,0,0,0,0,0,0,0,0,0,0,0,N,N,N
2012-10-05 00:00:00,V,V-2,27153939,20387,9,R,15484,30,PYVI01,12779,2012-10-05 14:28:20,2012-10-05 14:29:03,0,0,0,0,0,0,0,0,0,0,0,0,0,0,0,0,0,N,N,N
2012-10-05 00:00:00,V,V-2,27153939,20387,9,R,15484,31,PENT01,13059,2012-10-05 14:29:07,2012-10-05 14:29:40,0,0,0,0,0,0,0,0,0,0,0,0,0,0,0,0,0,N,N,N
2012-10-05 00:00:00,V,V-2,27153939,20387,9,R,15484,32,FENE01,13329,2012-10-05 14:29:53,2012-10-05 14:30:37,0,0,0,0,0,0,0,0,0,0,0,0,0,0,0,0,0,N,N,N
2012-10-05 00:00:00,V,V-2,27153939,20387,9,R,15484,33,APIA03,13700,2012-10-05 14:30:57,2012-10-05 14:31:34,0,0,0,0,0,0,0,0,0,0,0,0,0,0,0,0,0,N,N,N
2012-10-05 00:00:00,V,V-2,27153939,20387,9,R,15484,34,NATI14,14301,2012-10-05 14:32:40,2012-10-05 14:33:36,0,0,0,0,0,0,0,0,0,0,0,0,0,0,0,0,0,N,N,N
2012-10-05 00:00:00,V,V-2,27153939,20387,9,R,15484,35,VRBE02,14500,2012-10-05 14:33:23,2012-10-05 14:34:54,0,0,0,0,0,0,0,0,0,0,0,0,0,0,0,0,0,N,N,N
2012-10-05 00:00:00,V,V-2,27153939,20387,9,R,15484,36,VLAI01,15000,2012-10-05 14:35:13,2012-10-05 14:36:20,0,0,0,0,0,0,0,0,0,0,0,0,0,0,0,0,0,N,N,N
2012-10-05 00:00:00,V,V-2,27153939,20387,9,R,15484,37,CVIN22,15484,2012-10-05 14:37:00,2012-10-05 14:37:42,0,0,0,0,0,0,0,0,0,0,0,0,0,0,0,0,0,N,N,N
2012-10-05 00:00:00,Z,V-2,27153940,20387,4,A,10163,1,CVIN22,0,2012-10-05 14:45:00,2012-10-05 14:45:53,0,0,0,0,0,0,0,0,0,0,0,0,0,0,0,0,0,N,N,N
2012-10-05 00:00:00,Z,V-2,27153940,20387,4,A,10163,2,POST00,451,2012-10-05 14:47:09,2012-10-05 14:48:09,0,0,0,0,0,0,0,0,0,0,0,0,0,0,0,0,0,N,N,N
2012-10-05 00:00:00,Z,V-2,27153940,20387,4,A,10163,3,VLAI00,832,2012-10-05 14:48:58,2012-10-05 14:49:16,0,0,0,0,0,0,0,0,0,0,0,0,0,0,0,0,0,N,N,N
2012-10-05 00:00:00,Z,V-2,27153940,20387,4,A,10163,4,VRBE01,1280,2012-10-05 14:51:06,2012-10-05 14:50:23,0,0,0,0,0,0,0,0,0,0,0,0,0,0,0,0,0,N,N,N
2012-10-05 00:00:00,Z,V-2,27153940,20387,4,A,10163,5,NATI15,1465,2012-10-05 14:52:00,2012-10-05 14:53:31,0,0,0,0,0,0,0,0,0,0,0,0,0,0,0,0,0,N,N,N
2012-10-05 00:00:00,Z,V-2,27153940,20387,4,A,10163,6,APIA02,2123,2012-10-05 14:54:24,2012-10-05 14:55:48,0,0,0,0,0,0,0,0,0,0,0,0,0,0,0,0,0,N,N,N
2012-10-05 00:00:00,Z,V-2,27153940,20387,4,A,10163,7,FENE00,2490,2012-10-05 14:55:45,2012-10-05 14:56:57,0,0,0,0,0,0,0,0,0,0,0,0,0,0,0,0,0,N,N,N
2012-10-05 00:00:00,Z,V-2,27153940,20387,4,A,10163,8,PENT00,2746,2012-10-05 14:56:41,2012-10-05 14:57:44,0,0,0,0,0,0,0,0,0,0,0,0,0,0,0,0,0,N,N,N
2012-10-05 00:00:00,Z,V-2,27153940,20387,4,A,10163,9,PYVI00,3013,2012-10-05 14:57:40,2012-10-05 14:58:24,0,0,0,0,0,0,0,0,0,0,0,0,0,0,0,0,0,N,N,N
2012-10-05 00:00:00,Z,V-2,27153940,20387,4,A,10163,10,PYMA00,3399,2012-10-05 14:58:39,2012-10-05 14:59:27,0,0,0,0,0,0,0,0,0,0,0,0,0,0,0,0,0,N,N,N
2012-10-05 00:00:00,Z,V-2,27153940,20387,4,A,10163,11,CBPL00,3980,2012-10-05 15:00:09,2012-10-05 15:00:43,0,0,0,0,0,0,0,0,0,0,0,0,0,0,0,0,0,N,N,N
2012-10-05 00:00:00,Z,V-2,27153940,20387,4,A,10163,12,CBFO00,4174,2012-10-05 15:00:40,2012-10-05 15:01:28,0,0,0,0,0,0,0,0,0,0,0,0,0,0,0,0,0,N,N,N
2012-10-05 00:00:00,Z,V-2,27153940,20387,4,A,10163,13,CARO00,4499,2012-10-05 15:01:22,2012-10-05 15:02:21,0,0,0,0,0,0,0,0,0,0,0,0,0,0,0,0,0,N,N,N
2012-10-05 00:00:00,Z,V-2,27153940,20387,4,A,10163,14,FTAI00,4821,2012-10-05 15:02:05,2012-10-05 15:03:01,0,0,0,0,0,0,0,0,0,0,0,0,0,0,0,0,0,N,N,N
2012-10-05 00:00:00,Z,V-2,27153940,20387,4,A,10163,15,MACH00,5174,2012-10-05 15:02:51,2012-10-05 15:03:46,0,0,0,0,0,0,0,0,0,0,0,0,0,0,0,0,0,N,N,N
2012-10-05 00:00:00,Z,V-2,27153940,20387,4,A,10163,16,NANT00,5544,2012-10-05 15:03:40,2012-10-05 15:04:38,0,0,0,0,0,0,0,0,0,0,0,0,0,0,0,0,0,N,N,N
2012-10-05 00:00:00,Z,V-2,27153940,20387,4,A,10163,17,CLYS00,5950,2012-10-05 15:04:33,2012-10-05 15:05:13,0,0,0,0,0,0,0,0,0,0,0,0,0,0,0,0,0,N,N,N
2012-10-05 00:00:00,Z,V-2,27153940,20387,4,A,10163,18,COLO00,6609,2012-10-05 15:06:00,2012-10-05 15:06:13,0,0,0,0,0,0,0,0,0,0,0,0,0,0,0,0,0,N,N,N
2012-10-05 00:00:00,Z,V-2,27153940,20387,4,A,10163,19,PLNT00,7006,2012-10-05 15:06:53,2012-10-05 15:07:07,0,0,0,0,0,0,0,0,0,0,0,0,0,0,0,0,0,N,N,N
2012-10-05 00:00:00,Z,V-2,27153940,20387,4,A,10163,20,VRLP00,7677,2012-10-05 15:08:23,2012-10-05 15:08:29,0,0,0,0,0,0,0,0,0,0,0,0,0,0,0,0,0,N,N,N
2012-10-05 00:00:00,Z,V-2,27153940,20387,4,A,10163,21,PREL00,8090,2012-10-05 15:09:19,2012-10-05 15:09:15,0,0,0,0,0,0,0,0,0,0,0,0,0,0,0,0,0,N,N,N
2012-10-05 00:00:00,Z,V-2,27153940,20387,4,A,10163,22,CXCE00,8540,2012-10-05 15:10:20,2012-10-05 15:10:18,0,0,0,0,0,0,0,0,0,0,0,0,0,0,0,0,0,N,N,N
2012-10-05 00:00:00,Z,V-2,27153940,20387,4,A,10163,23,CXEC00,8927,2012-10-05 15:11:02,2012-10-05 15:11:32,0,0,0,0,0,0,0,0,0,0,0,0,0,0,0,0,0,N,N,N
2012-10-05 00:00:00,Z,V-2,27153940,20387,4,A,10163,24,SCHA00,9220,2012-10-05 15:11:35,2012-10-05 15:12:13,0,0,0,0,0,0,0,0,0,0,0,0,0,0,0,0,0,N,N,N
2012-10-05 00:00:00,Z,V-2,27153940,20387,4,A,10163,25,BOSY00,10163,2012-10-05 15:13:20,2012-10-05 15:13:53,0,0,0,0,0,0,0,0,0,0,0,0,0,0,0,0,0,N,N,N
2012-10-05 00:00:00,Z,V-2,27153941,20387,9,R,9722,1,BOSY00,0,2012-10-05 15:25:00,2012-10-05 15:25:21,0,0,0,0,0,0,0,0,0,0,0,0,0,0,0,0,0,N,N,N
2012-10-05 00:00:00,Z,V-2,27153941,20387,9,R,9722,2,SCHA01,860,2012-10-05 15:26:54,2012-10-05 15:26:38,0,0,0,0,0,0,0,0,0,0,0,0,0,0,0,0,0,N,N,N
2012-10-05 00:00:00,Z,V-2,27153941,20387,9,R,9722,3,CXEC01,1133,2012-10-05 15:27:31,2012-10-05 15:27:20,0,0,0,0,0,0,0,0,0,0,0,0,0,0,0,0,0,N,N,N
2012-10-05 00:00:00,Z,V-2,27153941,20387,9,R,9722,4,CXCE01,1496,2012-10-05 15:28:20,2012-10-05 15:28:23,0,0,0,0,0,0,0,0,0,0,0,0,0,0,0,0,0,N,N,N
2012-10-05 00:00:00,Z,V-2,27153941,20387,9,R,9722,5,PREL01,1854,2012-10-05 15:29:08,2012-10-05 15:29:12,0,0,0,0,0,0,0,0,0,0,0,0,0,0,0,0,0,N,N,N
2012-10-05 00:00:00,Z,V-2,27153941,20387,9,R,9722,6,VRLP01,2356,,2012-10-05 15:30:19,0,0,0,0,0,0,0,0,0,0,0,0,0,0,0,0,0,N,Y,Y
2012-10-05 00:00:00,Z,V-2,27153941,20387,9,R,9722,7,PLNT01,3044,2012-10-05 15:31:49,2012-10-05 15:31:31,0,0,0,0,0,0,0,0,0,0,0,0,0,0,0,0,0,N,N,N
2012-10-05 00:00:00,Z,V-2,27153941,20387,9,R,9722,8,COLO01,3415,2012-10-05 15:32:40,2012-10-05 15:32:26,0,0,0,0,0,0,0,0,0,0,0,0,0,0,0,0,0,N,N,N
2012-10-05 00:00:00,Z,V-2,27153941,20387,9,R,9722,9,CLYS01,4048,2012-10-05 15:34:16,2012-10-05 15:33:44,0,0,0,0,0,0,0,0,0,0,0,0,0,0,0,0,0,N,N,N
2012-10-05 00:00:00,Z,V-2,27153941,20387,9,R,9722,10,NANT01,4505,2012-10-05 15:35:26,2012-10-05 15:34:40,0,0,0,0,0,0,0,0,0,0,0,0,0,0,0,0,0,N,N,N
2012-10-05 00:00:00,Z,V-2,27153941,20387,9,R,9722,11,MACH01,4903,2012-10-05 15:36:27,2012-10-05 15:35:53,0,0,0,0,0,0,0,0,0,0,0,0,0,0,0,0,0,N,N,N
2012-10-05 00:00:00,Z,V-2,27153941,20387,9,R,9722,12,FTAI01,5287,2012-10-05 15:37:26,2012-10-05 15:36:40,0,0,0,0,0,0,0,0,0,0,0,0,0,0,0,0,0,N,N,N
2012-10-05 00:00:00,Z,V-2,27153941,20387,9,R,9722,13,CARO01,5581,2012-10-05 15:38:11,2012-10-05 15:37:49,0,0,0,0,0,0,0,0,0,0,0,0,0,0,0,0,0,N,N,N
2012-10-05 00:00:00,Z,V-2,27153941,20387,9,R,9722,14,CBFO01,5899,2012-10-05 15:39:00,2012-10-05 15:38:47,0,0,0,0,0,0,0,0,0,0,0,0,0,0,0,0,0,N,N,N
2012-10-05 00:00:00,Z,V-2,27153941,20387,9,R,9722,15,CBPL01,6079,2012-10-05 15:39:28,2012-10-05 15:39:30,0,0,0,0,0,0,0,0,0,0,0,0,0,0,0,0,0,N,N,N
2012-10-05 00:00:00,Z,V-2,27153941,20387,9,R,9722,16,PYMA01,6690,2012-10-05 15:41:07,2012-10-05 15:40:42,0,0,0,0,0,0,0,0,0,0,0,0,0,0,0,0,0,N,N,N
2012-10-05 00:00:00,Z,V-2,27153941,20387,9,R,9722,17,PYVI01,7017,2012-10-05 15:42:00,2012-10-05 15:41:32,0,0,0,0,0,0,0,0,0,0,0,0,0,0,0,0,0,N,N,N
2012-10-05 00:00:00,Z,V-2,27153941,20387,9,R,9722,18,PENT01,7297,2012-10-05 15:42:55,2012-10-05 15:42:38,0,0,0,0,0,0,0,0,0,0,0,0,0,0,0,0,0,N,N,N
2012-10-05 00:00:00,Z,V-2,27153941,20387,9,R,9722,19,FENE01,7567,2012-10-05 15:43:48,2012-10-05 15:43:33,0,0,0,0,0,0,0,0,0,0,0,0,0,0,0,0,0,N,N,N
2012-10-05 00:00:00,Z,V-2,27153941,20387,9,R,9722,20,APIA03,7938,2012-10-05 15:45:01,2012-10-05 15:44:33,0,0,0,0,0,0,0,0,0,0,0,0,0,0,0,0,0,N,N,N
2012-10-05 00:00:00,Z,V-2,27153941,20387,9,R,9722,21,NATI14,8539,2012-10-05 15:47:00,2012-10-05 15:46:57,0,0,0,0,0,0,0,0,0,0,0,0,0,0,0,0,0,N,N,N
2012-10-05 00:00:00,Z,V-2,27153941,20387,9,R,9722,22,VRBE02,8738,2012-10-05 15:47:43,2012-10-05 15:48:04,0,0,0,0,0,0,0,0,0,0,0,0,0,0,0,0,0,N,N,N
2012-10-05 00:00:00,Z,V-2,27153941,20387,9,R,9722,23,VLAI01,9238,2012-10-05 15:49:33,2012-10-05 15:49:00,0,0,0,0,0,0,0,0,0,0,0,0,0,0,0,0,0,N,N,N
2012-10-05 00:00:00,Z,V-2,27153941,20387,9,R,9722,24,CVIN22,9722,2012-10-05 15:51:20,2012-10-05 15:50:19,0,0,0,0,0,0,0,0,0,0,0,0,0,0,0,0,0,N,N,N
2012-10-05 00:00:00,V,V-2,27153942,20387,8,A,15766,1,CVIN22,0,2012-10-05 16:00:00,2012-10-05 16:00:37,0,0,0,0,0,0,0,0,0,0,0,0,0,0,0,0,0,N,N,N
2012-10-05 00:00:00,V,V-2,27153942,20387,8,A,15766,2,POST00,451,2012-10-05 16:02:21,2012-10-05 16:03:27,0,0,0,0,0,0,0,0,0,0,0,0,0,0,0,0,0,N,N,N
2012-10-05 00:00:00,V,V-2,27153942,20387,8,A,15766,3,VLAI00,832,2012-10-05 16:04:21,2012-10-05 16:04:33,0,0,0,0,0,0,0,0,0,0,0,0,0,0,0,0,0,N,N,N
2012-10-05 00:00:00,V,V-2,27153942,20387,8,A,15766,4,VRBE01,1280,2012-10-05 16:06:41,2012-10-05 16:05:44,0,0,0,0,0,0,0,0,0,0,0,0,0,0,0,0,0,N,N,N
2012-10-05 00:00:00,V,V-2,27153942,20387,8,A,15766,5,NATI15,1465,2012-10-05 16:07:40,2012-10-05 16:08:10,0,0,0,0,0,0,0,0,0,0,0,0,0,0,0,0,0,N,N,N
2012-10-05 00:00:00,V,V-2,27153942,20387,8,A,15766,6,APIA02,2123,2012-10-05 16:09:56,2012-10-05 16:10:09,0,0,0,0,0,0,0,0,0,0,0,0,0,0,0,0,0,N,N,N
2012-10-05 00:00:00,V,V-2,27153942,20387,8,A,15766,7,FENE00,2490,2012-10-05 16:11:11,2012-10-05 16:11:00,0,0,0,0,0,0,0,0,0,0,0,0,0,0,0,0,0,N,N,N
2012-10-05 00:00:00,V,V-2,27153942,20387,8,A,15766,8,PENT00,2746,2012-10-05 16:12:04,2012-10-05 16:11:27,0,0,0,0,0,0,0,0,0,0,0,0,0,0,0,0,0,N,N,N
2012-10-05 00:00:00,V,V-2,27153942,20387,8,A,15766,9,PYVI00,3013,2012-10-05 16:13:00,2012-10-05 16:12:07,0,0,0,0,0,0,0,0,0,0,0,0,0,0,0,0,0,N,N,N
2012-10-05 00:00:00,V,V-2,27153942,20387,8,A,15766,10,PYMA00,3399,2012-10-05 16:14:06,2012-10-05 16:13:06,0,0,0,0,0,0,0,0,0,0,0,0,0,0,0,0,0,N,N,N
2012-10-05 00:00:00,V,V-2,27153942,20387,8,A,15766,11,CBPL00,3980,2012-10-05 16:15:46,2012-10-05 16:14:22,0,0,0,0,0,0,0,0,0,0,0,0,0,0,0,0,0,N,N,N
2012-10-05 00:00:00,V,V-2,27153942,20387,8,A,15766,12,CBFO00,4174,2012-10-05 16:16:20,2012-10-05 16:15:18,0,0,0,0,0,0,0,0,0,0,0,0,0,0,0,0,0,N,N,N
2012-10-05 00:00:00,V,V-2,27153942,20387,8,A,15766,13,CARO00,4499,2012-10-05 16:17:08,2012-10-05 16:16:20,0,0,0,0,0,0,0,0,0,0,0,0,0,0,0,0,0,N,N,N
2012-10-05 00:00:00,V,V-2,27153942,20387,8,A,15766,14,FTAI00,4821,2012-10-05 16:17:55,2012-10-05 16:17:24,0,0,0,0,0,0,0,0,0,0,0,0,0,0,0,0,0,N,N,N
2012-10-05 00:00:00,V,V-2,27153942,20387,8,A,15766,15,MACH00,5174,2012-10-05 16:18:47,2012-10-05 16:18:26,0,0,0,0,0,0,0,0,0,0,0,0,0,0,0,0,0,N,N,N
2012-10-05 00:00:00,V,V-2,27153942,20387,8,A,15766,16,NANT00,5544,2012-10-05 16:19:42,2012-10-05 16:19:37,0,0,0,0,0,0,0,0,0,0,0,0,0,0,0,0,0,N,N,N
2012-10-05 00:00:00,V,V-2,27153942,20387,8,A,15766,17,CLYS00,5950,2012-10-05 16:20:42,2012-10-05 16:20:30,0,0,0,0,0,0,0,0,0,0,0,0,0,0,0,0,0,N,N,N
2012-10-05 00:00:00,V,V-2,27153942,20387,8,A,15766,18,COLO00,6609,2012-10-05 16:22:20,2012-10-05 16:21:34,0,0,0,0,0,0,0,0,0,0,0,0,0,0,0,0,0,N,N,N
2012-10-05 00:00:00,V,V-2,27153942,20387,8,A,15766,19,CHTS00,6962,2012-10-05 16:23:09,2012-10-05 16:22:20,0,0,0,0,0,0,0,0,0,0,0,0,0,0,0,0,0,N,N,N
2012-10-05 00:00:00,V,V-2,27153942,20387,8,A,15766,20,VVRA00,7358,2012-10-05 16:24:04,2012-10-05 16:23:09,0,0,0,0,0,0,0,0,0,0,0,0,0,0,0,0,0,N,N,N
2012-10-05 00:00:00,V,V-2,27153942,20387,8,A,15766,21,VXVV00,7897,2012-10-05 16:25:19,2012-10-05 16:24:33,0,0,0,0,0,0,0,0,0,0,0,0,0,0,0,0,0,N,N,N
2012-10-05 00:00:00,V,V-2,27153942,20387,8,A,15766,22,CNAE00,8277,2012-10-05 16:26:12,2012-10-05 16:25:31,0,0,0,0,0,0,0,0,0,0,0,0,0,0,0,0,0,N,N,N
2012-10-05 00:00:00,V,V-2,27153942,20387,8,A,15766,23,GEBE00,8620,2012-10-05 16:27:00,2012-10-05 16:26:25,0,0,0,0,0,0,0,0,0,0,0,0,0,0,0,0,0,N,N,N
2012-10-05 00:00:00,V,V-2,27153942,20387,8,A,15766,24,SAGY00,9131,2012-10-05 16:28:24,2012-10-05 16:27:32,0,0,0,0,0,0,0,0,0,0,0,0,0,0,0,0,0,N,N,N
2012-10-05 00:00:00,V,V-2,27153942,20387,8,A,15766,25,GTVI00,9834,2012-10-05 16:30:20,2012-10-05 16:29:52,0,0,0,0,0,0,0,0,0,0,0,0,0,0,0,0,0,N,N,N
2012-10-05 00:00:00,V,V-2,27153942,20387,8,A,15766,26,PRLA00,10324,2012-10-05 16:31:41,2012-10-05 16:31:48,0,0,0,0,0,0,0,0,0,0,0,0,0,0,0,0,0,N,N,N
2012-10-05 00:00:00,V,V-2,27153942,20387,8,A,15766,27,MLGN00,10555,2012-10-05 16:32:19,2012-10-05 16:32:22,0,0,0,0,0,0,0,0,0,0,0,0,0,0,0,0,0,N,N,N
2012-10-05 00:00:00,V,V-2,27153942,20387,8,A,15766,28,FAYA00,11161,2012-10-05 16:33:59,2012-10-05 16:34:11,0,0,0,0,0,0,0,0,0,0,0,0,0,0,0,0,0,N,N,N
2012-10-05 00:00:00,V,V-2,27153942,20387,8,A,15766,29,ENVE00,11524,2012-10-05 16:35:00,2012-10-05 16:35:17,0,0,0,0,0,0,0,0,0,0,0,0,0,0,0,0,0,N,N,N
2012-10-05 00:00:00,V,V-2,27153942,20387,8,A,15766,30,VXBO00,11856,2012-10-05 16:36:23,2012-10-05 16:36:27,0,0,0,0,0,0,0,0,0,0,0,0,0,0,0,0,0,N,N,N
2012-10-05 00:00:00,V,V-2,27153942,20387,8,A,15766,31,VXGA00,12320,2012-10-05 16:38:20,2012-10-05 16:38:22,0,0,0,0,0,0,0,0,0,0,0,0,0,0,0,0,0,N,N,N
2012-10-05 00:00:00,V,V-2,27153942,20387,8,A,15766,32,ALCH00,12782,2012-10-05 16:39:47,2012-10-05 16:39:43,0,0,0,0,0,0,0,0,0,0,0,0,0,0,0,0,0,N,N,N
2012-10-05 00:00:00,V,V-2,27153942,20387,8,A,15766,33,AMAR00,13135,2012-10-05 16:40:53,2012-10-05 16:41:14,0,0,0,0,0,0,0,0,0,0,0,0,0,0,0,0,0,N,N,N
2012-10-05 00:00:00,V,V-2,27153942,20387,8,A,15766,34,PCEA00,13575,2012-10-05 16:42:16,2012-10-05 16:42:21,0,0,0,0,0,0,0,0,0,0,0,0,0,0,0,0,0,N,N,N
2012-10-05 00:00:00,V,V-2,27153942,20387,8,A,15766,35,POCH00,14010,2012-10-05 16:43:38,2012-10-05 16:43:23,0,0,0,0,0,0,0,0,0,0,0,0,0,0,0,0,0,N,N,N
2012-10-05 00:00:00,V,V-2,27153942,20387,8,A,15766,36,MTFL00,14409,2012-10-05 16:44:53,2012-10-05 16:45:22,0,0,0,0,0,0,0,0,0,0,0,0,0,0,0,0,0,N,N,N
2012-10-05 00:00:00,V,V-2,27153942,20387,8,A,15766,37,ECOG00,15187,2012-10-05 16:47:20,2012-10-05 16:47:31,0,0,0,0,0,0,0,0,0,0,0,0,0,0,0,0,0,N,N,N
2012-10-05 00:00:00,V,V-2,27153942,20387,8,A,15766,38,CSLB01,15766,2012-10-05 16:48:20,2012-10-05 16:48:44,0,0,0,0,0,0,0,0,0,0,0,0,0,0,0,0,0,N,N,N
2012-10-05 00:00:00,V,V-2,27153943,20387,9,R,15484,1,CSLB01,0,2012-10-05 16:53:00,2012-10-05 16:54:03,0,0,0,0,0,0,0,0,0,0,0,0,0,0,0,0,0,N,N,N
2012-10-05 00:00:00,V,V-2,27153943,20387,9,R,15484,2,ECOG01,698,2012-10-05 16:55:20,2012-10-05 16:56:12,0,0,0,0,0,0,0,0,0,0,0,0,0,0,0,0,0,N,N,N
2012-10-05 00:00:00,V,V-2,27153943,20387,9,R,15484,3,MTFL01,1506,2012-10-05 16:57:53,2012-10-05 16:58:11,0,0,0,0,0,0,0,0,0,0,0,0,0,0,0,0,0,N,N,N
2012-10-05 00:00:00,V,V-2,27153943,20387,9,R,15484,4,POCH01,1821,2012-10-05 16:58:53,2012-10-05 16:59:37,0,0,0,0,0,0,0,0,0,0,0,0,0,0,0,0,0,N,N,N
2012-10-05 00:00:00,V,V-2,27153943,20387,9,R,15484,5,PCEA01,2338,2012-10-05 17:00:31,2012-10-05 17:01:05,0,0,0,0,0,0,0,0,0,0,0,0,0,0,0,0,0,N,N,N
2012-10-05 00:00:00,V,V-2,27153943,20387,9,R,15484,6,AMAR01,2762,2012-10-05 17:01:52,2012-10-05 17:02:40,0,0,0,0,0,0,0,0,0,0,0,0,0,0,0,0,0,N,N,N
2012-10-05 00:00:00,V,V-2,27153943,20387,9,R,15484,7,ALCH01,3092,2012-10-05 17:02:54,2012-10-05 17:03:40,0,0,0,0,0,0,0,0,0,0,0,0,0,0,0,0,0,N,N,N
2012-10-05 00:00:00,V,V-2,27153943,20387,9,R,15484,8,VXGA01,3540,2012-10-05 17:04:20,2012-10-05 17:05:03,0,0,0,0,0,0,0,0,0,0,0,0,0,0,0,0,0,N,N,N
2012-10-05 00:00:00,V,V-2,27153943,20387,9,R,15484,9,VXBO01,3959,2012-10-05 17:05:56,2012-10-05 17:06:28,0,0,0,0,0,0,0,0,0,0,0,0,0,0,0,0,0,N,N,N
2012-10-05 00:00:00,V,V-2,27153943,20387,9,R,15484,10,ENVE01,4406,2012-10-05 17:07:40,2012-10-05 17:08:04,0,0,0,0,0,0,0,0,0,0,0,0,0,0,0,0,0,N,N,N
2012-10-05 00:00:00,V,V-2,27153943,20387,9,R,15484,11,FAYA01,4683,2012-10-05 17:08:34,2012-10-05 17:09:25,0,0,0,0,0,0,0,0,0,0,0,0,0,0,0,0,0,N,N,N
2012-10-05 00:00:00,V,V-2,27153943,20387,9,R,15484,12,MLGN01,5220,2012-10-05 17:10:21,2012-10-05 17:10:44,0,0,0,0,0,0,0,0,0,0,0,0,0,0,0,0,0,N,N,N
2012-10-05 00:00:00,V,V-2,27153943,20387,9,R,15484,13,PRLA01,5556,2012-10-05 17:11:28,2012-10-05 17:11:50,0,0,0,0,0,0,0,0,0,0,0,0,0,0,0,0,0,N,N,N
2012-10-05 00:00:00,V,V-2,27153943,20387,9,R,15484,14,GTVI01,6020,2012-10-05 17:13:00,2012-10-05 17:13:17,0,0,0,0,0,0,0,0,0,0,0,0,0,0,0,0,0,N,N,N
2012-10-05 00:00:00,V,V-2,27153943,20387,9,R,15484,15,SAGY01,6738,2012-10-05 17:14:43,2012-10-05 17:15:07,0,0,0,0,0,0,0,0,0,0,0,0,0,0,0,0,0,N,N,N
2012-10-05 00:00:00,V,V-2,27153943,20387,9,R,15484,16,GEBE01,7265,2012-10-05 17:16:00,2012-10-05 17:16:09,0,0,0,0,0,0,0,0,0,0,0,0,0,0,0,0,0,N,N,N
2012-10-05 00:00:00,V,V-2,27153943,20387,9,R,15484,17,CNAE01,7573,2012-10-05 17:16:47,2012-10-05 17:17:06,0,0,0,0,0,0,0,0,0,0,0,0,0,0,0,0,0,N,N,N
2012-10-05 00:00:00,V,V-2,27153943,20387,9,R,15484,18,VXVV01,7895,2012-10-05 17:17:36,2012-10-05 17:18:01,0,0,0,0,0,0,0,0,0,0,0,0,0,0,0,0,0,N,N,N
2012-10-05 00:00:00,V,V-2,27153943,20387,9,R,15484,19,VVRA01,8414,2012-10-05 17:18:56,2012-10-05 17:19:31,0,0,0,0,0,0,0,0,0,0,0,0,0,0,0,0,0,N,N,N
2012-10-05 00:00:00,V,V-2,27153943,20387,9,R,15484,20,CHTS01,8918,2012-10-05 17:20:14,2012-10-05 17:20:23,0,0,0,0,0,0,0,0,0,0,0,0,0,0,0,0,0,N,N,N
2012-10-05 00:00:00,V,V-2,27153943,20387,9,R,15484,21,COLO02,9214,2012-10-05 17:21:00,2012-10-05 17:20:58,0,0,0,0,0,0,0,0,0,0,0,0,0,0,0,0,0,N,N,N
2012-10-05 00:00:00,V,V-2,27153943,20387,9,R,15484,22,CLYS01,9810,2012-10-05 17:22:32,2012-10-05 17:21:56,0,0,0,0,0,0,0,0,0,0,0,0,0,0,0,0,0,N,N,N
2012-10-05 00:00:00,V,V-2,27153943,20387,9,R,15484,23,NANT01,10267,2012-10-05 17:23:43,2012-10-05 17:26:13,0,0,0,0,0,0,0,0,0,0,0,0,0,0,0,0,0,N,N,N
2012-10-05 00:00:00,V,V-2,27153943,20387,9,R,15484,24,MACH01,10665,2012-10-05 17:24:45,2012-10-05 17:27:29,0,0,0,0,0,0,0,0,0,0,0,0,0,0,0,0,0,N,N,N
2012-10-05 00:00:00,V,V-2,27153943,20387,9,R,15484,25,FTAI01,11049,2012-10-05 17:25:44,2012-10-05 17:28:09,0,0,0,0,0,0,0,0,0,0,0,0,0,0,0,0,0,N,N,N
2012-10-05 00:00:00,V,V-2,27153943,20387,9,R,15484,26,CARO01,11343,2012-10-05 17:26:30,2012-10-05 17:28:53,0,0,0,0,0,0,0,0,0,0,0,0,0,0,0,0,0,N,N,N
2012-10-05 00:00:00,V,V-2,27153943,20387,9,R,15484,27,CBFO01,11661,2012-10-05 17:27:20,2012-10-05 17:29:39,0,0,0,0,0,0,0,0,0,0,0,0,0,0,0,0,0,N,N,N
2012-10-05 00:00:00,V,V-2,27153943,20387,9,R,15484,28,CBPL01,11841,2012-10-05 17:27:52,2012-10-05 17:30:14,0,0,0,0,0,0,0,0,0,0,0,0,0,0,0,0,0,N,N,N
2012-10-05 00:00:00,V,V-2,27153943,20387,9,R,15484,29,PYMA01,12452,2012-10-05 17:29:41,2012-10-05 17:31:33,0,0,0,0,0,0,0,0,0,0,0,0,0,0,0,0,0,N,N,N
2012-10-05 00:00:00,V,V-2,27153943,20387,9,R,15484,30,PYVI01,12779,2012-10-05 17:30:40,2012-10-05 17:32:32,0,0,0,0,0,0,0,0,0,0,0,0,0,0,0,0,0,N,N,N
2012-10-05 00:00:00,V,V-2,27153943,20387,9,R,15484,31,PENT01,13059,2012-10-05 17:31:35,2012-10-05 17:33:20,0,0,0,0,0,0,0,0,0,0,0,0,0,0,0,0,0,N,N,N
2012-10-05 00:00:00,V,V-2,27153943,20387,9,R,15484,32,FENE01,13329,2012-10-05 17:32:28,2012-10-05 17:33:58,0,0,0,0,0,0,0,0,0,0,0,0,0,0,0,0,0,N,N,N
2012-10-05 00:00:00,V,V-2,27153943,20387,9,R,15484,33,APIA03,13700,2012-10-05 17:33:41,2012-10-05 17:34:44,0,0,0,0,0,0,0,0,0,0,0,0,0,0,0,0,0,N,N,N
2012-10-05 00:00:00,V,V-2,27153943,20387,9,R,15484,34,NATI14,14301,2012-10-05 17:35:40,2012-10-05 17:38:16,0,0,0,0,0,0,0,0,0,0,0,0,0,0,0,0,0,N,N,N
2012-10-05 00:00:00,V,V-2,27153943,20387,9,R,15484,35,VRBE02,14500,2012-10-05 17:36:27,2012-10-05 17:39:31,0,0,0,0,0,0,0,0,0,0,0,0,0,0,0,0,0,N,N,N
2012-10-05 00:00:00,V,V-2,27153943,20387,9,R,15484,36,VLAI01,15000,2012-10-05 17:38:25,2012-10-05 17:40:40,0,0,0,0,0,0,0,0,0,0,0,0,0,0,0,0,0,N,N,N
2012-10-05 00:00:00,V,V-2,27153943,20387,9,R,15484,37,CVIN22,15484,2012-10-05 17:40:20,2012-10-05 17:42:11,0,0,0,0,0,0,0,0,0,0,0,0,0,0,0,0,0,N,N,N
2012-10-05 00:00:00,Z,V-2,27153944,20387,3,A,12264,1,CVIN22,0,2012-10-05 17:46:00,2012-10-05 17:48:06,0,0,0,0,0,0,0,0,0,0,0,0,0,0,0,0,0,N,N,N
2012-10-05 00:00:00,Z,V-2,27153944,20387,3,A,12264,2,POST00,451,2012-10-05 17:48:27,2012-10-05 17:50:04,0,0,0,0,0,0,0,0,0,0,0,0,0,0,0,0,0,N,N,N
2012-10-05 00:00:00,Z,V-2,27153944,20387,3,A,12264,3,VLAI00,832,2012-10-05 17:50:32,2012-10-05 17:51:06,0,0,0,0,0,0,0,0,0,0,0,0,0,0,0,0,0,N,N,N
2012-10-05 00:00:00,Z,V-2,27153944,20387,3,A,12264,4,VRBE01,1280,2012-10-05 17:52:59,2012-10-05 17:52:20,0,0,0,0,0,0,0,0,0,0,0,0,0,0,0,0,0,N,N,N
2012-10-05 00:00:00,Z,V-2,27153944,20387,3,A,12264,5,NATI15,1465,2012-10-05 17:54:00,2012-10-05 17:54:41,0,0,0,0,0,0,0,0,0,0,0,0,0,0,0,0,0,N,N,N
2012-10-05 00:00:00,Z,V-2,27153944,20387,3,A,12264,6,APIA02,2123,2012-10-05 17:56:24,2012-10-05 17:58:48,0,0,0,0,0,0,0,0,0,0,0,0,0,0,0,0,0,N,N,N
2012-10-05 00:00:00,Z,V-2,27153944,20387,3,A,12264,7,FENE00,2490,2012-10-05 17:57:45,2012-10-05 17:59:49,0,0,0,0,0,0,0,0,0,0,0,0,0,0,0,0,0,N,N,N
2012-10-05 00:00:00,Z,V-2,27153944,20387,3,A,12264,8,PENT00,2746,2012-10-05 17:58:41,2012-10-05 18:00:34,0,0,0,0,0,0,0,0,0,0,0,0,0,0,0,0,0,N,N,N
2012-10-05 00:00:00,Z,V-2,27153944,20387,3,A,12264,9,PYVI00,3013,2012-10-05 17:59:40,2012-10-05 18:01:21,0,0,0,0,0,0,0,0,0,0,0,0,0,0,0,0,0,N,N,N
2012-10-05 00:00:00,Z,V-2,27153944,20387,3,A,12264,10,PYMA00,3399,2012-10-05 18:00:46,2012-10-05 18:02:14,0,0,0,0,0,0,0,0,0,0,0,0,0,0,0,0,0,N,N,N
2012-10-05 00:00:00,Z,V-2,27153944,20387,3,A,12264,11,CBPL00,3980,2012-10-05 18:02:26,2012-10-05 18:03:53,0,0,0,0,0,0,0,0,0,0,0,0,0,0,0,0,0,N,N,N
2012-10-05 00:00:00,Z,V-2,27153944,20387,3,A,12264,12,CBFO00,4174,2012-10-05 18:03:00,2012-10-05 18:04:42,0,0,0,0,0,0,0,0,0,0,0,0,0,0,0,0,0,N,N,N
2012-10-05 00:00:00,Z,V-2,27153944,20387,3,A,12264,13,CARO00,4499,2012-10-05 18:03:50,2012-10-05 18:05:31,0,0,0,0,0,0,0,0,0,0,0,0,0,0,0,0,0,N,N,N
2012-10-05 00:00:00,Z,V-2,27153944,20387,3,A,12264,14,FTAI00,4821,2012-10-05 18:04:40,2012-10-05 18:06:28,0,0,0,0,0,0,0,0,0,0,0,0,0,0,0,0,0,N,N,N
2012-10-05 00:00:00,Z,V-2,27153944,20387,3,A,12264,15,MACH00,5174,2012-10-05 18:05:36,2012-10-05 18:07:24,0,0,0,0,0,0,0,0,0,0,0,0,0,0,0,0,0,N,N,N
2012-10-05 00:00:00,Z,V-2,27153944,20387,3,A,12264,16,NANT00,5544,2012-10-05 18:06:33,2012-10-05 18:08:43,0,0,0,0,0,0,0,0,0,0,0,0,0,0,0,0,0,N,N,N
2012-10-05 00:00:00,Z,V-2,27153944,20387,3,A,12264,17,CLYS00,5950,2012-10-05 18:07:37,2012-10-05 18:10:03,0,0,0,0,0,0,0,0,0,0,0,0,0,0,0,0,0,N,N,N
2012-10-05 00:00:00,Z,V-2,27153944,20387,3,A,12264,18,COLO00,6609,2012-10-05 18:09:20,2012-10-05 18:11:17,0,0,0,0,0,0,0,0,0,0,0,0,0,0,0,0,0,N,N,N
2012-10-05 00:00:00,Z,V-2,27153944,20387,3,A,12264,19,PLNT00,7006,2012-10-05 18:10:13,2012-10-05 18:12:21,0,0,0,0,0,0,0,0,0,0,0,0,0,0,0,0,0,N,N,N
2012-10-05 00:00:00,Z,V-2,27153944,20387,3,A,12264,20,VRLP00,7677,2012-10-05 18:11:43,2012-10-05 18:13:45,0,0,0,0,0,0,0,0,0,0,0,0,0,0,0,0,0,N,N,N
2012-10-05 00:00:00,Z,V-2,27153944,20387,3,A,12264,21,PREL00,8090,2012-10-05 18:12:39,2012-10-05 18:14:43,0,0,0,0,0,0,0,0,0,0,0,0,0,0,0,0,0,N,N,N
2012-10-05 00:00:00,Z,V-2,27153944,20387,3,A,12264,22,CXCE00,8540,2012-10-05 18:13:40,2012-10-05 18:15:46,0,0,0,0,0,0,0,0,0,0,0,0,0,0,0,0,0,N,N,N
2012-10-05 00:00:00,Z,V-2,27153944,20387,3,A,12264,23,CXEC00,8927,2012-10-05 18:14:35,2012-10-05 18:17:11,0,0,0,0,0,0,0,0,0,0,0,0,0,0,0,0,0,N,N,N
2012-10-05 00:00:00,Z,V-2,27153944,20387,3,A,12264,24,SCHA00,9220,2012-10-05 18:15:17,2012-10-05 18:17:42,0,0,0,0,0,0,0,0,0,0,0,0,0,0,0,0,0,N,N,N
2012-10-05 00:00:00,Z,V-2,27153944,20387,3,A,12264,25,BOSY01,10069,2012-10-05 18:17:20,2012-10-05 18:18:49,0,0,0,0,0,0,0,0,0,0,0,0,0,0,0,0,0,N,N,N
2012-10-05 00:00:00,Z,V-2,27153944,20387,3,A,12264,26,_BSDNF,11261,2012-10-05 18:19:30,2012-10-05 18:20:23,0,0,0,0,0,0,0,0,0,0,0,0,0,0,0,0,0,N,N,N
2012-10-05 00:00:00,Z,V-2,27153944,20387,3,A,12264,27,BOCH00,12264,2012-10-05 18:21:20,2012-10-05 18:21:30,0,0,0,0,0,0,0,0,0,0,0,0,0,0,0,0,0,N,N,N
2012-10-05 00:00:00,Z,V-2,27153945,20387,8,R,11981,1,BOCH00,0,2012-10-05 18:25:00,2012-10-05 18:25:22,0,0,0,0,0,0,0,0,0,0,0,0,0,0,0,0,0,N,N,N
2012-10-05 00:00:00,Z,V-2,27153945,20387,8,R,11981,2,_BSDNS,1044,2012-10-05 18:27:00,2012-10-05 18:27:26,0,0,0,0,0,0,0,0,0,0,0,0,0,0,0,0,0,N,N,N
2012-10-05 00:00:00,Z,V-2,27153945,20387,8,R,11981,3,BOSY00,2259,2012-10-05 18:29:20,2012-10-05 18:29:27,0,0,0,0,0,0,0,0,0,0,0,0,0,0,0,0,0,N,N,N
2012-10-05 00:00:00,Z,V-2,27153945,20387,8,R,11981,4,SCHA01,3119,2012-10-05 18:31:14,2012-10-05 18:30:40,0,0,0,0,0,0,0,0,0,0,0,0,0,0,0,0,0,N,N,N
2012-10-05 00:00:00,Z,V-2,27153945,20387,8,R,11981,5,CXEC01,3392,2012-10-05 18:31:51,2012-10-05 18:31:34,0,0,0,0,0,0,0,0,0,0,0,0,0,0,0,0,0,N,N,N
2012-10-05 00:00:00,Z,V-2,27153945,20387,8,R,11981,6,CXCE01,3755,2012-10-05 18:32:40,2012-10-05 18:32:40,0,0,0,0,0,0,0,0,0,0,0,0,0,0,0,0,0,N,N,N
2012-10-05 00:00:00,Z,V-2,27153945,20387,8,R,11981,7,PREL01,4113,2012-10-05 18:33:28,2012-10-05 18:33:46,0,0,0,0,0,0,0,0,0,0,0,0,0,0,0,0,0,N,N,N
2012-10-05 00:00:00,Z,V-2,27153945,20387,8,R,11981,8,VRLP01,4615,,2012-10-05 18:34:54,0,0,0,0,0,0,0,0,0,0,0,0,0,0,0,0,0,N,Y,Y
2012-10-05 00:00:00,Z,V-2,27153945,20387,8,R,11981,9,PLNT01,5303,2012-10-05 18:36:09,2012-10-05 18:36:02,0,0,0,0,0,0,0,0,0,0,0,0,0,0,0,0,0,N,N,N
2012-10-05 00:00:00,Z,V-2,27153945,20387,8,R,11981,10,COLO01,5674,2012-10-05 18:37:00,2012-10-05 18:37:18,0,0,0,0,0,0,0,0,0,0,0,0,0,0,0,0,0,N,N,N
2012-10-05 00:00:00,Z,V-2,27153945,20387,8,R,11981,11,CLYS01,6307,2012-10-05 18:38:41,2012-10-05 18:38:19,0,0,0,0,0,0,0,0,0,0,0,0,0,0,0,0,0,N,N,N
2012-10-05 00:00:00,Z,V-2,27153945,20387,8,R,11981,12,NANT01,6764,2012-10-05 18:39:55,2012-10-05 18:40:01,0,0,0,0,0,0,0,0,0,0,0,0,0,0,0,0,0,N,N,N
2012-10-05 00:00:00,Z,V-2,27153945,20387,8,R,11981,13,MACH01,7162,2012-10-05 18:40:59,2012-10-05 18:41:16,0,0,0,0,0,0,0,0,0,0,0,0,0,0,0,0,0,N,N,N
2012-10-05 00:00:00,Z,V-2,27153945,20387,8,R,11981,14,FTAI01,7546,2012-10-05 18:42:01,2012-10-05 18:42:21,0,0,0,0,0,0,0,0,0,0,0,0,0,0,0,0,0,N,N,N
2012-10-05 00:00:00,Z,V-2,27153945,20387,8,R,11981,15,CARO01,7840,2012-10-05 18:42:48,2012-10-05 18:43:17,0,0,0,0,0,0,0,0,0,0,0,0,0,0,0,0,0,N,N,N
2012-10-05 00:00:00,Z,V-2,27153945,20387,8,R,11981,16,CBFO01,8158,2012-10-05 18:43:40,2012-10-05 18:44:10,0,0,0,0,0,0,0,0,0,0,0,0,0,0,0,0,0,N,N,N
2012-10-05 00:00:00,Z,V-2,27153945,20387,8,R,11981,17,CBPL01,8338,2012-10-05 18:44:08,2012-10-05 18:45:00,0,0,0,0,0,0,0,0,0,0,0,0,0,0,0,0,0,N,N,N
2012-10-05 00:00:00,Z,V-2,27153945,20387,8,R,11981,18,PYMA01,8949,2012-10-05 18:45:47,2012-10-05 18:46:16,0,0,0,0,0,0,0,0,0,0,0,0,0,0,0,0,0,N,N,N
2012-10-05 00:00:00,Z,V-2,27153945,20387,8,R,11981,19,PYVI01,9276,2012-10-05 18:46:40,2012-10-05 18:47:19,0,0,0,0,0,0,0,0,0,0,0,0,0,0,0,0,0,N,N,N
2012-10-05 00:00:00,Z,V-2,27153945,20387,8,R,11981,20,PENT01,9556,2012-10-05 18:47:35,2012-10-05 18:48:09,0,0,0,0,0,0,0,0,0,0,0,0,0,0,0,0,0,N,N,N
2012-10-05 00:00:00,Z,V-2,27153945,20387,8,R,11981,21,FENE01,9826,2012-10-05 18:48:28,2012-10-05 18:48:52,0,0,0,0,0,0,0,0,0,0,0,0,0,0,0,0,0,N,N,N
2012-10-05 00:00:00,Z,V-2,27153945,20387,8,R,11981,22,APIA03,10197,2012-10-05 18:49:41,2012-10-05 18:49:38,0,0,0,0,0,0,0,0,0,0,0,0,0,0,0,0,0,N,N,N
2012-10-05 00:00:00,Z,V-2,27153945,20387,8,R,11981,23,NATI14,10798,2012-10-05 18:51:40,2012-10-05 18:51:49,0,0,0,0,0,0,0,0,0,0,0,0,0,0,0,0,0,N,N,N
2012-10-05 00:00:00,Z,V-2,27153945,20387,8,R,11981,24,VRBE02,10997,2012-10-05 18:52:27,2012-10-05 18:53:23,0,0,0,0,0,0,0,0,0,0,0,0,0,0,0,0,0,N,N,N
2012-10-05 00:00:00,Z,V-2,27153945,20387,8,R,11981,25,VLAI01,11497,2012-10-05 18:54:25,2012-10-05 18:54:31,0,0,0,0,0,0,0,0,0,0,0,0,0,0,0,0,0,N,N,N
2012-10-05 00:00:00,Z,V-2,27153946,20387,3,A,12264,1,CVIN22,0,2012-10-05 19:35:00,2012-10-05 18:56:37,0,0,0,0,0,0,0,0,0,0,0,0,0,0,0,0,0,N,N,N
2012-10-05 00:00:00,Z,V-2,27153946,20387,3,A,12264,5,NATI15,1465,2012-10-05 19:42:40,2012-10-05 19:01:20,0,0,0,0,0,0,0,0,0,0,0,0,0,0,0,0,0,N,Y,N
2012-10-05 00:00:00,Z,V-2,27153948,20387,9,R,9722,1,BOSY00,0,2012-10-05 20:20:00,2012-10-05 20:20:34,0,0,0,0,0,0,0,0,0,0,0,0,0,0,0,0,0,N,N,N
2012-10-05 00:00:00,Z,V-2,27153948,20387,9,R,9722,2,SCHA01,860,2012-10-05 20:21:43,2012-10-05 20:22:07,0,0,0,0,0,0,0,0,0,0,0,0,0,0,0,0,0,N,N,N
2012-10-05 00:00:00,Z,V-2,27153948,20387,9,R,9722,3,CXEC01,1133,2012-10-05 20:22:16,2012-10-05 20:22:56,0,0,0,0,0,0,0,0,0,0,0,0,0,0,0,0,0,N,N,N
2012-10-05 00:00:00,Z,V-2,27153948,20387,9,R,9722,4,CXCE01,1496,2012-10-05 20:23:00,2012-10-05 20:24:01,0,0,0,0,0,0,0,0,0,0,0,0,0,0,0,0,0,N,N,N
2012-10-05 00:00:00,Z,V-2,27153948,20387,9,R,9722,5,PREL01,1854,2012-10-05 20:23:44,2012-10-05 20:25:01,0,0,0,0,0,0,0,0,0,0,0,0,0,0,0,0,0,N,N,N
2012-10-05 00:00:00,Z,V-2,27153948,20387,9,R,9722,6,VRLP01,2356,2012-10-05 20:24:47,2012-10-05 20:26:16,0,0,0,0,0,0,0,0,0,0,0,0,0,0,0,0,0,N,N,N
2012-10-05 00:00:00,Z,V-2,27153948,20387,9,R,9722,7,PLNT01,3044,2012-10-05 20:26:13,2012-10-05 20:27:22,0,0,0,0,0,0,0,0,0,0,0,0,0,0,0,0,0,N,N,N
2012-10-05 00:00:00,Z,V-2,27153948,20387,9,R,9722,8,COLO01,3415,2012-10-05 20:27:00,2012-10-05 20:28:16,0,0,0,0,0,0,0,0,0,0,0,0,0,0,0,0,0,N,N,N
2012-10-05 00:00:00,Z,V-2,27153948,20387,9,R,9722,9,CLYS01,4048,2012-10-05 20:28:26,2012-10-05 20:29:19,0,0,0,0,0,0,0,0,0,0,0,0,0,0,0,0,0,N,N,N
2012-10-05 00:00:00,Z,V-2,27153948,20387,9,R,9722,10,NANT01,4505,2012-10-05 20:29:29,2012-10-05 20:30:11,0,0,0,0,0,0,0,0,0,0,0,0,0,0,0,0,0,N,N,N
2012-10-05 00:00:00,Z,V-2,27153948,20387,9,R,9722,11,MACH01,4903,2012-10-05 20:30:23,2012-10-05 20:31:15,0,0,0,0,0,0,0,0,0,0,0,0,0,0,0,0,0,N,N,N
2012-10-05 00:00:00,Z,V-2,27153948,20387,9,R,9722,12,FTAI01,5287,2012-10-05 20:31:16,2012-10-05 20:32:12,0,0,0,0,0,0,0,0,0,0,0,0,0,0,0,0,0,N,N,N
2012-10-05 00:00:00,Z,V-2,27153948,20387,9,R,9722,13,CARO01,5581,2012-10-05 20:31:56,2012-10-05 20:33:06,0,0,0,0,0,0,0,0,0,0,0,0,0,0,0,0,0,N,N,N
2012-10-05 00:00:00,Z,V-2,27153948,20387,9,R,9722,14,CBFO01,5899,2012-10-05 20:32:40,2012-10-05 20:33:59,0,0,0,0,0,0,0,0,0,0,0,0,0,0,0,0,0,N,N,N
2012-10-05 00:00:00,Z,V-2,27153948,20387,9,R,9722,15,CBPL01,6079,2012-10-05 20:33:05,2012-10-05 20:34:35,0,0,0,0,0,0,0,0,0,0,0,0,0,0,0,0,0,N,N,N
2012-10-05 00:00:00,Z,V-2,27153948,20387,9,R,9722,16,PYMA01,6690,2012-10-05 20:34:33,2012-10-05 20:35:39,0,0,0,0,0,0,0,0,0,0,0,0,0,0,0,0,0,N,N,N
2012-10-05 00:00:00,Z,V-2,27153948,20387,9,R,9722,17,PYVI01,7017,2012-10-05 20:35:20,2012-10-05 20:36:23,0,0,0,0,0,0,0,0,0,0,0,0,0,0,0,0,0,N,N,N
2012-10-05 00:00:00,Z,V-2,27153948,20387,9,R,9722,18,PENT01,7297,2012-10-05 20:36:00,2012-10-05 20:36:56,0,0,0,0,0,0,0,0,0,0,0,0,0,0,0,0,0,N,N,N
2012-10-05 00:00:00,Z,V-2,27153948,20387,9,R,9722,19,FENE01,7567,2012-10-05 20:36:39,2012-10-05 20:37:31,0,0,0,0,0,0,0,0,0,0,0,0,0,0,0,0,0,N,N,N
2012-10-05 00:00:00,Z,V-2,27153948,20387,9,R,9722,20,APIA03,7938,2012-10-05 20:37:33,2012-10-05 20:38:23,0,0,0,0,0,0,0,0,0,0,0,0,0,0,0,0,0,N,N,N
2012-10-05 00:00:00,Z,V-2,27153948,20387,9,R,9722,21,NATI14,8539,2012-10-05 20:39:00,2012-10-05 20:39:41,0,0,0,0,0,0,0,0,0,0,0,0,0,0,0,0,0,N,N,N
2012-10-05 00:00:00,Z,V-2,27153948,20387,9,R,9722,22,VRBE02,8738,2012-10-05 20:39:43,2012-10-05 20:41:48,0,0,0,0,0,0,0,0,0,0,0,0,0,0,0,0,0,N,N,N
2012-10-05 00:00:00,Z,V-2,27153948,20387,9,R,9722,23,VLAI01,9238,2012-10-05 20:41:33,2012-10-05 20:42:51,0,0,0,0,0,0,0,0,0,0,0,0,0,0,0,0,0,N,N,N
2012-10-05 00:00:00,Z,V-2,27153948,20387,9,R,9722,24,CVIN22,9722,2012-10-05 20:43:20,2012-10-05 20:43:53,0,0,0,0,0,0,0,0,0,0,0,0,0,0,0,0,0,N,N,N
2012-10-05 00:00:00,V,V-2,27164837,20387,9,R,15484,1,NATI14,14301,2012-10-05 08:19:20,2012-10-05 09:20:30,0,0,0,0,0,0,0,0,0,0,0,0,0,0,0,0,0,N,N,Y
2012-10-05 00:00:00,V,V-2,27164837,20387,9,R,15484,2,VRBE02,14500,2012-10-05 08:20:03,2012-10-05 09:21:48,0,0,0,0,0,0,0,0,0,0,0,0,0,0,0,0,0,N,N,N
2012-10-05 00:00:00,V,V-2,27164837,20387,9,R,15484,3,VLAI01,15000,2012-10-05 08:21:53,2012-10-05 09:23:29,0,0,0,0,0,0,0,0,0,0,0,0,0,0,0,0,0,N,N,N
2012-10-05 00:00:00,V,V-2,27164837,20387,9,R,15484,4,CVIN22,15484,2012-10-05 08:23:40,2012-10-05 09:25:19,0,0,0,0,0,0,0,0,0,0,0,0,0,0,0,0,0,N,N,N
2012-10-05 00:00:00,V,V-2,27164838,20387,8,A,15766,1,CVIN22,0,2012-10-05 09:30:00,2012-10-05 09:30:57,0,0,0,0,0,0,0,0,0,0,0,0,0,0,0,0,0,N,N,N
2012-10-05 00:00:00,V,V-2,27164838,20387,8,A,15766,2,POST00,451,2012-10-05 09:32:15,2012-10-05 09:33:33,0,0,0,0,0,0,0,0,0,0,0,0,0,0,0,0,0,N,N,N
2012-10-05 00:00:00,V,V-2,27164838,20387,8,A,15766,3,VLAI00,832,2012-10-05 09:34:09,2012-10-05 09:34:42,0,0,0,0,0,0,0,0,0,0,0,0,0,0,0,0,0,N,N,N
2012-10-05 00:00:00,V,V-2,27164838,20387,8,A,15766,4,VRBE01,1280,2012-10-05 09:36:24,2012-10-05 09:35:51,0,0,0,0,0,0,0,0,0,0,0,0,0,0,0,0,0,N,N,N
2012-10-05 00:00:00,V,V-2,27164838,20387,8,A,15766,5,NATI15,1465,2012-10-05 09:37:20,2012-10-05 09:36:51,0,0,0,0,0,0,0,0,0,0,0,0,0,0,0,0,0,N,N,N
2012-10-05 00:00:00,V,V-2,27164838,20387,8,A,15766,6,APIA02,2123,2012-10-05 09:39:44,2012-10-05 09:39:19,0,0,0,0,0,0,0,0,0,0,0,0,0,0,0,0,0,N,N,N
2012-10-05 00:00:00,V,V-2,27164838,20387,8,A,15766,7,FENE00,2490,2012-10-05 09:41:05,2012-10-05 09:40:21,0,0,0,0,0,0,0,0,0,0,0,0,0,0,0,0,0,N,N,N
2012-10-05 00:00:00,V,V-2,27164838,20387,8,A,15766,8,PENT00,2746,2012-10-05 09:42:01,2012-10-05 09:41:03,0,0,0,0,0,0,0,0,0,0,0,0,0,0,0,0,0,N,N,N
2012-10-05 00:00:00,V,V-2,27164838,20387,8,A,15766,9,PYVI00,3013,2012-10-05 09:43:00,2012-10-05 09:41:52,0,0,0,0,0,0,0,0,0,0,0,0,0,0,0,0,0,N,N,N
2012-10-05 00:00:00,V,V-2,27164838,20387,8,A,15766,10,PYMA00,3399,2012-10-05 09:43:59,2012-10-05 09:42:42,0,0,0,0,0,0,0,0,0,0,0,0,0,0,0,0,0,N,N,N
2012-10-05 00:00:00,V,V-2,27164838,20387,8,A,15766,11,CBPL00,3980,2012-10-05 09:45:29,2012-10-05 09:44:02,0,0,0,0,0,0,0,0,0,0,0,0,0,0,0,0,0,N,N,N
2012-10-05 00:00:00,V,V-2,27164838,20387,8,A,15766,12,CBFO00,4174,2012-10-05 09:46:00,2012-10-05 09:44:46,0,0,0,0,0,0,0,0,0,0,0,0,0,0,0,0,0,N,N,N
2012-10-05 00:00:00,V,V-2,27164838,20387,8,A,15766,13,CARO00,4499,2012-10-05 09:46:42,2012-10-05 09:45:53,0,0,0,0,0,0,0,0,0,0,0,0,0,0,0,0,0,N,N,N
2012-10-05 00:00:00,V,V-2,27164838,20387,8,A,15766,14,FTAI00,4821,2012-10-05 09:47:25,2012-10-05 09:46:54,0,0,0,0,0,0,0,0,0,0,0,0,0,0,0,0,0,N,N,N
2012-10-05 00:00:00,V,V-2,27164838,20387,8,A,15766,15,MACH00,5174,2012-10-05 09:48:11,2012-10-05 09:47:52,0,0,0,0,0,0,0,0,0,0,0,0,0,0,0,0,0,N,N,N
2012-10-05 00:00:00,V,V-2,27164838,20387,8,A,15766,16,NANT00,5544,2012-10-05 09:49:00,2012-10-05 09:49:39,0,0,0,0,0,0,0,0,0,0,0,0,0,0,0,0,0,N,N,N
2012-10-05 00:00:00,V,V-2,27164838,20387,8,A,15766,17,CLYS00,5950,2012-10-05 09:49:53,2012-10-05 09:50:06,0,0,0,0,0,0,0,0,0,0,0,0,0,0,0,0,0,N,N,N
2012-10-05 00:00:00,V,V-2,27164838,20387,8,A,15766,18,COLO00,6609,2012-10-05 09:51:20,2012-10-05 09:50:56,0,0,0,0,0,0,0,0,0,0,0,0,0,0,0,0,0,N,N,N
2012-10-05 00:00:00,V,V-2,27164838,20387,8,A,15766,19,CHTS00,6962,2012-10-05 09:52:05,2012-10-05 09:51:55,0,0,0,0,0,0,0,0,0,0,0,0,0,0,0,0,0,N,N,N
2012-10-05 00:00:00,V,V-2,27164838,20387,8,A,15766,20,VVRA00,7358,2012-10-05 09:52:56,2012-10-05 09:53:07,0,0,0,0,0,0,0,0,0,0,0,0,0,0,0,0,0,N,N,N
2012-10-05 00:00:00,V,V-2,27164838,20387,8,A,15766,21,VXVV00,7897,2012-10-05 09:54:06,2012-10-05 09:54:54,0,0,0,0,0,0,0,0,0,0,0,0,0,0,0,0,0,N,N,N
2012-10-05 00:00:00,V,V-2,27164838,20387,8,A,15766,22,CNAE00,8277,2012-10-05 09:54:55,2012-10-05 09:55:37,0,0,0,0,0,0,0,0,0,0,0,0,0,0,0,0,0,N,N,N
2012-10-05 00:00:00,V,V-2,27164838,20387,8,A,15766,23,GEBE00,8620,2012-10-05 09:55:40,2012-10-05 09:56:32,0,0,0,0,0,0,0,0,0,0,0,0,0,0,0,0,0,N,N,N
2012-10-05 00:00:00,V,V-2,27164838,20387,8,A,15766,24,SAGY00,9131,2012-10-05 09:56:55,2012-10-05 09:57:19,0,0,0,0,0,0,0,0,0,0,0,0,0,0,0,0,0,N,N,N
2012-10-05 00:00:00,V,V-2,27164838,20387,8,A,15766,25,GTVI00,9834,2012-10-05 09:58:40,2012-10-05 09:59:24,0,0,0,0,0,0,0,0,0,0,0,0,0,0,0,0,0,N,N,N
2012-10-05 00:00:00,V,V-2,27164838,20387,8,A,15766,26,PRLA00,10324,2012-10-05 10:00:01,2012-10-05 10:00:44,0,0,0,0,0,0,0,0,0,0,0,0,0,0,0,0,0,N,N,N
2012-10-05 00:00:00,V,V-2,27164838,20387,8,A,15766,27,MLGN00,10555,2012-10-05 10:00:39,2012-10-05 10:01:20,0,0,0,0,0,0,0,0,0,0,0,0,0,0,0,0,0,N,N,N
2012-10-05 00:00:00,V,V-2,27164838,20387,8,A,15766,28,FAYA00,11161,2012-10-05 10:02:19,2012-10-05 10:02:49,0,0,0,0,0,0,0,0,0,0,0,0,0,0,0,0,0,N,N,N
2012-10-05 00:00:00,V,V-2,27164838,20387,8,A,15766,29,ENVE00,11524,2012-10-05 10:03:20,2012-10-05 10:03:50,0,0,0,0,0,0,0,0,0,0,0,0,0,0,0,0,0,N,N,N
2012-10-05 00:00:00,V,V-2,27164838,20387,8,A,15766,30,VXBO00,11856,2012-10-05 10:04:26,2012-10-05 10:04:57,0,0,0,0,0,0,0,0,0,0,0,0,0,0,0,0,0,N,N,N
2012-10-05 00:00:00,V,V-2,27164838,20387,8,A,15766,31,VXGA00,12320,2012-10-05 10:06:00,2012-10-05 10:06:45,0,0,0,0,0,0,0,0,0,0,0,0,0,0,0,0,0,N,N,N
2012-10-05 00:00:00,V,V-2,27164838,20387,8,A,15766,32,ALCH00,12782,2012-10-05 10:07:17,2012-10-05 10:07:56,0,0,0,0,0,0,0,0,0,0,0,0,0,0,0,0,0,N,N,N
2012-10-05 00:00:00,V,V-2,27164838,20387,8,A,15766,33,AMAR00,13135,2012-10-05 10:08:16,2012-10-05 10:09:02,0,0,0,0,0,0,0,0,0,0,0,0,0,0,0,0,0,N,N,N
2012-10-05 00:00:00,V,V-2,27164838,20387,8,A,15766,34,PCEA00,13575,2012-10-05 10:09:30,2012-10-05 10:10:03,0,0,0,0,0,0,0,0,0,0,0,0,0,0,0,0,0,N,N,N
2012-10-05 00:00:00,V,V-2,27164838,20387,8,A,15766,35,POCH00,14010,2012-10-05 10:10:42,2012-10-05 10:12:01,0,0,0,0,0,0,0,0,0,0,0,0,0,0,0,0,0,N,N,N
2012-10-05 00:00:00,V,V-2,27164838,20387,8,A,15766,36,MTFL00,14409,2012-10-05 10:11:49,2012-10-05 10:13:33,0,0,0,0,0,0,0,0,0,0,0,0,0,0,0,0,0,N,N,N
2012-10-05 00:00:00,V,V-2,27164838,20387,8,A,15766,37,ECOG00,15187,2012-10-05 10:14:00,2012-10-05 10:15:40,0,0,0,0,0,0,0,0,0,0,0,0,0,0,0,0,0,N,N,N
2012-10-05 00:00:00,V,V-2,27164838,20387,8,A,15766,38,CSLB01,15766,2012-10-05 10:15:00,2012-10-05 10:16:40,0,0,0,0,0,0,0,0,0,0,0,0,0,0,0,0,0,N,N,N
2012-10-05 00:00:00,Z,V-2,27164839,20387,8,R,11981,1,VRBE02,10997,2012-10-05 18:52:27,2012-10-05 19:21:15,0,0,0,0,0,0,0,0,0,0,0,0,0,0,0,0,0,N,N,Y
2012-10-05 00:00:00,Z,V-2,27164839,20387,8,R,11981,2,VLAI01,11497,2012-10-05 18:54:25,2012-10-05 19:22:18,0,0,0,0,0,0,0,0,0,0,0,0,0,0,0,0,0,N,N,N
2012-10-05 00:00:00,Z,V-2,27164840,20387,3,A,12264,1,CVIN22,0,2012-10-05 19:35:00,2012-10-05 19:35:45,0,0,0,0,0,0,0,0,0,0,0,0,0,0,0,0,0,N,Y,Y
2012-10-05 00:00:00,Z,V-2,27164840,20387,3,A,12264,2,POST00,451,2012-10-05 19:37:21,2012-10-05 19:37:48,0,0,0,0,0,0,0,0,0,0,0,0,0,0,0,0,0,N,N,N
2012-10-05 00:00:00,Z,V-2,27164840,20387,3,A,12264,3,VLAI00,832,2012-10-05 19:39:21,2012-10-05 19:38:51,0,0,0,0,0,0,0,0,0,0,0,0,0,0,0,0,0,N,N,N
2012-10-05 00:00:00,Z,V-2,27164840,20387,3,A,12264,4,VRBE01,1280,2012-10-05 19:41:41,2012-10-05 19:40:10,0,0,0,0,0,0,0,0,0,0,0,0,0,0,0,0,0,N,N,N
2012-10-05 00:00:00,Z,V-2,27164840,20387,3,A,12264,5,NATI15,1465,2012-10-05 19:42:40,2012-10-05 19:42:22,0,0,0,0,0,0,0,0,0,0,0,0,0,0,0,0,0,N,N,N
2012-10-05 00:00:00,Z,V-2,27164840,20387,3,A,12264,6,APIA02,2123,2012-10-05 19:44:39,2012-10-05 19:45:17,0,0,0,0,0,0,0,0,0,0,0,0,0,0,0,0,0,N,N,N
2012-10-05 00:00:00,Z,V-2,27164840,20387,3,A,12264,7,FENE00,2490,2012-10-05 19:45:45,2012-10-05 19:46:20,0,0,0,0,0,0,0,0,0,0,0,0,0,0,0,0,0,N,N,N
2012-10-05 00:00:00,Z,V-2,27164840,20387,3,A,12264,8,PENT00,2746,2012-10-05 19:46:31,2012-10-05 19:46:55,0,0,0,0,0,0,0,0,0,0,0,0,0,0,0,0,0,N,N,N
2012-10-05 00:00:00,Z,V-2,27164840,20387,3,A,12264,9,PYVI00,3013,2012-10-05 19:47:20,2012-10-05 19:47:35,0,0,0,0,0,0,0,0,0,0,0,0,0,0,0,0,0,N,N,N
2012-10-05 00:00:00,Z,V-2,27164840,20387,3,A,12264,10,PYMA00,3399,2012-10-05 19:48:19,2012-10-05 19:48:34,0,0,0,0,0,0,0,0,0,0,0,0,0,0,0,0,0,N,N,N
2012-10-05 00:00:00,Z,V-2,27164840,20387,3,A,12264,11,CBPL00,3980,2012-10-05 19:49:49,2012-10-05 19:49:44,0,0,0,0,0,0,0,0,0,0,0,0,0,0,0,0,0,N,N,N
2012-10-05 00:00:00,Z,V-2,27164840,20387,3,A,12264,12,CBFO00,4174,2012-10-05 19:50:20,2012-10-05 19:50:25,0,0,0,0,0,0,0,0,0,0,0,0,0,0,0,0,0,N,N,N
2012-10-05 00:00:00,Z,V-2,27164840,20387,3,A,12264,13,CARO00,4499,2012-10-05 19:51:05,2012-10-05 19:51:23,0,0,0,0,0,0,0,0,0,0,0,0,0,0,0,0,0,N,N,N
2012-10-05 00:00:00,Z,V-2,27164840,20387,3,A,12264,14,FTAI00,4821,2012-10-05 19:51:50,2012-10-05 19:52:27,0,0,0,0,0,0,0,0,0,0,0,0,0,0,0,0,0,N,N,N
2012-10-05 00:00:00,Z,V-2,27164840,20387,3,A,12264,15,MACH00,5174,2012-10-05 19:52:39,2012-10-05 19:53:22,0,0,0,0,0,0,0,0,0,0,0,0,0,0,0,0,0,N,N,N
2012-10-05 00:00:00,Z,V-2,27164840,20387,3,A,12264,16,NANT00,5544,2012-10-05 19:53:31,2012-10-05 19:54:25,0,0,0,0,0,0,0,0,0,0,0,0,0,0,0,0,0,N,N,N
2012-10-05 00:00:00,Z,V-2,27164840,20387,3,A,12264,17,CLYS00,5950,2012-10-05 19:54:27,2012-10-05 19:55:20,0,0,0,0,0,0,0,0,0,0,0,0,0,0,0,0,0,N,N,N
2012-10-05 00:00:00,Z,V-2,27164840,20387,3,A,12264,18,COLO00,6609,2012-10-05 19:56:00,2012-10-05 19:56:19,0,0,0,0,0,0,0,0,0,0,0,0,0,0,0,0,0,N,N,N
2012-10-05 00:00:00,Z,V-2,27164840,20387,3,A,12264,19,PLNT00,7006,2012-10-05 19:56:53,2012-10-05 19:57:07,0,0,0,0,0,0,0,0,0,0,0,0,0,0,0,0,0,N,N,N
2012-10-05 00:00:00,Z,V-2,27164840,20387,3,A,12264,20,VRLP00,7677,2012-10-05 19:58:23,2012-10-05 19:58:30,0,0,0,0,0,0,0,0,0,0,0,0,0,0,0,0,0,N,N,N
2012-10-05 00:00:00,Z,V-2,27164840,20387,3,A,12264,21,PREL00,8090,2012-10-05 19:59:19,2012-10-05 19:59:33,0,0,0,0,0,0,0,0,0,0,0,0,0,0,0,0,0,N,N,N
2012-10-05 00:00:00,Z,V-2,27164840,20387,3,A,12264,22,CXCE00,8540,2012-10-05 20:00:20,2012-10-05 20:00:42,0,0,0,0,0,0,0,0,0,0,0,0,0,0,0,0,0,N,N,N
2012-10-05 00:00:00,Z,V-2,27164840,20387,3,A,12264,23,CXEC00,8927,2012-10-05 20:01:15,2012-10-05 20:02:01,0,0,0,0,0,0,0,0,0,0,0,0,0,0,0,0,0,N,N,N
2012-10-05 00:00:00,Z,V-2,27164840,20387,3,A,12264,24,SCHA00,9220,2012-10-05 20:01:57,2012-10-05 20:02:31,0,0,0,0,0,0,0,0,0,0,0,0,0,0,0,0,0,N,N,N
2012-10-05 00:00:00,Z,V-2,27164840,20387,3,A,12264,25,BOSY01,10069,2012-10-05 20:04:00,2012-10-05 20:03:43,0,0,0,0,0,0,0,0,0,0,0,0,0,0,0,0,0,N,N,N
2012-10-05 00:00:00,Z,V-2,27164840,20387,3,A,12264,26,_BSDNF,11261,2012-10-05 20:06:10,2012-10-05 20:05:25,0,0,0,0,0,0,0,0,0,0,0,0,0,0,0,0,0,N,N,N
2012-10-05 00:00:00,Z,V-2,27164840,20387,3,A,12264,27,BOCH00,12264,2012-10-05 20:08:00,2012-10-05 20:06:41,0,0,0,0,0,0,0,0,0,0,0,0,0,0,0,0,0,N,N,N
2012-10-05 00:00:00,V,V-1,27153919,20388,8,A,15766,1,CVIN22,0,2012-10-05 05:18:00,2012-10-05 05:18:40,1,3,1,2,0,0,2,0,0,0,0,1,0,0,0,0,0,N,N,N
2012-10-05 00:00:00,V,V-1,27153919,20388,8,A,15766,2,POST00,451,2012-10-05 05:19:44,2012-10-05 05:20:19,1,3,0,0,0,0,0,0,0,0,0,0,0,0,0,0,0,N,N,N
2012-10-05 00:00:00,V,V-1,27153919,20388,8,A,15766,3,VLAI00,832,2012-10-05 05:21:13,2012-10-05 05:21:17,1,3,0,0,0,0,0,0,0,0,0,0,0,0,0,0,0,N,N,N
2012-10-05 00:00:00,V,V-1,27153919,20388,8,A,15766,4,VRBE01,1280,2012-10-05 05:22:57,2012-10-05 05:22:13,1,3,0,0,0,0,0,0,0,0,0,0,0,0,0,0,0,N,N,N
2012-10-05 00:00:00,V,V-1,27153919,20388,8,A,15766,5,NATI15,1465,2012-10-05 05:23:40,2012-10-05 05:23:21,1,3,0,0,0,0,0,0,0,0,0,0,0,0,0,0,0,N,N,N
2012-10-05 00:00:00,V,V-1,27153919,20388,8,A,15766,6,APIA02,2123,2012-10-05 05:25:30,2012-10-05 05:25:35,1,3,0,0,0,0,0,0,0,0,0,0,0,0,0,0,0,N,N,N
2012-10-05 00:00:00,V,V-1,27153919,20388,8,A,15766,7,FENE00,2490,2012-10-05 05:26:32,2012-10-05 05:26:32,1,3,0,0,0,0,0,0,0,0,0,0,0,0,0,0,0,N,N,N
2012-10-05 00:00:00,V,V-1,27153919,20388,8,A,15766,8,PENT00,2746,2012-10-05 05:27:15,2012-10-05 05:27:20,1,3,0,0,0,0,0,0,0,0,0,0,0,0,0,0,0,N,N,N
2012-10-05 00:00:00,V,V-1,27153919,20388,8,A,15766,9,PYVI00,3013,2012-10-05 05:28:00,2012-10-05 05:28:24,1,3,0,0,0,0,0,0,0,0,0,0,0,0,0,0,0,N,N,N
2012-10-05 00:00:00,V,V-1,27153919,20388,8,A,15766,10,PYMA00,3399,2012-10-05 05:28:53,2012-10-05 05:29:28,1,3,0,0,0,0,0,0,0,0,0,0,0,0,0,0,0,N,N,N
2012-10-05 00:00:00,V,V-1,27153919,20388,8,A,15766,11,CBPL00,3980,2012-10-05 05:30:13,2012-10-05 05:30:46,1,3,0,0,0,0,0,0,0,0,0,0,0,0,0,0,0,N,N,N
2012-10-05 00:00:00,V,V-1,27153919,20388,8,A,15766,12,CBFO00,4174,2012-10-05 05:30:40,2012-10-05 05:31:22,1,3,0,0,0,0,0,0,0,0,0,0,0,0,0,0,0,N,N,N
2012-10-05 00:00:00,V,V-1,27153919,20388,8,A,15766,13,CARO00,4499,2012-10-05 05:31:17,2012-10-05 05:32:21,1,3,0,1,0,0,0,0,0,0,1,0,0,0,0,0,0,N,N,N
2012-10-05 00:00:00,V,V-1,27153919,20388,8,A,15766,14,FTAI00,4821,2012-10-05 05:31:54,2012-10-05 05:33:08,1,3,0,0,0,0,0,0,0,0,0,0,0,0,0,0,0,N,N,N
2012-10-05 00:00:00,V,V-1,27153919,20388,8,A,15766,15,MACH00,5174,2012-10-05 05:32:34,2012-10-05 05:33:49,1,3,0,0,0,0,0,0,0,0,0,0,0,0,0,0,0,N,N,N
2012-10-05 00:00:00,V,V-1,27153919,20388,8,A,15766,16,NANT00,5544,2012-10-05 05:33:17,2012-10-05 05:34:45,1,3,0,0,0,0,0,0,0,0,0,0,0,0,0,0,0,N,N,N
2012-10-05 00:00:00,V,V-1,27153919,20388,8,A,15766,17,CLYS00,5950,2012-10-05 05:34:04,2012-10-05 05:35:28,1,3,0,0,0,0,0,0,0,0,0,0,0,0,0,0,0,N,N,N
2012-10-05 00:00:00,V,V-1,27153919,20388,8,A,15766,18,COLO00,6609,2012-10-05 05:35:20,2012-10-05 05:36:31,1,3,0,0,0,0,0,0,0,0,0,0,0,0,0,0,0,N,N,N
2012-10-05 00:00:00,V,V-1,27153919,20388,8,A,15766,19,CHTS00,6962,2012-10-05 05:35:58,2012-10-05 05:37:06,1,3,0,0,0,0,0,0,0,0,0,0,0,0,0,0,0,N,N,N
2012-10-05 00:00:00,V,V-1,27153919,20388,8,A,15766,20,VVRA00,7358,2012-10-05 05:36:41,2012-10-05 05:37:45,1,3,0,0,0,0,0,0,0,0,0,0,0,0,0,0,0,N,N,N
2012-10-05 00:00:00,V,V-1,27153919,20388,8,A,15766,21,VXVV00,7897,2012-10-05 05:37:40,2012-10-05 05:38:52,1,3,0,0,0,0,0,0,0,0,0,0,0,0,0,0,0,N,N,N
2012-10-05 00:00:00,V,V-1,27153919,20388,8,A,15766,22,CNAE00,8277,2012-10-05 05:38:22,2012-10-05 05:39:35,1,3,0,0,0,0,0,0,0,0,0,0,0,0,0,0,0,N,N,N
2012-10-05 00:00:00,V,V-1,27153919,20388,8,A,15766,23,GEBE00,8620,2012-10-05 05:39:00,2012-10-05 05:40:13,1,3,0,0,0,0,0,0,0,0,0,0,0,0,0,0,0,N,N,N
2012-10-05 00:00:00,V,V-1,27153919,20388,8,A,15766,24,SAGY00,9131,2012-10-05 05:40:07,2012-10-05 05:41:07,1,3,0,0,0,0,0,0,0,0,0,0,0,0,0,0,0,N,N,N
2012-10-05 00:00:00,V,V-1,27153919,20388,8,A,15766,25,GTVI00,9834,2012-10-05 05:41:40,2012-10-05 05:43:06,1,3,0,0,0,0,0,0,0,0,0,0,0,0,0,0,0,N,N,N
2012-10-05 00:00:00,V,V-1,27153919,20388,8,A,15766,26,PRLA00,10324,2012-10-05 05:42:49,2012-10-05 05:44:20,1,3,0,0,0,0,0,0,0,0,0,0,0,0,0,0,0,N,N,N
2012-10-05 00:00:00,V,V-1,27153919,20388,8,A,15766,27,MLGN00,10555,2012-10-05 05:43:22,2012-10-05 05:44:49,1,3,0,0,0,0,0,0,0,0,0,0,0,0,0,0,0,N,N,N
2012-10-05 00:00:00,V,V-1,27153919,20388,8,A,15766,28,FAYA00,11161,2012-10-05 05:44:48,2012-10-05 05:46:08,1,3,0,0,0,0,0,0,0,0,0,0,0,0,0,0,0,N,N,N
2012-10-05 00:00:00,V,V-1,27153919,20388,8,A,15766,29,ENVE00,11524,2012-10-05 05:45:40,2012-10-05 05:47:20,1,3,0,0,0,0,0,0,0,0,0,0,0,0,0,0,0,N,N,N
2012-10-05 00:00:00,V,V-1,27153919,20388,8,A,15766,30,VXBO00,11856,2012-10-05 05:46:46,2012-10-05 05:48:25,1,3,0,0,0,0,0,0,0,0,0,0,0,0,0,0,0,N,N,N
2012-10-05 00:00:00,V,V-1,27153919,20388,8,A,15766,31,VXGA00,12320,2012-10-05 05:48:20,2012-10-05 05:49:51,1,3,0,0,0,0,0,0,0,0,0,0,0,0,0,0,0,N,N,N
2012-10-05 00:00:00,V,V-1,27153919,20388,8,A,15766,32,ALCH00,12782,2012-10-05 05:49:27,2012-10-05 05:50:53,1,3,0,0,0,0,0,0,0,0,0,0,0,0,0,0,0,N,N,N
2012-10-05 00:00:00,V,V-1,27153919,20388,8,A,15766,33,AMAR00,13135,2012-10-05 05:50:19,2012-10-05 05:52:00,1,3,0,0,0,0,0,0,0,0,0,0,0,0,0,0,0,N,N,N
2012-10-05 00:00:00,V,V-1,27153919,20388,8,A,15766,34,PCEA00,13575,2012-10-05 05:51:23,2012-10-05 05:53:17,1,3,0,0,0,0,0,0,0,0,0,0,0,0,0,0,0,N,N,N
2012-10-05 00:00:00,V,V-1,27153919,20388,8,A,15766,35,POCH00,14010,2012-10-05 05:52:27,2012-10-05 05:54:20,1,3,0,0,0,0,0,0,0,0,0,0,0,0,0,0,0,N,N,N
2012-10-05 00:00:00,V,V-1,27153919,20388,8,A,15766,36,MTFL00,14409,2012-10-05 05:53:26,2012-10-05 05:55:43,1,3,0,0,0,0,0,0,0,0,0,0,0,0,0,0,0,N,N,N
2012-10-05 00:00:00,V,V-1,27153919,20388,8,A,15766,37,ECOG00,15187,2012-10-05 05:55:20,2012-10-05 05:57:42,1,3,0,0,0,0,0,0,0,0,0,0,0,0,0,0,0,N,N,N
2012-10-05 00:00:00,V,V-1,27153919,20388,8,A,15766,38,CSLB01,15766,2012-10-05 05:56:20,2012-10-05 05:58:55,1,3,0,0,0,0,0,0,0,0,0,0,0,0,0,0,0,N,N,N
2012-10-05 00:00:00,V,V-1,27153920,20388,9,R,15484,1,CSLB01,0,2012-10-05 06:13:00,2012-10-05 05:59:04,11,6,0,0,0,0,0,0,0,0,0,0,0,0,0,0,0,N,N,N
2012-10-05 00:00:00,V,V-1,27153920,20388,9,R,15484,2,ECOG01,698,2012-10-05 06:15:00,2012-10-05 06:15:15,11,6,0,0,0,0,0,0,0,0,0,0,0,0,0,0,0,N,N,N
2012-10-05 00:00:00,V,V-1,27153920,20388,9,R,15484,3,MTFL01,1506,2012-10-05 06:16:59,2012-10-05 06:17:30,11,6,0,0,0,0,0,0,0,0,0,0,0,0,0,0,0,N,N,N
2012-10-05 00:00:00,V,V-1,27153920,20388,9,R,15484,4,POCH01,1821,2012-10-05 06:17:45,2012-10-05 06:18:27,11,6,0,0,0,0,0,0,0,0,0,0,0,0,0,0,0,N,N,N
2012-10-05 00:00:00,V,V-1,27153920,20388,9,R,15484,5,PCEA01,2338,2012-10-05 06:19:02,2012-10-05 06:19:35,11,6,0,0,0,0,0,0,0,0,0,0,0,0,0,0,0,N,N,N
2012-10-05 00:00:00,V,V-1,27153920,20388,9,R,15484,6,AMAR01,2762,2012-10-05 06:20:05,2012-10-05 06:20:49,11,6,0,0,0,0,0,0,0,0,0,0,0,0,0,0,0,N,N,N
2012-10-05 00:00:00,V,V-1,27153920,20388,9,R,15484,7,ALCH01,3092,2012-10-05 06:20:53,2012-10-05 06:21:35,11,6,0,0,0,0,0,0,0,0,0,0,0,0,0,0,0,N,N,N
2012-10-05 00:00:00,V,V-1,27153920,20388,9,R,15484,8,VXGA01,3540,2012-10-05 06:22:00,2012-10-05 06:22:31,11,6,1,0,1,0,0,0,0,1,0,0,0,0,0,0,0,N,N,N
2012-10-05 00:00:00,V,V-1,27153920,20388,9,R,15484,9,VXBO01,3959,2012-10-05 06:23:17,2012-10-05 06:23:58,11,6,0,0,1,0,0,0,0,0,0,0,0,0,0,0,0,N,N,N
2012-10-05 00:00:00,V,V-1,27153920,20388,9,R,15484,10,ENVE01,4406,2012-10-05 06:24:40,2012-10-05 06:25:28,11,6,0,0,1,0,0,0,0,0,0,0,0,0,0,0,0,N,N,N
2012-10-05 00:00:00,V,V-1,27153920,20388,9,R,15484,11,FAYA01,4683,2012-10-05 06:25:24,2012-10-05 06:26:25,11,6,1,0,2,0,0,0,0,1,0,0,0,0,0,0,0,N,N,N
2012-10-05 00:00:00,V,V-1,27153920,20388,9,R,15484,12,MLGN01,5220,2012-10-05 06:26:51,2012-10-05 06:27:44,11,6,0,0,2,0,0,0,0,0,0,0,0,0,0,0,0,N,N,N
2012-10-05 00:00:00,V,V-1,27153920,20388,9,R,15484,13,PRLA01,5556,2012-10-05 06:27:45,2012-10-05 06:28:32,11,6,0,0,2,0,0,0,0,0,0,0,0,0,0,0,0,N,N,N
2012-10-05 00:00:00,V,V-1,27153920,20388,9,R,15484,14,GTVI01,6020,2012-10-05 06:29:00,2012-10-05 06:29:57,11,6,4,0,6,0,0,0,0,0,0,4,0,0,0,0,0,N,N,N
2012-10-05 00:00:00,V,V-1,27153920,20388,9,R,15484,15,SAGY01,6738,2012-10-05 06:30:32,2012-10-05 06:31:53,11,6,0,0,6,0,0,0,0,0,0,0,0,0,0,0,0,N,N,N
2012-10-05 00:00:00,V,V-1,27153920,20388,9,R,15484,16,GEBE01,7265,2012-10-05 06:31:40,2012-10-05 06:32:59,11,6,0,1,5,0,0,0,0,0,1,0,0,0,0,0,0,N,N,N
2012-10-05 00:00:00,V,V-1,27153920,20388,9,R,15484,17,CNAE01,7573,2012-10-05 06:32:24,2012-10-05 06:33:39,11,6,0,0,5,0,0,0,0,0,0,0,0,0,0,0,0,N,N,N
2012-10-05 00:00:00,V,V-1,27153920,20388,9,R,15484,18,VXVV01,7895,2012-10-05 06:33:10,2012-10-05 06:34:16,11,6,0,0,5,0,0,0,0,0,0,0,0,0,0,0,0,N,N,N
2012-10-05 00:00:00,V,V-1,27153920,20388,9,R,15484,19,VVRA01,8414,2012-10-05 06:34:25,2012-10-05 06:35:37,11,6,1,0,6,0,0,0,0,1,0,0,0,0,0,0,0,N,N,N
2012-10-05 00:00:00,V,V-1,27153920,20388,9,R,15484,20,CHTS01,8918,2012-10-05 06:35:37,2012-10-05 06:36:33,11,6,0,0,6,0,0,0,0,0,0,0,0,0,0,0,0,N,N,N
2012-10-05 00:00:00,V,V-1,27153920,20388,9,R,15484,21,COLO02,9214,2012-10-05 06:36:20,2012-10-05 06:37:11,11,6,0,0,6,0,0,0,0,0,0,0,0,0,0,0,0,N,N,N
2012-10-05 00:00:00,V,V-1,27153920,20388,9,R,15484,22,CLYS01,9810,2012-10-05 06:37:42,2012-10-05 06:38:16,11,6,0,0,6,0,0,0,0,0,0,0,0,0,0,0,0,N,N,N
2012-10-05 00:00:00,V,V-1,27153920,20388,9,R,15484,23,NANT01,10267,2012-10-05 06:38:46,2012-10-05 06:39:24,11,6,1,0,7,0,0,0,0,0,0,1,0,0,0,0,0,N,N,N
2012-10-05 00:00:00,V,V-1,27153920,20388,9,R,15484,24,MACH01,10665,2012-10-05 06:39:41,2012-10-05 06:40:40,11,6,1,0,8,0,0,0,0,1,0,0,0,0,0,0,0,N,N,N
2012-10-05 00:00:00,V,V-1,27153920,20388,9,R,15484,25,FTAI01,11049,2012-10-05 06:40:34,2012-10-05 06:41:51,11,6,2,0,10,0,0,0,0,2,0,0,0,0,0,0,0,N,N,N
2012-10-05 00:00:00,V,V-1,27153920,20388,9,R,15484,26,CARO01,11343,2012-10-05 06:41:15,2012-10-05 06:42:42,11,6,0,0,10,0,0,0,0,0,0,0,0,0,0,0,0,N,N,N
2012-10-05 00:00:00,V,V-1,27153920,20388,9,R,15484,27,CBFO01,11661,2012-10-05 06:42:00,2012-10-05 06:43:38,11,6,0,0,10,0,0,0,0,0,0,0,0,0,0,0,0,N,N,N
2012-10-05 00:00:00,V,V-1,27153920,20388,9,R,15484,28,CBPL01,11841,2012-10-05 06:42:25,2012-10-05 06:44:13,11,6,0,0,10,0,0,0,0,0,0,0,0,0,0,0,0,N,N,N
2012-10-05 00:00:00,V,V-1,27153920,20388,9,R,15484,29,PYMA01,12452,2012-10-05 06:43:53,2012-10-05 06:45:22,11,6,0,0,10,0,0,0,0,0,0,0,0,0,0,0,0,N,N,N
2012-10-05 00:00:00,V,V-1,27153920,20388,9,R,15484,30,PYVI01,12779,2012-10-05 06:44:40,2012-10-05 06:46:10,11,6,0,0,10,0,0,0,0,0,0,0,0,0,0,0,0,N,N,N
2012-10-05 00:00:00,V,V-1,27153920,20388,9,R,15484,31,PENT01,13059,2012-10-05 06:45:24,2012-10-05 06:46:53,11,6,0,0,10,0,0,0,0,0,0,0,0,0,0,0,0,N,N,N
2012-10-05 00:00:00,V,V-1,27153920,20388,9,R,15484,32,FENE01,13329,2012-10-05 06:46:06,2012-10-05 06:47:52,11,6,0,0,10,0,0,0,0,0,0,0,0,0,0,0,0,N,N,N
2012-10-05 00:00:00,V,V-1,27153920,20388,9,R,15484,33,APIA03,13700,2012-10-05 06:47:05,2012-10-05 06:48:44,11,6,0,1,9,0,0,0,0,0,1,0,0,0,0,0,0,N,N,N
2012-10-05 00:00:00,V,V-1,27153920,20388,9,R,15484,34,NATI14,14301,2012-10-05 06:48:40,2012-10-05 06:50:24,11,6,0,3,6,0,0,0,0,0,2,0,1,0,0,0,0,N,N,N
2012-10-05 00:00:00,V,V-1,27153920,20388,9,R,15484,35,VRBE02,14500,2012-10-05 06:49:20,2012-10-05 06:51:46,11,6,0,0,6,0,0,0,0,0,0,0,0,0,0,0,0,N,N,N
2012-10-05 00:00:00,V,V-1,27153920,20388,9,R,15484,36,VLAI01,15000,2012-10-05 06:51:01,2012-10-05 06:53:02,11,6,0,0,6,0,0,0,0,0,0,0,0,0,0,0,0,N,N,N
2012-10-05 00:00:00,V,V-1,27153920,20388,9,R,15484,37,CVIN22,15484,2012-10-05 06:52:40,2012-10-05 06:54:41,11,6,0,1,5,0,0,0,0,0,1,0,0,0,0,0,0,N,N,N
2012-10-05 00:00:00,Z,V-1,27153921,20388,3,A,12264,1,CVIN22,0,2012-10-05 07:00:00,2012-10-05 07:00:25,14,16,9,0,9,2,0,0,0,7,0,0,0,0,0,0,0,N,N,N
2012-10-05 00:00:00,Z,V-1,27153921,20388,3,A,12264,2,POST00,451,2012-10-05 07:02:09,2012-10-05 07:02:39,14,16,0,0,9,0,0,0,0,0,0,0,0,0,0,0,0,N,N,N
2012-10-05 00:00:00,Z,V-1,27153921,20388,3,A,12264,3,VLAI00,832,2012-10-05 07:03:58,2012-10-05 07:03:38,14,16,0,0,9,0,0,0,0,0,0,0,0,0,0,0,0,N,N,N
2012-10-05 00:00:00,Z,V-1,27153921,20388,3,A,12264,4,VRBE01,1280,2012-10-05 07:06:06,2012-10-05 07:04:59,14,16,0,0,9,0,0,0,0,0,0,0,0,0,0,0,0,N,N,N
2012-10-05 00:00:00,Z,V-1,27153921,20388,3,A,12264,5,NATI15,1465,2012-10-05 07:07:00,2012-10-05 07:07:37,14,16,3,2,10,0,2,0,0,3,0,0,0,0,0,0,0,N,N,N
2012-10-05 00:00:00,Z,V-1,27153921,20388,3,A,12264,6,APIA02,2123,2012-10-05 07:09:07,2012-10-05 07:10:59,14,16,0,0,10,0,0,0,0,0,0,0,0,0,0,0,0,N,N,N
2012-10-05 00:00:00,Z,V-1,27153921,20388,3,A,12264,7,FENE00,2490,2012-10-05 07:10:18,2012-10-05 07:11:59,14,16,1,0,11,1,0,0,0,0,0,0,0,0,0,0,0,N,N,N
2012-10-05 00:00:00,Z,V-1,27153921,20388,3,A,12264,8,PENT00,2746,2012-10-05 07:11:08,2012-10-05 07:12:51,14,16,0,1,10,0,0,0,0,0,1,0,0,0,0,0,0,N,N,N
2012-10-05 00:00:00,Z,V-1,27153921,20388,3,A,12264,9,PYVI00,3013,2012-10-05 07:12:00,2012-10-05 07:13:35,14,16,0,0,10,0,0,0,0,0,0,0,0,0,0,0,0,N,N,N
2012-10-05 00:00:00,Z,V-1,27153921,20388,3,A,12264,10,PYMA00,3399,2012-10-05 07:12:59,2012-10-05 07:14:28,14,16,0,0,10,0,0,0,0,0,0,0,0,0,0,0,0,N,N,N
2012-10-05 00:00:00,Z,V-1,27153921,20388,3,A,12264,11,CBPL00,3980,2012-10-05 07:14:29,2012-10-05 07:15:50,14,16,0,1,9,0,0,0,0,0,1,0,0,0,0,0,0,N,N,N
2012-10-05 00:00:00,Z,V-1,27153921,20388,3,A,12264,12,CBFO00,4174,2012-10-05 07:15:00,2012-10-05 07:16:48,14,16,0,2,7,0,0,0,0,0,0,0,2,0,0,0,0,N,N,N
2012-10-05 00:00:00,Z,V-1,27153921,20388,3,A,12264,13,CARO00,4499,2012-10-05 07:15:45,2012-10-05 07:17:42,14,16,1,2,6,1,0,0,0,0,1,0,1,0,0,0,0,N,N,N
2012-10-05 00:00:00,Z,V-1,27153921,20388,3,A,12264,14,FTAI00,4821,2012-10-05 07:16:30,2012-10-05 07:18:43,14,16,0,0,6,0,0,0,0,0,0,0,0,0,0,0,0,N,N,N
2012-10-05 00:00:00,Z,V-1,27153921,20388,3,A,12264,15,MACH00,5174,2012-10-05 07:17:19,2012-10-05 07:19:39,14,16,0,0,6,0,0,0,0,0,0,0,0,0,0,0,0,N,N,N
2012-10-05 00:00:00,Z,V-1,27153921,20388,3,A,12264,16,NANT00,5544,2012-10-05 07:18:11,2012-10-05 07:20:53,14,16,0,0,6,0,0,0,0,0,0,0,0,0,0,0,0,N,N,N
2012-10-05 00:00:00,Z,V-1,27153921,20388,3,A,12264,17,CLYS00,5950,2012-10-05 07:19:07,2012-10-05 07:21:41,14,16,0,0,6,0,0,0,0,0,0,0,0,0,0,0,0,N,N,N
2012-10-05 00:00:00,Z,V-1,27153921,20388,3,A,12264,18,COLO00,6609,2012-10-05 07:20:40,2012-10-05 07:22:53,14,16,0,0,6,0,0,0,0,0,0,0,0,0,0,0,0,N,N,N
2012-10-05 00:00:00,Z,V-1,27153921,20388,3,A,12264,19,PLNT00,7006,2012-10-05 07:21:25,2012-10-05 07:23:51,14,16,0,0,6,0,0,0,0,0,0,0,0,0,0,0,0,N,N,N
2012-10-05 00:00:00,Z,V-1,27153921,20388,3,A,12264,20,VRLP00,7677,2012-10-05 07:22:41,2012-10-05 07:25:18,14,16,0,0,6,0,0,0,0,0,0,0,0,0,0,0,0,N,N,N
2012-10-05 00:00:00,Z,V-1,27153921,20388,3,A,12264,21,PREL00,8090,2012-10-05 07:23:28,2012-10-05 07:26:17,14,16,0,0,6,0,0,0,0,0,0,0,0,0,0,0,0,N,N,N
2012-10-05 00:00:00,Z,V-1,27153921,20388,3,A,12264,22,CXCE00,8540,2012-10-05 07:24:20,2012-10-05 07:27:35,14,16,0,1,5,0,0,0,0,0,1,0,0,0,0,0,0,N,N,N
2012-10-05 00:00:00,Z,V-1,27153921,20388,3,A,12264,23,CXEC00,8927,2012-10-05 07:25:15,2012-10-05 07:28:53,14,16,0,0,5,0,0,0,0,0,0,0,0,0,0,0,0,N,N,N
2012-10-05 00:00:00,Z,V-1,27153921,20388,3,A,12264,24,SCHA00,9220,2012-10-05 07:25:57,2012-10-05 07:29:27,14,16,0,0,5,0,0,0,0,0,0,0,0,0,0,0,0,N,N,N
2012-10-05 00:00:00,Z,V-1,27153921,20388,3,A,12264,25,BOSY01,10069,2012-10-05 07:28:00,2012-10-05 07:31:00,14,16,0,1,4,0,0,0,0,0,1,0,0,0,0,0,0,N,N,N
2012-10-05 00:00:00,Z,V-1,27153921,20388,3,A,12264,26,_BSDNF,11261,2012-10-05 07:30:10,2012-10-05 07:33:10,14,16,0,0,4,0,0,0,0,0,0,0,0,0,0,0,0,N,N,N
2012-10-05 00:00:00,Z,V-1,27153921,20388,3,A,12264,27,BOCH00,12264,2012-10-05 07:32:00,2012-10-05 07:34:32,14,16,0,6,0,0,6,0,0,0,0,0,0,0,0,0,0,N,N,N
2012-10-05 00:00:00,Z,V-1,27153922,20388,8,R,11981,1,BOCH00,0,2012-10-05 07:38:00,2012-10-05 07:38:22,30,33,1,0,1,0,0,0,0,1,0,0,0,0,0,0,0,N,N,N
2012-10-05 00:00:00,Z,V-1,27153922,20388,8,R,11981,2,_BSDNS,1044,2012-10-05 07:40:00,2012-10-05 07:40:46,30,33,0,1,0,0,1,0,0,0,0,0,0,0,0,0,0,N,N,N
2012-10-05 00:00:00,Z,V-1,27153922,20388,8,R,11981,3,BOSY00,2259,2012-10-05 07:42:20,2012-10-05 07:42:57,30,33,6,0,6,0,0,0,0,3,0,3,0,0,0,0,0,N,N,N
2012-10-05 00:00:00,Z,V-1,27153922,20388,8,R,11981,4,SCHA01,3119,2012-10-05 07:44:37,2012-10-05 07:44:22,30,33,0,0,6,0,0,0,0,0,0,0,0,0,0,0,0,N,N,N
2012-10-05 00:00:00,Z,V-1,27153922,20388,8,R,11981,5,CXEC01,3392,2012-10-05 07:45:21,2012-10-05 07:45:30,30,33,3,3,6,0,2,0,0,3,1,0,0,0,0,0,0,N,N,N
2012-10-05 00:00:00,Z,V-1,27153922,20388,8,R,11981,6,CXCE01,3755,2012-10-05 07:46:20,2012-10-05 07:46:48,30,33,2,0,8,0,0,0,0,2,0,0,0,0,0,0,0,N,N,N
2012-10-05 00:00:00,Z,V-1,27153922,20388,8,R,11981,7,PREL01,4113,2012-10-05 07:47:12,2012-10-05 07:47:44,30,33,0,0,8,0,0,0,0,0,0,0,0,0,0,0,0,N,N,N
2012-10-05 00:00:00,Z,V-1,27153922,20388,8,R,11981,8,VRLP01,4615,2012-10-05 07:48:25,2012-10-05 07:48:56,30,33,0,0,8,0,0,0,0,0,0,0,0,0,0,0,0,N,N,N
2012-10-05 00:00:00,Z,V-1,27153922,20388,8,R,11981,9,PLNT01,5303,2012-10-05 07:50:05,2012-10-05 07:50:11,30,33,0,0,8,0,0,0,0,0,0,0,0,0,0,0,0,N,N,N
2012-10-05 00:00:00,Z,V-1,27153922,20388,8,R,11981,10,COLO01,5674,2012-10-05 07:51:00,2012-10-05 07:51:22,30,33,2,2,8,0,0,0,0,2,2,0,0,0,0,0,0,N,N,N
2012-10-05 00:00:00,Z,V-1,27153922,20388,8,R,11981,11,CLYS01,6307,2012-10-05 07:52:57,2012-10-05 07:54:07,30,33,0,0,8,0,0,0,0,0,0,0,0,0,0,0,0,N,N,N
2012-10-05 00:00:00,Z,V-1,27153922,20388,8,R,11981,12,NANT01,6764,2012-10-05 07:54:21,2012-10-05 07:56:17,30,33,1,0,9,0,0,0,0,1,0,0,0,0,0,0,0,N,N,N
2012-10-05 00:00:00,Z,V-1,27153922,20388,8,R,11981,13,MACH01,7162,2012-10-05 07:55:35,2012-10-05 07:57:35,30,33,0,0,9,0,0,0,0,0,0,0,0,0,0,0,0,N,N,N
2012-10-05 00:00:00,Z,V-1,27153922,20388,8,R,11981,14,FTAI01,7546,2012-10-05 07:56:46,2012-10-05 07:58:24,30,33,0,0,9,0,0,0,0,0,0,0,0,0,0,0,0,N,N,N
2012-10-05 00:00:00,Z,V-1,27153922,20388,8,R,11981,15,CARO01,7840,2012-10-05 07:57:41,2012-10-05 07:59:19,30,33,0,0,9,0,0,0,0,0,0,0,0,0,0,0,0,N,N,N
2012-10-05 00:00:00,Z,V-1,27153922,20388,8,R,11981,16,CBFO01,8158,2012-10-05 07:58:40,2012-10-05 08:00:43,30,33,6,1,14,1,0,0,0,2,1,3,0,0,0,0,0,N,N,N
2012-10-05 00:00:00,Z,V-1,27153922,20388,8,R,11981,17,CBPL01,8338,2012-10-05 07:59:08,2012-10-05 08:01:32,30,33,1,0,15,0,0,0,0,1,0,0,0,0,0,0,0,N,N,N
2012-10-05 00:00:00,Z,V-1,27153922,20388,8,R,11981,18,PYMA01,8949,2012-10-05 08:00:47,2012-10-05 08:03:03,30,33,1,1,15,0,0,0,0,1,1,0,0,0,0,0,0,N,N,N
2012-10-05 00:00:00,Z,V-1,27153922,20388,8,R,11981,19,PYVI01,9276,2012-10-05 08:01:40,2012-10-05 08:04:00,30,33,1,0,16,0,0,0,0,1,0,0,0,0,0,0,0,N,N,N
2012-10-05 00:00:00,Z,V-1,27153922,20388,8,R,11981,20,PENT01,9556,2012-10-05 08:02:27,2012-10-05 08:04:45,30,33,0,0,16,0,0,0,0,0,0,0,0,0,0,0,0,N,N,N
2012-10-05 00:00:00,Z,V-1,27153922,20388,8,R,11981,21,FENE01,9826,2012-10-05 08:03:13,2012-10-05 08:05:15,30,33,0,0,16,0,0,0,0,0,0,0,0,0,0,0,0,N,N,N
2012-10-05 00:00:00,Z,V-1,27153922,20388,8,R,11981,22,APIA03,10197,2012-10-05 08:04:17,2012-10-05 08:06:17,30,33,0,1,15,0,0,0,0,0,1,0,0,0,0,0,0,N,N,N
2012-10-05 00:00:00,Z,V-1,27153922,20388,8,R,11981,23,NATI14,10798,2012-10-05 08:06:00,2012-10-05 08:07:59,30,33,6,14,7,6,0,0,0,0,8,0,6,0,0,0,0,N,N,N
2012-10-05 00:00:00,Z,V-1,27153922,20388,8,R,11981,24,VRBE02,10997,2012-10-05 08:06:40,2012-10-05 08:10:13,30,33,0,1,6,0,1,0,0,0,0,0,0,0,0,0,0,N,N,N
2012-10-05 00:00:00,Z,V-1,27153922,20388,8,R,11981,25,VLAI01,11497,2012-10-05 08:08:21,2012-10-05 08:11:36,30,33,0,0,6,0,0,0,0,0,0,0,0,0,0,0,0,N,N,N
2012-10-05 00:00:00,Z,V-1,27153922,20388,8,R,11981,26,CVIN22,11981,2012-10-05 08:10:00,2012-10-05 08:12:44,30,33,0,9,0,0,3,0,0,0,6,0,0,0,0,0,0,N,N,N
2012-10-05 00:00:00,Z,V-1,27153923,20388,4,A,10163,1,CVIN22,0,2012-10-05 08:15:00,2012-10-05 08:14:40,26,26,6,0,6,1,0,0,0,5,0,0,0,0,0,0,0,N,Y,Y
2012-10-05 00:00:00,Z,V-1,27153923,20388,4,A,10163,2,POST00,451,2012-10-05 08:17:21,2012-10-05 08:17:44,26,26,4,1,9,0,1,0,0,4,0,0,0,0,0,0,0,N,N,N
2012-10-05 00:00:00,Z,V-1,27153923,20388,4,A,10163,3,VLAI00,832,2012-10-05 08:19:21,2012-10-05 08:19:22,26,26,0,0,9,0,0,0,0,0,0,0,0,0,0,0,0,N,N,N
2012-10-05 00:00:00,Z,V-1,27153923,20388,4,A,10163,4,VRBE01,1280,2012-10-05 08:21:41,2012-10-05 08:20:43,26,26,0,1,8,0,0,0,0,0,1,0,0,0,0,0,0,N,N,N
2012-10-05 00:00:00,Z,V-1,27153923,20388,4,A,10163,5,NATI15,1465,2012-10-05 08:22:40,2012-10-05 08:23:20,26,26,9,6,11,0,6,0,0,9,0,0,0,0,0,0,0,N,N,N
2012-10-05 00:00:00,Z,V-1,27153923,20388,4,A,10163,6,APIA02,2123,2012-10-05 08:25:13,2012-10-05 08:27:13,26,26,2,0,13,2,0,0,0,0,0,0,0,0,0,0,0,N,N,N
2012-10-05 00:00:00,Z,V-1,27153923,20388,4,A,10163,7,FENE00,2490,2012-10-05 08:26:38,2012-10-05 08:28:23,26,26,0,0,13,0,0,0,0,0,0,0,0,0,0,0,0,N,N,N
2012-10-05 00:00:00,Z,V-1,27153923,20388,4,A,10163,8,PENT00,2746,2012-10-05 08:27:37,2012-10-05 08:29:26,26,26,0,5,8,0,0,0,0,0,5,0,0,0,0,0,0,N,N,N
2012-10-05 00:00:00,Z,V-1,27153923,20388,4,A,10163,9,PYVI00,3013,2012-10-05 08:28:40,2012-10-05 08:30:21,26,26,0,0,8,0,0,0,0,0,0,0,0,0,0,0,0,N,N,N
2012-10-05 00:00:00,Z,V-1,27153923,20388,4,A,10163,10,PYMA00,3399,2012-10-05 08:29:53,2012-10-05 08:31:31,26,26,0,2,6,0,0,0,0,0,2,0,0,0,0,0,0,N,N,N
2012-10-05 00:00:00,Z,V-1,27153923,20388,4,A,10163,11,CBPL00,3980,2012-10-05 08:31:43,2012-10-05 08:33:05,26,26,0,0,6,0,0,0,0,0,0,0,0,0,0,0,0,N,N,N
2012-10-05 00:00:00,Z,V-1,27153923,20388,4,A,10163,12,CBFO00,4174,2012-10-05 08:32:20,2012-10-05 08:33:49,26,26,0,1,5,0,0,0,0,0,1,0,0,0,0,0,0,N,N,N
2012-10-05 00:00:00,Z,V-1,27153923,20388,4,A,10163,13,CARO00,4499,2012-10-05 08:33:05,2012-10-05 08:35:05,26,26,1,1,5,1,0,0,0,0,1,0,0,0,0,0,0,N,N,N
2012-10-05 00:00:00,Z,V-1,27153923,20388,4,A,10163,14,FTAI00,4821,2012-10-05 08:33:50,2012-10-05 08:36:02,26,26,1,0,6,1,0,0,0,0,0,0,0,0,0,0,0,N,N,N
2012-10-05 00:00:00,Z,V-1,27153923,20388,4,A,10163,15,MACH00,5174,2012-10-05 08:34:39,2012-10-05 08:37:14,26,26,2,0,8,0,0,0,0,1,0,1,0,0,0,0,0,N,N,N
2012-10-05 00:00:00,Z,V-1,27153923,20388,4,A,10163,16,NANT00,5544,2012-10-05 08:35:31,2012-10-05 08:38:23,26,26,0,0,8,0,0,0,0,0,0,0,0,0,0,0,0,N,N,N
2012-10-05 00:00:00,Z,V-1,27153923,20388,4,A,10163,17,CLYS00,5950,2012-10-05 08:36:27,2012-10-05 08:40:06,26,26,0,0,8,0,0,0,0,0,0,0,0,0,0,0,0,N,N,N
2012-10-05 00:00:00,Z,V-1,27153923,20388,4,A,10163,18,COLO00,6609,2012-10-05 08:38:00,2012-10-05 08:41:41,26,26,1,2,7,0,0,0,0,1,2,0,0,0,0,0,0,N,N,N
2012-10-05 00:00:00,Z,V-1,27153923,20388,4,A,10163,19,PLNT00,7006,2012-10-05 08:38:49,2012-10-05 08:42:29,26,26,0,0,7,0,0,0,0,0,0,0,0,0,0,0,0,N,N,N
2012-10-05 00:00:00,Z,V-1,27153923,20388,4,A,10163,20,VRLP00,7677,2012-10-05 08:40:12,2012-10-05 08:43:45,26,26,0,0,7,0,0,0,0,0,0,0,0,0,0,0,0,N,N,N
2012-10-05 00:00:00,Z,V-1,27153923,20388,4,A,10163,21,PREL00,8090,2012-10-05 08:41:04,2012-10-05 08:44:38,26,26,0,0,7,0,0,0,0,0,0,0,0,0,0,0,0,N,N,N
2012-10-05 00:00:00,Z,V-1,27153923,20388,4,A,10163,22,CXCE00,8540,2012-10-05 08:42:00,2012-10-05 08:45:50,26,26,0,1,6,0,0,0,0,0,1,0,0,0,0,0,0,N,N,N
2012-10-05 00:00:00,Z,V-1,27153923,20388,4,A,10163,23,CXEC00,8927,2012-10-05 08:42:42,2012-10-05 08:47:32,26,26,0,3,3,0,0,0,0,0,1,0,2,0,0,0,0,N,N,N
2012-10-05 00:00:00,Z,V-1,27153923,20388,4,A,10163,24,SCHA00,9220,2012-10-05 08:43:15,2012-10-05 08:48:12,26,26,0,0,3,0,0,0,0,0,0,0,0,0,0,0,0,N,N,N
2012-10-05 00:00:00,Z,V-1,27153923,20388,4,A,10163,25,BOSY00,10163,2012-10-05 08:45:00,2012-10-05 08:50:07,26,26,0,3,0,0,1,0,0,0,0,0,2,0,0,0,0,N,N,N
2012-10-05 00:00:00,Z,V-1,27153924,20388,9,R,9722,1,BOSY00,0,2012-10-05 08:55:00,2012-10-05 08:55:22,27,23,4,0,4,1,0,0,0,1,0,2,0,0,0,0,0,N,N,N
2012-10-05 00:00:00,Z,V-1,27153924,20388,9,R,9722,2,SCHA01,860,2012-10-05 08:57:06,2012-10-05 08:56:51,27,23,0,0,4,0,0,0,0,0,0,0,0,0,0,0,0,N,N,N
2012-10-05 00:00:00,Z,V-1,27153924,20388,9,R,9722,3,CXEC01,1133,2012-10-05 08:57:46,2012-10-05 08:57:48,27,23,2,1,5,0,1,0,0,2,0,0,0,0,0,0,0,N,N,N
2012-10-05 00:00:00,Z,V-1,27153924,20388,9,R,9722,4,CXCE01,1496,2012-10-05 08:58:40,2012-10-05 08:59:10,27,23,0,0,5,0,0,0,0,0,0,0,0,0,0,0,0,N,N,N
2012-10-05 00:00:00,Z,V-1,27153924,20388,9,R,9722,5,PREL01,1854,2012-10-05 08:59:32,2012-10-05 09:00:22,27,23,0,0,5,0,0,0,0,0,0,0,0,0,0,0,0,N,N,N
2012-10-05 00:00:00,Z,V-1,27153924,20388,9,R,9722,6,VRLP01,2356,,2012-10-05 09:02:00,27,23,1,0,6,0,0,0,0,1,0,0,0,0,0,0,0,N,Y,Y
2012-10-05 00:00:00,Z,V-1,27153924,20388,9,R,9722,7,PLNT01,3044,2012-10-05 09:02:25,2012-10-05 09:03:28,27,23,1,0,7,0,0,0,0,1,0,0,0,0,0,0,0,N,N,N
2012-10-05 00:00:00,Z,V-1,27153924,20388,9,R,9722,8,COLO01,3415,2012-10-05 09:03:20,2012-10-05 09:04:40,27,23,3,0,10,0,0,0,0,3,0,0,0,0,0,0,0,N,N,N
2012-10-05 00:00:00,Z,V-1,27153924,20388,9,R,9722,9,CLYS01,4048,2012-10-05 09:05:17,2012-10-05 09:05:58,27,23,0,0,10,0,0,0,0,0,0,0,0,0,0,0,0,N,N,N
2012-10-05 00:00:00,Z,V-1,27153924,20388,9,R,9722,10,NANT01,4505,2012-10-05 09:06:41,2012-10-05 09:07:35,27,23,4,0,14,0,0,0,0,1,0,3,0,0,0,0,0,N,N,N
2012-10-05 00:00:00,Z,V-1,27153924,20388,9,R,9722,11,MACH01,4903,2012-10-05 09:07:55,2012-10-05 09:08:53,27,23,0,1,13,0,1,0,0,0,0,0,0,0,0,0,0,N,N,N
2012-10-05 00:00:00,Z,V-1,27153924,20388,9,R,9722,12,FTAI01,5287,2012-10-05 09:09:06,2012-10-05 09:10:04,27,23,2,0,15,0,0,0,0,2,0,0,0,0,0,0,0,N,N,N
2012-10-05 00:00:00,Z,V-1,27153924,20388,9,R,9722,13,CARO01,5581,2012-10-05 09:10:01,2012-10-05 09:11:11,27,23,1,0,16,0,0,0,0,0,0,1,0,0,0,0,0,N,N,N
2012-10-05 00:00:00,Z,V-1,27153924,20388,9,R,9722,14,CBFO01,5899,2012-10-05 09:11:00,2012-10-05 09:12:12,27,23,5,0,21,0,0,0,0,5,0,0,0,0,0,0,0,N,N,N
2012-10-05 00:00:00,Z,V-1,27153924,20388,9,R,9722,15,CBPL01,6079,2012-10-05 09:11:28,2012-10-05 09:12:50,27,23,0,0,21,0,0,0,0,0,0,0,0,0,0,0,0,N,N,N
2012-10-05 00:00:00,Z,V-1,27153924,20388,9,R,9722,16,PYMA01,6690,2012-10-05 09:13:07,2012-10-05 09:14:48,27,23,1,0,22,0,0,0,0,1,0,0,0,0,0,0,0,N,N,N
2012-10-05 00:00:00,Z,V-1,27153924,20388,9,R,9722,17,PYVI01,7017,2012-10-05 09:14:00,2012-10-05 09:15:43,27,23,0,1,21,0,0,0,0,0,1,0,0,0,0,0,0,N,N,N
2012-10-05 00:00:00,Z,V-1,27153924,20388,9,R,9722,18,PENT01,7297,2012-10-05 09:14:47,2012-10-05 09:16:25,27,23,0,0,21,0,0,0,0,0,0,0,0,0,0,0,0,N,N,N
2012-10-05 00:00:00,Z,V-1,27153924,20388,9,R,9722,19,FENE01,7567,2012-10-05 09:15:33,2012-10-05 09:16:55,27,23,0,0,21,0,0,0,0,0,0,0,0,0,0,0,0,N,N,N
2012-10-05 00:00:00,Z,V-1,27153924,20388,9,R,9722,20,APIA03,7938,2012-10-05 09:16:37,2012-10-05 09:18:01,27,23,0,2,19,0,0,0,0,0,1,0,1,0,0,0,0,N,N,N
2012-10-05 00:00:00,Z,V-1,27153924,20388,9,R,9722,21,NATI14,8539,2012-10-05 09:18:20,2012-10-05 09:20:18,27,23,3,17,5,2,0,0,0,0,17,1,0,0,0,0,0,N,N,N
2012-10-05 00:00:00,Z,V-1,27153924,20388,9,R,9722,22,VRBE02,8738,2012-10-05 09:19:03,2012-10-05 09:21:36,27,23,0,1,4,0,0,0,0,0,0,0,1,0,0,0,0,N,N,N
2012-10-05 00:00:00,Z,V-1,27153924,20388,9,R,9722,23,VLAI01,9238,2012-10-05 09:20:53,2012-10-05 09:23:25,27,23,0,0,4,0,0,0,0,0,0,0,0,0,0,0,0,N,N,N
2012-10-05 00:00:00,V,V-7,27154028,20388,8,A,15766,1,CVIN22,0,2012-10-05 12:00:00,2012-10-05 12:00:05,8,10,3,0,3,0,0,0,0,2,0,1,0,0,0,0,0,N,N,N
2012-10-05 00:00:00,V,V-7,27154028,20388,8,A,15766,2,POST00,451,2012-10-05 12:02:09,2012-10-05 12:02:38,8,10,0,0,3,0,0,0,0,0,0,0,0,0,0,0,0,N,N,N
2012-10-05 00:00:00,V,V-7,27154028,20388,8,A,15766,3,VLAI00,832,2012-10-05 12:03:58,2012-10-05 12:03:31,8,10,1,0,4,0,0,0,0,1,0,0,0,0,0,0,0,N,N,N
2012-10-05 00:00:00,V,V-7,27154028,20388,8,A,15766,4,VRBE01,1280,2012-10-05 12:06:06,2012-10-05 12:04:33,8,10,0,0,4,0,0,0,0,0,0,0,0,0,0,0,0,N,N,N
2012-10-05 00:00:00,V,V-7,27154028,20388,8,A,15766,5,NATI15,1465,2012-10-05 12:07:00,2012-10-05 12:06:26,8,10,1,2,3,0,2,0,0,1,0,0,0,0,0,0,0,N,N,N
2012-10-05 00:00:00,V,V-7,27154028,20388,8,A,15766,6,APIA02,2123,2012-10-05 12:09:16,2012-10-05 12:09:23,8,10,0,0,3,0,0,0,0,0,0,0,0,0,0,0,0,N,N,N
2012-10-05 00:00:00,V,V-7,27154028,20388,8,A,15766,7,FENE00,2490,2012-10-05 12:10:31,2012-10-05 12:10:07,8,10,0,0,3,0,0,0,0,0,0,0,0,0,0,0,0,N,N,N
2012-10-05 00:00:00,V,V-7,27154028,20388,8,A,15766,8,PENT00,2746,2012-10-05 12:11:24,2012-10-05 12:10:45,8,10,0,0,3,0,0,0,0,0,0,0,0,0,0,0,0,N,N,N
2012-10-05 00:00:00,V,V-7,27154028,20388,8,A,15766,9,PYVI00,3013,2012-10-05 12:12:20,2012-10-05 12:11:30,8,10,0,2,1,0,0,0,0,0,1,0,1,0,0,0,0,N,N,N
2012-10-05 00:00:00,V,V-7,27154028,20388,8,A,15766,10,PYMA00,3399,2012-10-05 12:13:19,2012-10-05 12:12:22,8,10,0,0,1,0,0,0,0,0,0,0,0,0,0,0,0,N,N,N
2012-10-05 00:00:00,V,V-7,27154028,20388,8,A,15766,11,CBPL00,3980,2012-10-05 12:14:49,2012-10-05 12:13:25,8,10,0,0,1,0,0,0,0,0,0,0,0,0,0,0,0,N,N,N
2012-10-05 00:00:00,V,V-7,27154028,20388,8,A,15766,12,CBFO00,4174,2012-10-05 12:15:20,2012-10-05 12:14:01,8,10,0,0,1,0,0,0,0,0,0,0,0,0,0,0,0,N,N,N
2012-10-05 00:00:00,V,V-7,27154028,20388,8,A,15766,13,CARO00,4499,2012-10-05 12:16:02,2012-10-05 12:14:48,8,10,1,0,2,1,0,0,0,0,0,0,0,0,0,0,0,N,N,N
2012-10-05 00:00:00,V,V-7,27154028,20388,8,A,15766,14,FTAI00,4821,2012-10-05 12:16:45,2012-10-05 12:15:51,8,10,0,1,1,0,0,0,0,0,1,0,0,0,0,0,0,N,N,N
2012-10-05 00:00:00,V,V-7,27154028,20388,8,A,15766,15,MACH00,5174,2012-10-05 12:17:31,2012-10-05 12:16:32,8,10,0,0,1,0,0,0,0,0,0,0,0,0,0,0,0,N,N,N
2012-10-05 00:00:00,V,V-7,27154028,20388,8,A,15766,16,NANT00,5544,2012-10-05 12:18:20,2012-10-05 12:17:28,8,10,0,0,1,0,0,0,0,0,0,0,0,0,0,0,0,N,N,N
2012-10-05 00:00:00,V,V-7,27154028,20388,8,A,15766,17,CLYS00,5950,2012-10-05 12:19:13,2012-10-05 12:18:07,8,10,0,0,1,0,0,0,0,0,0,0,0,0,0,0,0,N,N,N
2012-10-05 00:00:00,V,V-7,27154028,20388,8,A,15766,18,COLO00,6609,2012-10-05 12:20:40,2012-10-05 12:18:53,8,10,0,0,1,0,0,0,0,0,0,0,0,0,0,0,0,N,N,N
2012-10-05 00:00:00,V,V-7,27154028,20388,8,A,15766,19,CHTS00,6962,2012-10-05 12:21:25,2012-10-05 12:19:31,8,10,0,0,1,0,0,0,0,0,0,0,0,0,0,0,0,N,N,N
2012-10-05 00:00:00,V,V-7,27154028,20388,8,A,15766,20,VVRA00,7358,2012-10-05 12:22:16,2012-10-05 12:20:12,8,10,0,0,1,0,0,0,0,0,0,0,0,0,0,0,0,N,N,N
2012-10-05 00:00:00,V,V-7,27154028,20388,8,A,15766,21,VXVV00,7897,2012-10-05 12:23:26,2012-10-05 12:21:32,8,10,0,1,0,0,0,0,0,0,1,0,0,0,0,0,0,N,N,N
2012-10-05 00:00:00,V,V-7,27154028,20388,8,A,15766,22,CNAE00,8277,2012-10-05 12:24:15,2012-10-05 12:22:29,8,10,0,0,0,0,0,0,0,0,0,0,0,0,0,0,0,N,N,N
2012-10-05 00:00:00,V,V-7,27154028,20388,8,A,15766,23,GEBE00,8620,2012-10-05 12:25:00,2012-10-05 12:23:14,8,10,0,0,0,0,0,0,0,0,0,0,0,0,0,0,0,N,N,N
2012-10-05 00:00:00,V,V-7,27154028,20388,8,A,15766,24,SAGY00,9131,2012-10-05 12:26:15,2012-10-05 12:24:22,8,10,0,0,0,0,0,0,0,0,0,0,0,0,0,0,0,N,N,N
2012-10-05 00:00:00,V,V-7,27154028,20388,8,A,15766,25,GTVI00,9834,2012-10-05 12:28:00,2012-10-05 12:26:16,8,10,0,0,0,0,0,0,0,0,0,0,0,0,0,0,0,N,N,N
2012-10-05 00:00:00,V,V-7,27154028,20388,8,A,15766,26,PRLA00,10324,2012-10-05 12:29:21,2012-10-05 12:27:24,8,10,0,0,0,0,0,0,0,0,0,0,0,0,0,0,0,N,N,N
2012-10-05 00:00:00,V,V-7,27154028,20388,8,A,15766,27,MLGN00,10555,2012-10-05 12:29:59,2012-10-05 12:27:51,8,10,0,0,0,0,0,0,0,0,0,0,0,0,0,0,0,N,N,N
2012-10-05 00:00:00,V,V-7,27154028,20388,8,A,15766,28,FAYA00,11161,2012-10-05 12:31:39,2012-10-05 12:30:53,8,10,1,0,1,0,0,0,0,0,0,1,0,0,0,0,0,N,N,N
2012-10-05 00:00:00,V,V-7,27154028,20388,8,A,15766,29,ENVE00,11524,2012-10-05 12:32:40,2012-10-05 12:32:11,8,10,0,1,0,0,0,0,0,0,1,0,0,0,0,0,0,N,N,N
2012-10-05 00:00:00,V,V-7,27154028,20388,8,A,15766,30,VXBO00,11856,2012-10-05 12:33:55,2012-10-05 12:33:14,8,10,0,0,0,0,0,0,0,0,0,0,0,0,0,0,0,N,N,N
2012-10-05 00:00:00,V,V-7,27154028,20388,8,A,15766,31,VXGA00,12320,2012-10-05 12:35:40,2012-10-05 12:35:01,8,10,1,0,1,0,0,0,0,1,0,0,0,0,0,0,0,N,N,N
2012-10-05 00:00:00,V,V-7,27154028,20388,8,A,15766,32,ALCH00,12782,2012-10-05 12:36:57,2012-10-05 12:35:50,8,10,0,0,1,0,0,0,0,0,0,0,0,0,0,0,0,N,N,N
2012-10-05 00:00:00,V,V-7,27154028,20388,8,A,15766,33,AMAR00,13135,2012-10-05 12:37:56,2012-10-05 12:36:34,8,10,0,0,1,0,0,0,0,0,0,0,0,0,0,0,0,N,N,N
2012-10-05 00:00:00,V,V-7,27154028,20388,8,A,15766,34,PCEA00,13575,2012-10-05 12:39:10,2012-10-05 12:37:31,8,10,0,0,1,0,0,0,0,0,0,0,0,0,0,0,0,N,N,N
2012-10-05 00:00:00,V,V-7,27154028,20388,8,A,15766,35,POCH00,14010,2012-10-05 12:40:22,2012-10-05 12:38:25,8,10,0,0,1,0,0,0,0,0,0,0,0,0,0,0,0,N,N,N
2012-10-05 00:00:00,V,V-7,27154028,20388,8,A,15766,36,MTFL00,14409,2012-10-05 12:41:29,2012-10-05 12:40:09,8,10,0,1,0,0,0,0,0,0,1,0,0,0,0,0,0,N,N,N
2012-10-05 00:00:00,V,V-7,27154028,20388,8,A,15766,37,ECOG00,15187,2012-10-05 12:43:40,2012-10-05 12:41:52,8,10,0,0,0,0,0,0,0,0,0,0,0,0,0,0,0,N,N,N
2012-10-05 00:00:00,V,V-7,27154028,20388,8,A,15766,38,CSLB01,15766,2012-10-05 12:44:40,2012-10-05 12:42:50,8,10,0,2,0,0,1,0,0,0,0,0,1,0,0,0,0,N,N,N
2012-10-05 00:00:00,V,V-7,27154029,20388,9,R,15484,1,CSLB01,0,2012-10-05 12:55:00,2012-10-05 12:54:56,46,69,0,0,0,0,0,0,0,0,0,0,0,0,0,0,0,N,N,N
2012-10-05 00:00:00,V,V-7,27154029,20388,9,R,15484,2,ECOG01,698,2012-10-05 12:57:00,2012-10-05 12:56:48,46,69,0,0,0,0,0,0,0,0,0,0,0,0,0,0,0,N,N,N
2012-10-05 00:00:00,V,V-7,27154029,20388,9,R,15484,3,MTFL01,1506,2012-10-05 12:59:27,2012-10-05 12:59:03,46,69,7,8,0,0,8,0,0,7,0,0,0,0,0,0,0,N,N,N
2012-10-05 00:00:00,V,V-7,27154029,20388,9,R,15484,4,POCH01,1821,2012-10-05 13:00:25,2012-10-05 13:00:05,46,69,1,0,1,0,0,0,0,1,0,0,0,0,0,0,0,N,N,N
2012-10-05 00:00:00,V,V-7,27154029,20388,9,R,15484,5,PCEA01,2338,2012-10-05 13:02:00,2012-10-05 13:02:09,46,69,2,7,0,0,5,0,0,2,2,0,0,0,0,0,0,N,N,N
2012-10-05 00:00:00,V,V-7,27154029,20388,9,R,15484,6,AMAR01,2762,2012-10-05 13:03:17,2012-10-05 13:03:33,46,69,4,1,3,1,1,0,0,2,0,1,0,0,0,0,0,N,N,N
2012-10-05 00:00:00,V,V-7,27154029,20388,9,R,15484,7,ALCH01,3092,2012-10-05 13:04:18,2012-10-05 13:04:34,46,69,0,4,0,0,3,0,0,0,0,0,1,0,0,0,0,N,N,N
2012-10-05 00:00:00,V,V-7,27154029,20388,9,R,15484,8,VXGA01,3540,2012-10-05 13:05:40,2012-10-05 13:05:56,46,69,9,20,0,8,0,0,0,1,20,0,0,0,0,0,0,N,N,N
2012-10-05 00:00:00,V,V-7,27154029,20388,9,R,15484,9,VXBO01,3959,2012-10-05 13:07:07,2012-10-05 13:07:27,46,69,0,2,0,0,0,0,0,0,2,0,0,0,0,0,0,N,N,N
2012-10-05 00:00:00,V,V-7,27154029,20388,9,R,15484,10,ENVE01,4406,2012-10-05 13:08:40,2012-10-05 13:08:45,46,69,0,0,0,0,0,0,0,0,0,0,0,0,0,0,0,N,N,N
2012-10-05 00:00:00,V,V-7,27154029,20388,9,R,15484,11,FAYA01,4683,2012-10-05 13:09:24,2012-10-05 13:10:10,46,69,1,1,0,0,1,0,0,0,0,1,0,0,0,0,0,N,N,N
2012-10-05 00:00:00,V,V-7,27154029,20388,9,R,15484,12,MLGN01,5220,2012-10-05 13:10:51,2012-10-05 13:11:21,46,69,0,0,0,0,0,0,0,0,0,0,0,0,0,0,0,N,N,N
2012-10-05 00:00:00,V,V-7,27154029,20388,9,R,15484,13,PRLA01,5556,2012-10-05 13:11:45,2012-10-05 13:12:04,46,69,0,0,0,0,0,0,0,0,0,0,0,0,0,0,0,N,N,N
2012-10-05 00:00:00,V,V-7,27154029,20388,9,R,15484,14,GTVI01,6020,2012-10-05 13:13:00,2012-10-05 13:13:29,46,69,1,0,1,1,0,0,0,0,0,0,0,0,0,0,0,N,N,N
2012-10-05 00:00:00,V,V-7,27154029,20388,9,R,15484,15,SAGY01,6738,2012-10-05 13:14:43,2012-10-05 13:15:13,46,69,0,0,1,0,0,0,0,0,0,0,0,0,0,0,0,N,N,N
2012-10-05 00:00:00,V,V-7,27154029,20388,9,R,15484,16,GEBE01,7265,2012-10-05 13:16:00,2012-10-05 13:16:18,46,69,3,0,4,0,0,0,0,3,0,0,0,0,0,0,0,N,N,N
2012-10-05 00:00:00,V,V-7,27154029,20388,9,R,15484,17,CNAE01,7573,2012-10-05 13:16:44,2012-10-05 13:17:13,46,69,0,1,3,0,0,0,0,0,1,0,0,0,0,0,0,N,N,N
2012-10-05 00:00:00,V,V-7,27154029,20388,9,R,15484,18,VXVV01,7895,2012-10-05 13:17:30,2012-10-05 13:18:03,46,69,1,3,1,1,0,0,0,0,3,0,0,0,0,0,0,N,N,N
2012-10-05 00:00:00,V,V-7,27154029,20388,9,R,15484,19,VVRA01,8414,2012-10-05 13:18:45,2012-10-05 13:19:07,46,69,0,0,1,0,0,0,0,0,0,0,0,0,0,0,0,N,N,N
2012-10-05 00:00:00,V,V-7,27154029,20388,9,R,15484,20,CHTS01,8918,2012-10-05 13:19:57,2012-10-05 13:20:02,46,69,0,0,1,0,0,0,0,0,0,0,0,0,0,0,0,N,N,N
2012-10-05 00:00:00,V,V-7,27154029,20388,9,R,15484,21,COLO02,9214,2012-10-05 13:20:40,2012-10-05 13:20:45,46,69,0,0,1,0,0,0,0,0,0,0,0,0,0,0,0,N,N,N
2012-10-05 00:00:00,V,V-7,27154029,20388,9,R,15484,22,CLYS01,9810,2012-10-05 13:22:02,2012-10-05 13:21:32,46,69,0,0,1,0,0,0,0,0,0,0,0,0,0,0,0,N,N,N
2012-10-05 00:00:00,V,V-7,27154029,20388,9,R,15484,23,NANT01,10267,2012-10-05 13:23:06,2012-10-05 13:23:00,46,69,5,0,6,0,0,0,0,3,0,2,0,0,0,0,0,N,N,N
2012-10-05 00:00:00,V,V-7,27154029,20388,9,R,15484,24,MACH01,10665,2012-10-05 13:24:01,2012-10-05 13:24:17,46,69,1,0,7,0,0,0,0,1,0,0,0,0,0,0,0,N,N,N
2012-10-05 00:00:00,V,V-7,27154029,20388,9,R,15484,25,FTAI01,11049,2012-10-05 13:24:54,2012-10-05 13:25:11,46,69,3,0,10,2,0,0,0,1,0,0,0,0,0,0,0,N,N,N
2012-10-05 00:00:00,V,V-7,27154029,20388,9,R,15484,26,CARO01,11343,2012-10-05 13:25:35,2012-10-05 13:26:06,46,69,1,0,11,0,0,0,0,1,0,0,0,0,0,0,0,N,N,N
2012-10-05 00:00:00,V,V-7,27154029,20388,9,R,15484,27,CBFO01,11661,2012-10-05 13:26:20,2012-10-05 13:27:08,46,69,4,1,14,0,1,0,0,4,0,0,0,0,0,0,0,N,N,N
2012-10-05 00:00:00,V,V-7,27154029,20388,9,R,15484,28,CBPL01,11841,2012-10-05 13:26:45,2012-10-05 13:27:52,46,69,1,0,15,0,0,0,0,1,0,0,0,0,0,0,0,N,N,N
2012-10-05 00:00:00,V,V-7,27154029,20388,9,R,15484,29,PYMA01,12452,2012-10-05 13:28:13,2012-10-05 13:29:06,46,69,0,0,15,0,0,0,0,0,0,0,0,0,0,0,0,N,N,N
2012-10-05 00:00:00,V,V-7,27154029,20388,9,R,15484,30,PYVI01,12779,2012-10-05 13:29:00,2012-10-05 13:29:47,46,69,0,0,15,0,0,0,0,0,0,0,0,0,0,0,0,N,N,N
2012-10-05 00:00:00,V,V-7,27154029,20388,9,R,15484,31,PENT01,13059,2012-10-05 13:29:47,2012-10-05 13:30:39,46,69,0,0,15,0,0,0,0,0,0,0,0,0,0,0,0,N,N,N
2012-10-05 00:00:00,V,V-7,27154029,20388,9,R,15484,32,FENE01,13329,2012-10-05 13:30:33,2012-10-05 13:31:30,46,69,0,0,15,0,0,0,0,0,0,0,0,0,0,0,0,N,N,N
2012-10-05 00:00:00,V,V-7,27154029,20388,9,R,15484,33,APIA03,13700,2012-10-05 13:31:37,2012-10-05 13:32:28,46,69,0,6,9,0,6,0,0,0,0,0,0,0,0,0,0,N,N,N
2012-10-05 00:00:00,V,V-7,27154029,20388,9,R,15484,34,NATI14,14301,2012-10-05 13:33:20,2012-10-05 13:34:09,46,69,1,7,3,1,0,0,0,0,3,0,4,0,0,0,0,N,N,N
2012-10-05 00:00:00,V,V-7,27154029,20388,9,R,15484,35,VRBE02,14500,2012-10-05 13:34:03,2012-10-05 13:34:55,46,69,0,0,3,0,0,0,0,0,0,0,0,0,0,0,0,N,N,N
2012-10-05 00:00:00,V,V-7,27154029,20388,9,R,15484,36,VLAI01,15000,2012-10-05 13:35:53,2012-10-05 13:35:57,46,69,1,0,4,1,0,0,0,0,0,0,0,0,0,0,0,N,N,N
2012-10-05 00:00:00,V,V-7,27154029,20388,9,R,15484,37,CVIN22,15484,2012-10-05 13:37:40,2012-10-05 13:37:05,46,69,0,8,0,0,2,0,0,0,4,0,2,0,0,0,0,N,N,N
2012-10-05 00:00:00,Z,V-7,27154030,20388,4,A,10163,1,CVIN22,0,2012-10-05 13:45:00,2012-10-05 13:45:02,12,14,1,0,1,0,0,0,0,1,0,0,0,0,0,0,0,N,Y,Y
2012-10-05 00:00:00,Z,V-7,27154030,20388,4,A,10163,2,POST00,451,2012-10-05 13:47:09,2012-10-05 13:47:35,12,14,1,0,2,0,0,0,0,0,0,1,0,0,0,0,0,N,N,N
2012-10-05 00:00:00,Z,V-7,27154030,20388,4,A,10163,3,VLAI00,832,2012-10-05 13:48:58,2012-10-05 13:49:09,12,14,0,0,2,0,0,0,0,0,0,0,0,0,0,0,0,N,N,N
2012-10-05 00:00:00,Z,V-7,27154030,20388,4,A,10163,4,VRBE01,1280,2012-10-05 13:51:06,2012-10-05 13:50:11,12,14,0,2,0,0,1,0,0,0,1,0,0,0,0,0,0,N,N,N
2012-10-05 00:00:00,Z,V-7,27154030,20388,4,A,10163,5,NATI15,1465,2012-10-05 13:52:00,2012-10-05 13:53:47,12,14,6,0,6,0,0,0,0,2,0,4,0,0,0,0,0,N,N,N
2012-10-05 00:00:00,Z,V-7,27154030,20388,4,A,10163,6,APIA02,2123,2012-10-05 13:54:07,2012-10-05 13:56:13,12,14,0,1,5,0,0,0,0,0,1,0,0,0,0,0,0,N,N,N
2012-10-05 00:00:00,Z,V-7,27154030,20388,4,A,10163,7,FENE00,2490,2012-10-05 13:55:18,2012-10-05 13:56:59,12,14,0,0,5,0,0,0,0,0,0,0,0,0,0,0,0,N,N,N
2012-10-05 00:00:00,Z,V-7,27154030,20388,4,A,10163,8,PENT00,2746,2012-10-05 13:56:08,2012-10-05 13:57:37,12,14,0,0,5,0,0,0,0,0,0,0,0,0,0,0,0,N,N,N
2012-10-05 00:00:00,Z,V-7,27154030,20388,4,A,10163,9,PYVI00,3013,2012-10-05 13:57:00,2012-10-05 13:58:24,12,14,0,0,5,0,0,0,0,0,0,0,0,0,0,0,0,N,N,N
2012-10-05 00:00:00,Z,V-7,27154030,20388,4,A,10163,10,PYMA00,3399,2012-10-05 13:57:59,2012-10-05 13:59:19,12,14,0,0,5,0,0,0,0,0,0,0,0,0,0,0,0,N,N,N
2012-10-05 00:00:00,Z,V-7,27154030,20388,4,A,10163,11,CBPL00,3980,2012-10-05 13:59:29,2012-10-05 14:00:26,12,14,0,0,5,0,0,0,0,0,0,0,0,0,0,0,0,N,N,N
2012-10-05 00:00:00,Z,V-7,27154030,20388,4,A,10163,12,CBFO00,4174,2012-10-05 14:00:00,2012-10-05 14:01:08,12,14,0,1,4,0,1,0,0,0,0,0,0,0,0,0,0,N,N,N
2012-10-05 00:00:00,Z,V-7,27154030,20388,4,A,10163,13,CARO00,4499,2012-10-05 14:00:40,2012-10-05 14:02:01,12,14,0,2,2,0,0,0,0,0,1,0,1,0,0,0,0,N,N,N
2012-10-05 00:00:00,Z,V-7,27154030,20388,4,A,10163,14,FTAI00,4821,2012-10-05 14:01:19,2012-10-05 14:02:44,12,14,0,0,2,0,0,0,0,0,0,0,0,0,0,0,0,N,N,N
2012-10-05 00:00:00,Z,V-7,27154030,20388,4,A,10163,15,MACH00,5174,2012-10-05 14:02:03,2012-10-05 14:03:44,12,14,1,1,2,0,0,0,0,1,1,0,0,0,0,0,0,N,N,N
2012-10-05 00:00:00,Z,V-7,27154030,20388,4,A,10163,16,NANT00,5544,2012-10-05 14:02:48,2012-10-05 14:04:35,12,14,0,0,2,0,0,0,0,0,0,0,0,0,0,0,0,N,N,N
2012-10-05 00:00:00,Z,V-7,27154030,20388,4,A,10163,17,CLYS00,5950,2012-10-05 14:03:38,2012-10-05 14:05:12,12,14,0,0,2,0,0,0,0,0,0,0,0,0,0,0,0,N,N,N
2012-10-05 00:00:00,Z,V-7,27154030,20388,4,A,10163,18,COLO00,6609,2012-10-05 14:05:00,2012-10-05 14:06:13,12,14,0,3,0,0,0,0,0,0,1,0,2,0,0,0,0,N,N,N
2012-10-05 00:00:00,Z,V-7,27154030,20388,4,A,10163,19,PLNT00,7006,2012-10-05 14:05:53,2012-10-05 14:07:00,12,14,0,0,0,0,0,0,0,0,0,0,0,0,0,0,0,N,N,N
2012-10-05 00:00:00,Z,V-7,27154030,20388,4,A,10163,20,VRLP00,7677,2012-10-05 14:07:23,2012-10-05 14:08:25,12,14,0,1,0,0,0,0,0,0,0,0,1,0,0,0,0,N,N,N
2012-10-05 00:00:00,Z,V-7,27154030,20388,4,A,10163,21,PREL00,8090,2012-10-05 14:08:19,2012-10-05 14:09:16,12,14,1,0,1,1,0,0,0,0,0,0,0,0,0,0,0,N,N,N
2012-10-05 00:00:00,Z,V-7,27154030,20388,4,A,10163,22,CXCE00,8540,2012-10-05 14:09:20,2012-10-05 14:10:35,12,14,1,0,2,1,0,0,0,0,0,0,0,0,0,0,0,N,N,N
2012-10-05 00:00:00,Z,V-7,27154030,20388,4,A,10163,23,CXEC00,8927,2012-10-05 14:10:02,2012-10-05 14:11:51,12,14,1,0,3,0,0,0,0,1,0,0,0,0,0,0,0,N,N,N
2012-10-05 00:00:00,Z,V-7,27154030,20388,4,A,10163,24,SCHA00,9220,2012-10-05 14:10:35,2012-10-05 14:12:21,12,14,0,0,3,0,0,0,0,0,0,0,0,0,0,0,0,N,N,N
2012-10-05 00:00:00,Z,V-7,27154030,20388,4,A,10163,25,BOSY00,10163,2012-10-05 14:12:20,2012-10-05 14:13:41,12,14,0,3,0,0,1,0,0,0,0,0,2,0,0,0,0,N,N,N
2012-10-05 00:00:00,Z,V-7,27154031,20388,9,R,9722,1,BOSY00,0,2012-10-05 14:25:00,2012-10-05 14:25:07,11,13,3,0,3,1,0,0,0,1,0,1,0,0,0,0,0,N,N,N
2012-10-05 00:00:00,Z,V-7,27154031,20388,9,R,9722,2,SCHA01,860,2012-10-05 14:26:54,2012-10-05 14:26:26,11,13,0,0,3,0,0,0,0,0,0,0,0,0,0,0,0,N,N,N
2012-10-05 00:00:00,Z,V-7,27154031,20388,9,R,9722,3,CXEC01,1133,2012-10-05 14:27:31,2012-10-05 14:27:04,11,13,0,1,2,0,1,0,0,0,0,0,0,0,0,0,0,N,N,N
2012-10-05 00:00:00,Z,V-7,27154031,20388,9,R,9722,4,CXCE01,1496,2012-10-05 14:28:20,2012-10-05 14:28:11,11,13,0,0,2,0,0,0,0,0,0,0,0,0,0,0,0,N,N,N
2012-10-05 00:00:00,Z,V-7,27154031,20388,9,R,9722,5,PREL01,1854,2012-10-05 14:29:08,2012-10-05 14:28:59,11,13,0,0,2,0,0,0,0,0,0,0,0,0,0,0,0,N,N,N
2012-10-05 00:00:00,Z,V-7,27154031,20388,9,R,9722,6,VRLP01,2356,,2012-10-05 14:30:02,11,13,0,0,2,0,0,0,0,0,0,0,0,0,0,0,0,N,Y,Y
2012-10-05 00:00:00,Z,V-7,27154031,20388,9,R,9722,7,PLNT01,3044,2012-10-05 14:31:49,2012-10-05 14:31:01,11,13,0,0,2,0,0,0,0,0,0,0,0,0,0,0,0,N,N,N
2012-10-05 00:00:00,Z,V-7,27154031,20388,9,R,9722,8,COLO01,3415,2012-10-05 14:32:40,2012-10-05 14:32:07,11,13,0,0,2,0,0,0,0,0,0,0,0,0,0,0,0,N,N,N
2012-10-05 00:00:00,Z,V-7,27154031,20388,9,R,9722,9,CLYS01,4048,2012-10-05 14:34:16,2012-10-05 14:33:08,11,13,0,0,2,0,0,0,0,0,0,0,0,0,0,0,0,N,N,N
2012-10-05 00:00:00,Z,V-7,27154031,20388,9,R,9722,10,NANT01,4505,2012-10-05 14:35:26,2012-10-05 14:34:11,11,13,1,0,3,0,0,0,0,1,0,0,0,0,0,0,0,N,N,N
2012-10-05 00:00:00,Z,V-7,27154031,20388,9,R,9722,11,MACH01,4903,2012-10-05 14:36:27,2012-10-05 14:35:22,11,13,0,1,2,0,0,0,0,0,0,0,1,0,0,0,0,N,N,N
2012-10-05 00:00:00,Z,V-7,27154031,20388,9,R,9722,12,FTAI01,5287,2012-10-05 14:37:26,2012-10-05 14:36:24,11,13,1,0,3,0,0,0,0,0,0,1,0,0,0,0,0,N,N,N
2012-10-05 00:00:00,Z,V-7,27154031,20388,9,R,9722,13,CARO01,5581,2012-10-05 14:38:11,2012-10-05 14:37:27,11,13,1,0,4,0,0,0,0,1,0,0,0,0,0,0,0,N,N,N
2012-10-05 00:00:00,Z,V-7,27154031,20388,9,R,9722,14,CBFO01,5899,2012-10-05 14:39:00,2012-10-05 14:38:20,11,13,1,0,5,0,0,0,0,1,0,0,0,0,0,0,0,N,N,N
2012-10-05 00:00:00,Z,V-7,27154031,20388,9,R,9722,15,CBPL01,6079,2012-10-05 14:39:25,2012-10-05 14:39:03,11,13,0,0,5,0,0,0,0,0,0,0,0,0,0,0,0,N,N,N
2012-10-05 00:00:00,Z,V-7,27154031,20388,9,R,9722,16,PYMA01,6690,2012-10-05 14:40:53,2012-10-05 14:40:04,11,13,0,0,5,0,0,0,0,0,0,0,0,0,0,0,0,N,N,N
2012-10-05 00:00:00,Z,V-7,27154031,20388,9,R,9722,17,PYVI01,7017,2012-10-05 14:41:40,2012-10-05 14:40:47,11,13,0,0,5,0,0,0,0,0,0,0,0,0,0,0,0,N,N,N
2012-10-05 00:00:00,Z,V-7,27154031,20388,9,R,9722,18,PENT01,7297,2012-10-05 14:42:27,2012-10-05 14:41:37,11,13,2,0,7,0,0,0,0,0,0,2,0,0,0,0,0,N,N,N
2012-10-05 00:00:00,Z,V-7,27154031,20388,9,R,9722,19,FENE01,7567,2012-10-05 14:43:13,2012-10-05 14:42:12,11,13,0,0,7,0,0,0,0,0,0,0,0,0,0,0,0,N,N,N
2012-10-05 00:00:00,Z,V-7,27154031,20388,9,R,9722,20,APIA03,7938,2012-10-05 14:44:17,2012-10-05 14:42:59,11,13,0,0,7,0,0,0,0,0,0,0,0,0,0,0,0,N,N,N
2012-10-05 00:00:00,Z,V-7,27154031,20388,9,R,9722,21,NATI14,8539,2012-10-05 14:46:00,2012-10-05 14:45:12,11,13,2,4,5,2,0,0,0,0,4,0,0,0,0,0,0,N,N,N
2012-10-05 00:00:00,Z,V-7,27154031,20388,9,R,9722,22,VRBE02,8738,2012-10-05 14:46:43,2012-10-05 14:45:51,11,13,0,0,5,0,0,0,0,0,0,0,0,0,0,0,0,N,N,N
2012-10-05 00:00:00,Z,V-7,27154031,20388,9,R,9722,23,VLAI01,9238,2012-10-05 14:48:33,2012-10-05 14:46:44,11,13,0,0,5,0,0,0,0,0,0,0,0,0,0,0,0,N,N,N
2012-10-05 00:00:00,Z,V-7,27154031,20388,9,R,9722,24,CVIN22,9722,2012-10-05 14:50:20,2012-10-05 14:49:51,11,13,0,7,0,0,3,0,0,0,0,0,4,0,0,0,0,N,N,N
2012-10-05 00:00:00,V,V-7,27154032,20388,8,A,15766,1,CVIN22,0,2012-10-05 15:00:00,2012-10-05 15:00:53,28,31,8,0,8,4,0,0,0,4,0,0,0,0,0,0,0,N,N,N
2012-10-05 00:00:00,V,V-7,27154032,20388,8,A,15766,2,POST00,451,2012-10-05 15:02:09,2012-10-05 15:03:55,28,31,6,0,14,0,0,0,0,6,0,0,0,0,0,0,0,N,N,N
2012-10-05 00:00:00,V,V-7,27154032,20388,8,A,15766,3,VLAI00,832,2012-10-05 15:03:58,2012-10-05 15:05:08,28,31,0,0,14,0,0,0,0,0,0,0,0,0,0,0,0,N,N,N
2012-10-05 00:00:00,V,V-7,27154032,20388,8,A,15766,4,VRBE01,1280,2012-10-05 15:06:06,2012-10-05 15:06:26,28,31,0,2,12,0,1,0,0,0,1,0,0,0,0,0,0,N,N,N
2012-10-05 00:00:00,V,V-7,27154032,20388,8,A,15766,5,NATI15,1465,2012-10-05 15:07:00,2012-10-05 15:08:41,28,31,2,4,10,0,4,0,0,2,0,0,0,0,0,0,0,N,N,N
2012-10-05 00:00:00,V,V-7,27154032,20388,8,A,15766,6,APIA02,2123,2012-10-05 15:09:24,2012-10-05 15:12:01,28,31,0,0,10,0,0,0,0,0,0,0,0,0,0,0,0,N,N,N
2012-10-05 00:00:00,V,V-7,27154032,20388,8,A,15766,7,FENE00,2490,2012-10-05 15:10:45,2012-10-05 15:13:06,28,31,0,0,10,0,0,0,0,0,0,0,0,0,0,0,0,N,N,N
2012-10-05 00:00:00,V,V-7,27154032,20388,8,A,15766,8,PENT00,2746,2012-10-05 15:11:41,2012-10-05 15:14:01,28,31,0,0,10,0,0,0,0,0,0,0,0,0,0,0,0,N,N,N
2012-10-05 00:00:00,V,V-7,27154032,20388,8,A,15766,9,PYVI00,3013,2012-10-05 15:12:40,2012-10-05 15:14:48,28,31,0,2,8,0,0,0,0,0,2,0,0,0,0,0,0,N,N,N
2012-10-05 00:00:00,V,V-7,27154032,20388,8,A,15766,10,PYMA00,3399,2012-10-05 15:13:39,2012-10-05 15:15:40,28,31,0,0,8,0,0,0,0,0,0,0,0,0,0,0,0,N,N,N
2012-10-05 00:00:00,V,V-7,27154032,20388,8,A,15766,11,CBPL00,3980,2012-10-05 15:15:09,2012-10-05 15:16:51,28,31,0,0,8,0,0,0,0,0,0,0,0,0,0,0,0,N,N,N
2012-10-05 00:00:00,V,V-7,27154032,20388,8,A,15766,12,CBFO00,4174,2012-10-05 15:15:40,2012-10-05 15:17:34,28,31,0,8,0,0,0,0,0,0,2,0,6,0,0,0,0,N,N,N
2012-10-05 00:00:00,V,V-7,27154032,20388,8,A,15766,13,CARO00,4499,2012-10-05 15:16:22,2012-10-05 15:18:33,28,31,1,4,0,0,0,0,0,1,1,0,3,0,0,0,0,N,N,N
2012-10-05 00:00:00,V,V-7,27154032,20388,8,A,15766,14,FTAI00,4821,2012-10-05 15:17:05,2012-10-05 15:19:16,28,31,0,0,0,0,0,0,0,0,0,0,0,0,0,0,0,N,N,N
2012-10-05 00:00:00,V,V-7,27154032,20388,8,A,15766,15,MACH00,5174,2012-10-05 15:17:51,2012-10-05 15:19:53,28,31,0,0,0,0,0,0,0,0,0,0,0,0,0,0,0,N,N,N
2012-10-05 00:00:00,V,V-7,27154032,20388,8,A,15766,16,NANT00,5544,2012-10-05 15:18:40,2012-10-05 15:20:47,28,31,1,1,0,1,0,0,0,0,0,0,1,0,0,0,0,N,N,N
2012-10-05 00:00:00,V,V-7,27154032,20388,8,A,15766,17,CLYS00,5950,2012-10-05 15:19:33,2012-10-05 15:21:39,28,31,0,0,0,0,0,0,0,0,0,0,0,0,0,0,0,N,N,N
2012-10-05 00:00:00,V,V-7,27154032,20388,8,A,15766,18,COLO00,6609,2012-10-05 15:21:00,2012-10-05 15:22:32,28,31,0,0,0,0,0,0,0,0,0,0,0,0,0,0,0,N,N,N
2012-10-05 00:00:00,V,V-7,27154032,20388,8,A,15766,19,CHTS00,6962,2012-10-05 15:21:49,2012-10-05 15:23:26,28,31,0,0,0,0,0,0,0,0,0,0,0,0,0,0,0,N,N,N
2012-10-05 00:00:00,V,V-7,27154032,20388,8,A,15766,20,VVRA00,7358,2012-10-05 15:22:44,2012-10-05 15:24:25,28,31,0,0,0,0,0,0,0,0,0,0,0,0,0,0,0,N,N,N
2012-10-05 00:00:00,V,V-7,27154032,20388,8,A,15766,21,VXVV00,7897,2012-10-05 15:23:59,2012-10-05 15:25:48,28,31,1,0,1,1,0,0,0,0,0,0,0,0,0,0,0,N,N,N
2012-10-05 00:00:00,V,V-7,27154032,20388,8,A,15766,22,CNAE00,8277,2012-10-05 15:24:52,2012-10-05 15:26:34,28,31,0,0,1,0,0,0,0,0,0,0,0,0,0,0,0,N,N,N
2012-10-05 00:00:00,V,V-7,27154032,20388,8,A,15766,23,GEBE00,8620,2012-10-05 15:25:40,2012-10-05 15:27:27,28,31,1,0,2,0,0,0,0,0,0,1,0,0,0,0,0,N,N,N
2012-10-05 00:00:00,V,V-7,27154032,20388,8,A,15766,24,SAGY00,9131,2012-10-05 15:26:55,2012-10-05 15:28:10,28,31,0,0,2,0,0,0,0,0,0,0,0,0,0,0,0,N,N,N
2012-10-05 00:00:00,V,V-7,27154032,20388,8,A,15766,25,GTVI00,9834,2012-10-05 15:28:40,2012-10-05 15:30:06,28,31,0,1,1,0,0,0,0,0,1,0,0,0,0,0,0,N,N,N
2012-10-05 00:00:00,V,V-7,27154032,20388,8,A,15766,26,PRLA00,10324,2012-10-05 15:30:01,2012-10-05 15:31:49,28,31,2,1,2,0,0,0,0,2,0,0,1,0,0,0,0,N,N,N
2012-10-05 00:00:00,V,V-7,27154032,20388,8,A,15766,27,MLGN00,10555,2012-10-05 15:30:39,2012-10-05 15:32:31,28,31,0,0,2,0,0,0,0,0,0,0,0,0,0,0,0,N,N,N
2012-10-05 00:00:00,V,V-7,27154032,20388,8,A,15766,28,FAYA00,11161,2012-10-05 15:32:19,2012-10-05 15:34:04,28,31,1,0,3,0,0,0,0,1,0,0,0,0,0,0,0,N,N,N
2012-10-05 00:00:00,V,V-7,27154032,20388,8,A,15766,29,ENVE00,11524,2012-10-05 15:33:20,2012-10-05 15:35:06,28,31,0,0,3,0,0,0,0,0,0,0,0,0,0,0,0,N,N,N
2012-10-05 00:00:00,V,V-7,27154032,20388,8,A,15766,30,VXBO00,11856,2012-10-05 15:34:43,2012-10-05 15:36:21,28,31,3,1,5,0,0,0,0,3,1,0,0,0,0,0,0,N,N,N
2012-10-05 00:00:00,V,V-7,27154032,20388,8,A,15766,31,VXGA00,12320,2012-10-05 15:36:40,2012-10-05 15:38:01,28,31,1,6,0,0,0,0,0,1,4,0,2,0,0,0,0,N,N,N
2012-10-05 00:00:00,V,V-7,27154032,20388,8,A,15766,32,ALCH00,12782,2012-10-05 15:38:10,2012-10-05 15:39:03,28,31,0,0,0,0,0,0,0,0,0,0,0,0,0,0,0,N,N,N
2012-10-05 00:00:00,V,V-7,27154032,20388,8,A,15766,33,AMAR00,13135,2012-10-05 15:39:19,2012-10-05 15:40:15,28,31,0,0,0,0,0,0,0,0,0,0,0,0,0,0,0,N,N,N
2012-10-05 00:00:00,V,V-7,27154032,20388,8,A,15766,34,PCEA00,13575,2012-10-05 15:40:45,2012-10-05 15:41:29,28,31,0,0,0,0,0,0,0,0,0,0,0,0,0,0,0,N,N,N
2012-10-05 00:00:00,V,V-7,27154032,20388,8,A,15766,35,POCH00,14010,2012-10-05 15:42:10,2012-10-05 15:42:25,28,31,0,0,0,0,0,0,0,0,0,0,0,0,0,0,0,N,N,N
2012-10-05 00:00:00,V,V-7,27154032,20388,8,A,15766,36,MTFL00,14409,2012-10-05 15:43:28,2012-10-05 15:43:32,28,31,1,1,0,1,0,0,0,0,1,0,0,0,0,0,0,N,N,N
2012-10-05 00:00:00,V,V-7,27154032,20388,8,A,15766,37,ECOG00,15187,2012-10-05 15:46:00,2012-10-05 15:45:21,28,31,0,0,0,0,0,0,0,0,0,0,0,0,0,0,0,N,N,N
2012-10-05 00:00:00,V,V-7,27154032,20388,8,A,15766,38,CSLB01,15766,2012-10-05 15:47:00,2012-10-05 15:46:23,28,31,0,0,0,0,0,0,0,0,0,0,0,0,0,0,0,N,N,N
2012-10-05 00:00:00,V,V-7,27154033,20388,9,R,15484,1,CSLB01,0,2012-10-05 15:53:00,2012-10-05 15:49:11,97,101,2,0,2,0,0,0,0,2,0,0,0,0,0,0,0,N,N,N
2012-10-05 00:00:00,V,V-7,27154033,20388,9,R,15484,2,ECOG01,698,2012-10-05 15:55:20,2012-10-05 15:56:44,97,101,0,0,2,0,0,0,0,0,0,0,0,0,0,0,0,N,N,N
2012-10-05 00:00:00,V,V-7,27154033,20388,9,R,15484,3,MTFL01,1506,2012-10-05 15:58:04,2012-10-05 15:59:42,97,101,0,1,1,0,1,0,0,0,0,0,0,0,0,0,0,N,N,N
2012-10-05 00:00:00,V,V-7,27154033,20388,9,R,15484,4,POCH01,1821,2012-10-05 15:59:09,2012-10-05 16:00:58,97,101,0,0,1,0,0,0,0,0,0,0,0,0,0,0,0,N,N,N
2012-10-05 00:00:00,V,V-7,27154033,20388,9,R,15484,5,PCEA01,2338,2012-10-05 16:00:54,2012-10-05 16:02:31,97,101,3,1,3,1,1,0,0,2,0,0,0,0,0,0,0,N,N,N
2012-10-05 00:00:00,V,V-7,27154033,20388,9,R,15484,6,AMAR01,2762,2012-10-05 16:02:21,2012-10-05 16:04:45,97,101,6,1,8,0,1,0,0,1,0,5,0,0,0,0,0,N,N,N
2012-10-05 00:00:00,V,V-7,27154033,20388,9,R,15484,7,ALCH01,3092,2012-10-05 16:03:28,2012-10-05 16:05:49,97,101,0,0,8,0,0,0,0,0,0,0,0,0,0,0,0,N,N,N
2012-10-05 00:00:00,V,V-7,27154033,20388,9,R,15484,8,VXGA01,3540,2012-10-05 16:05:00,2012-10-05 16:07:47,97,101,47,13,42,2,10,0,0,26,0,19,3,0,0,0,0,N,N,N
2012-10-05 00:00:00,V,V-7,27154033,20388,9,R,15484,9,VXBO01,3959,2012-10-05 16:06:36,2012-10-05 16:09:49,97,101,2,2,42,0,0,0,0,2,2,0,0,0,0,0,0,N,N,N
2012-10-05 00:00:00,V,V-7,27154033,20388,9,R,15484,10,ENVE01,4406,2012-10-05 16:08:20,2012-10-05 16:11:52,97,101,1,0,43,1,0,0,0,0,0,0,0,0,0,0,0,N,N,N
2012-10-05 00:00:00,V,V-7,27154033,20388,9,R,15484,11,FAYA01,4683,2012-10-05 16:09:14,2012-10-05 16:13:25,97,101,3,25,21,3,0,0,0,0,22,0,3,0,0,0,0,N,N,N
2012-10-05 00:00:00,V,V-7,27154033,20388,9,R,15484,12,MLGN01,5220,2012-10-05 16:11:01,2012-10-05 16:15:24,97,101,0,0,21,0,0,0,0,0,0,0,0,0,0,0,0,N,N,N
2012-10-05 00:00:00,V,V-7,27154033,20388,9,R,15484,13,PRLA01,5556,2012-10-05 16:12:08,2012-10-05 16:16:22,97,101,1,0,22,0,0,0,0,1,0,0,0,0,0,0,0,N,N,N
2012-10-05 00:00:00,V,V-7,27154033,20388,9,R,15484,14,GTVI01,6020,2012-10-05 16:13:40,2012-10-05 16:17:52,97,101,5,4,23,0,0,0,0,5,4,0,0,0,0,0,0,N,N,N
2012-10-05 00:00:00,V,V-7,27154033,20388,9,R,15484,15,SAGY01,6738,2012-10-05 16:15:23,2012-10-05 16:19:58,97,101,0,0,23,0,0,0,0,0,0,0,0,0,0,0,0,N,N,N
2012-10-05 00:00:00,V,V-7,27154033,20388,9,R,15484,16,GEBE01,7265,2012-10-05 16:16:40,2012-10-05 16:21:42,97,101,4,1,26,1,0,0,0,2,0,1,1,0,0,0,0,N,N,N
2012-10-05 00:00:00,V,V-7,27154033,20388,9,R,15484,17,CNAE01,7573,2012-10-05 16:17:27,2012-10-05 16:22:43,97,101,2,4,24,0,0,0,0,1,3,1,1,0,0,0,0,N,N,N
2012-10-05 00:00:00,V,V-7,27154033,20388,9,R,15484,18,VXVV01,7895,2012-10-05 16:18:16,2012-10-05 16:23:40,97,101,2,2,24,0,0,0,0,2,2,0,0,0,0,0,0,N,N,N
2012-10-05 00:00:00,V,V-7,27154033,20388,9,R,15484,19,VVRA01,8414,2012-10-05 16:19:36,2012-10-05 16:25:38,97,101,4,3,25,4,0,0,0,0,3,0,0,0,0,0,0,N,N,N
2012-10-05 00:00:00,V,V-7,27154033,20388,9,R,15484,20,CHTS01,8918,2012-10-05 16:20:54,2012-10-05 16:26:34,97,101,0,0,25,0,0,0,0,0,0,0,0,0,0,0,0,N,N,N
2012-10-05 00:00:00,V,V-7,27154033,20388,9,R,15484,21,COLO02,9214,2012-10-05 16:21:40,2012-10-05 16:27:12,97,101,0,1,24,0,0,0,0,0,1,0,0,0,0,0,0,N,N,N
2012-10-05 00:00:00,V,V-7,27154033,20388,9,R,15484,22,CLYS01,9810,2012-10-05 16:23:02,2012-10-05 16:28:09,97,101,0,0,24,0,0,0,0,0,0,0,0,0,0,0,0,N,N,N
2012-10-05 00:00:00,V,V-7,27154033,20388,9,R,15484,23,NANT01,10267,2012-10-05 16:24:06,2012-10-05 16:29:37,97,101,1,4,21,0,0,0,0,0,1,1,3,0,0,0,0,N,N,N
2012-10-05 00:00:00,V,V-7,27154033,20388,9,R,15484,24,MACH01,10665,2012-10-05 16:25:01,2012-10-05 16:30:53,97,101,1,0,22,0,0,0,0,1,0,0,0,0,0,0,0,N,N,N
2012-10-05 00:00:00,V,V-7,27154033,20388,9,R,15484,25,FTAI01,11049,2012-10-05 16:25:54,2012-10-05 16:31:44,97,101,0,0,22,0,0,0,0,0,0,0,0,0,0,0,0,N,N,N
2012-10-05 00:00:00,V,V-7,27154033,20388,9,R,15484,26,CARO01,11343,2012-10-05 16:26:35,2012-10-05 16:32:45,97,101,2,0,24,0,0,0,0,1,0,1,0,0,0,0,0,N,N,N
2012-10-05 00:00:00,V,V-7,27154033,20388,9,R,15484,27,CBFO01,11661,2012-10-05 16:27:20,2012-10-05 16:33:54,97,101,0,2,22,0,2,0,0,0,0,0,0,0,0,0,0,N,N,N
2012-10-05 00:00:00,V,V-7,27154033,20388,9,R,15484,28,CBPL01,11841,2012-10-05 16:27:48,2012-10-05 16:34:40,97,101,1,1,22,0,0,0,0,1,1,0,0,0,0,0,0,N,N,N
2012-10-05 00:00:00,V,V-7,27154033,20388,9,R,15484,29,PYMA01,12452,2012-10-05 16:29:27,2012-10-05 16:35:46,97,101,0,0,22,0,0,0,0,0,0,0,0,0,0,0,0,N,N,N
2012-10-05 00:00:00,V,V-7,27154033,20388,9,R,15484,30,PYVI01,12779,2012-10-05 16:30:20,2012-10-05 16:36:31,97,101,1,0,23,0,0,0,0,1,0,0,0,0,0,0,0,N,N,N
2012-10-05 00:00:00,V,V-7,27154033,20388,9,R,15484,31,PENT01,13059,2012-10-05 16:31:15,2012-10-05 16:37:44,97,101,2,0,25,0,0,0,0,2,0,0,0,0,0,0,0,N,N,N
2012-10-05 00:00:00,V,V-7,27154033,20388,9,R,15484,32,FENE01,13329,2012-10-05 16:32:08,2012-10-05 16:38:44,97,101,0,2,23,0,2,0,0,0,0,0,0,0,0,0,0,N,N,N
2012-10-05 00:00:00,V,V-7,27154033,20388,9,R,15484,33,APIA03,13700,2012-10-05 16:33:21,2012-10-05 16:39:45,97,101,1,2,22,1,0,0,0,0,1,0,1,0,0,0,0,N,N,N
2012-10-05 00:00:00,V,V-7,27154033,20388,9,R,15484,34,NATI14,14301,2012-10-05 16:35:20,2012-10-05 16:43:04,97,101,2,13,11,1,0,0,0,1,13,0,0,0,0,0,0,N,N,N
2012-10-05 00:00:00,V,V-7,27154033,20388,9,R,15484,35,VRBE02,14500,2012-10-05 16:36:07,2012-10-05 16:45:03,97,101,4,0,15,2,0,0,0,2,0,0,0,0,0,0,0,N,N,N
2012-10-05 00:00:00,V,V-7,27154033,20388,9,R,15484,36,VLAI01,15000,2012-10-05 16:38:05,2012-10-05 16:46:14,97,101,0,3,12,0,1,0,0,0,2,0,0,0,0,0,0,N,N,N
2012-10-05 00:00:00,V,V-7,27154033,20388,9,R,15484,37,CVIN22,15484,2012-10-05 16:40:00,2012-10-05 16:48:08,97,101,0,16,0,0,6,0,0,0,6,0,4,0,0,0,0,N,N,N
2012-10-05 00:00:00,Z,V-7,27154034,20388,4,A,10163,1,CVIN22,0,2012-10-05 16:45:00,2012-10-05 16:49:21,26,35,9,0,9,2,0,0,0,6,0,1,0,0,0,0,0,N,N,N
2012-10-05 00:00:00,Z,V-7,27154034,20388,4,A,10163,2,POST00,451,2012-10-05 16:47:27,2012-10-05 16:52:38,26,35,2,0,11,2,0,0,0,0,0,0,0,0,0,0,0,N,N,N
2012-10-05 00:00:00,Z,V-7,27154034,20388,4,A,10163,3,VLAI00,832,2012-10-05 16:49:32,2012-10-05 16:53:40,26,35,0,0,11,0,0,0,0,0,0,0,0,0,0,0,0,N,N,N
2012-10-05 00:00:00,Z,V-7,27154034,20388,4,A,10163,4,VRBE01,1280,2012-10-05 16:51:59,2012-10-05 16:54:51,26,35,1,1,11,0,1,0,0,1,0,0,0,0,0,0,0,N,N,N
2012-10-05 00:00:00,Z,V-7,27154034,20388,4,A,10163,5,NATI15,1465,2012-10-05 16:53:00,2012-10-05 16:57:41,26,35,4,5,10,0,5,0,0,4,0,0,0,0,0,0,0,N,N,N
2012-10-05 00:00:00,Z,V-7,27154034,20388,4,A,10163,6,APIA02,2123,2012-10-05 16:55:24,2012-10-05 17:01:29,26,35,2,0,12,0,0,0,0,2,0,0,0,0,0,0,0,N,N,N
2012-10-05 00:00:00,Z,V-7,27154034,20388,4,A,10163,7,FENE00,2490,2012-10-05 16:56:45,2012-10-05 17:02:18,26,35,0,0,12,0,0,0,0,0,0,0,0,0,0,0,0,N,N,N
2012-10-05 00:00:00,Z,V-7,27154034,20388,4,A,10163,8,PENT00,2746,2012-10-05 16:57:41,2012-10-05 17:03:02,26,35,1,1,12,1,0,0,0,0,1,0,0,0,0,0,0,N,N,N
2012-10-05 00:00:00,Z,V-7,27154034,20388,4,A,10163,9,PYVI00,3013,2012-10-05 16:58:40,2012-10-05 17:03:46,26,35,0,0,12,0,0,0,0,0,0,0,0,0,0,0,0,N,N,N
2012-10-05 00:00:00,Z,V-7,27154034,20388,4,A,10163,10,PYMA00,3399,2012-10-05 16:59:46,2012-10-05 17:04:42,26,35,0,0,12,0,0,0,0,0,0,0,0,0,0,0,0,N,N,N
2012-10-05 00:00:00,Z,V-7,27154034,20388,4,A,10163,11,CBPL00,3980,2012-10-05 17:01:26,2012-10-05 17:05:36,26,35,0,0,12,0,0,0,0,0,0,0,0,0,0,0,0,N,N,N
2012-10-05 00:00:00,Z,V-7,27154034,20388,4,A,10163,12,CBFO00,4174,2012-10-05 17:02:00,2012-10-05 17:06:28,26,35,0,2,10,0,0,0,0,0,2,0,0,0,0,0,0,N,N,N
2012-10-05 00:00:00,Z,V-7,27154034,20388,4,A,10163,13,CARO00,4499,2012-10-05 17:02:48,2012-10-05 17:07:22,26,35,0,3,7,0,0,0,0,0,2,0,1,0,0,0,0,N,N,N
2012-10-05 00:00:00,Z,V-7,27154034,20388,4,A,10163,14,FTAI00,4821,2012-10-05 17:03:35,2012-10-05 17:08:16,26,35,1,1,7,1,0,0,0,0,1,0,0,0,0,0,0,N,N,N
2012-10-05 00:00:00,Z,V-7,27154034,20388,4,A,10163,15,MACH00,5174,2012-10-05 17:04:27,2012-10-05 17:09:24,26,35,0,2,5,0,0,0,0,0,2,0,0,0,0,0,0,N,N,N
2012-10-05 00:00:00,Z,V-7,27154034,20388,4,A,10163,16,NANT00,5544,2012-10-05 17:05:22,2012-10-05 17:10:37,26,35,1,1,5,1,0,0,0,0,1,0,0,0,0,0,0,N,N,N
2012-10-05 00:00:00,Z,V-7,27154034,20388,4,A,10163,17,CLYS00,5950,2012-10-05 17:06:22,2012-10-05 17:11:37,26,35,0,0,5,0,0,0,0,0,0,0,0,0,0,0,0,N,N,N
2012-10-05 00:00:00,Z,V-7,27154034,20388,4,A,10163,18,COLO00,6609,2012-10-05 17:08:00,2012-10-05 17:13:57,26,35,3,2,6,1,0,0,0,2,1,0,1,0,0,0,0,N,N,N
2012-10-05 00:00:00,Z,V-7,27154034,20388,4,A,10163,19,PLNT00,7006,2012-10-05 17:08:53,2012-10-05 17:16:50,26,35,1,0,7,1,0,0,0,0,0,0,0,0,0,0,0,N,N,N
2012-10-05 00:00:00,Z,V-7,27154034,20388,4,A,10163,20,VRLP00,7677,2012-10-05 17:10:23,2012-10-05 17:18:14,26,35,0,1,6,0,0,0,0,0,0,0,1,0,0,0,0,N,N,N
2012-10-05 00:00:00,Z,V-7,27154034,20388,4,A,10163,21,PREL00,8090,2012-10-05 17:11:19,2012-10-05 17:19:11,26,35,0,1,5,0,0,0,0,0,1,0,0,0,0,0,0,N,N,N
2012-10-05 00:00:00,Z,V-7,27154034,20388,4,A,10163,22,CXCE00,8540,2012-10-05 17:12:20,2012-10-05 17:20:28,26,35,0,1,4,0,0,0,0,0,1,0,0,0,0,0,0,N,N,N
2012-10-05 00:00:00,Z,V-7,27154034,20388,4,A,10163,23,CXEC00,8927,2012-10-05 17:13:02,2012-10-05 17:21:53,26,35,1,6,0,1,0,0,0,0,6,0,0,0,0,0,0,N,N,N
2012-10-05 00:00:00,Z,V-7,27154034,20388,4,A,10163,24,SCHA00,9220,2012-10-05 17:13:35,2012-10-05 17:22:22,26,35,0,0,0,0,0,0,0,0,0,0,0,0,0,0,0,N,N,N
2012-10-05 00:00:00,Z,V-7,27154034,20388,4,A,10163,25,BOSY00,10163,2012-10-05 17:15:20,2012-10-05 17:23:42,26,35,0,8,0,0,2,0,0,0,5,0,1,0,0,0,0,N,N,N
2012-10-05 00:00:00,Z,V-7,27154035,20388,9,R,9722,1,BOSY00,0,2012-10-05 17:28:00,2012-10-05 17:28:19,20,22,7,0,7,4,0,0,0,2,0,1,0,0,0,0,0,N,N,N
2012-10-05 00:00:00,Z,V-7,27154035,20388,9,R,9722,2,SCHA01,860,2012-10-05 17:29:54,2012-10-05 17:29:51,20,22,0,1,6,0,1,0,0,0,0,0,0,0,0,0,0,N,N,N
2012-10-05 00:00:00,Z,V-7,27154035,20388,9,R,9722,3,CXEC01,1133,2012-10-05 17:30:31,2012-10-05 17:30:52,20,22,2,3,5,0,0,0,0,2,3,0,0,0,0,0,0,N,N,N
2012-10-05 00:00:00,Z,V-7,27154035,20388,9,R,9722,4,CXCE01,1496,2012-10-05 17:31:20,2012-10-05 17:32:06,20,22,0,0,5,0,0,0,0,0,0,0,0,0,0,0,0,N,N,N
2012-10-05 00:00:00,Z,V-7,27154035,20388,9,R,9722,5,PREL01,1854,2012-10-05 17:32:08,2012-10-05 17:33:31,20,22,0,0,5,0,0,0,0,0,0,0,0,0,0,0,0,N,N,N
2012-10-05 00:00:00,Z,V-7,27154035,20388,9,R,9722,6,VRLP01,2356,2012-10-05 17:33:16,2012-10-05 17:34:42,20,22,0,0,5,0,0,0,0,0,0,0,0,0,0,0,0,N,N,N
2012-10-05 00:00:00,Z,V-7,27154035,20388,9,R,9722,7,PLNT01,3044,2012-10-05 17:34:49,2012-10-05 17:35:52,20,22,0,1,4,0,1,0,0,0,0,0,0,0,0,0,0,N,N,N
2012-10-05 00:00:00,Z,V-7,27154035,20388,9,R,9722,8,COLO01,3415,2012-10-05 17:35:40,2012-10-05 17:37:18,20,22,1,0,5,0,0,0,0,1,0,0,0,0,0,0,0,N,N,N
2012-10-05 00:00:00,Z,V-7,27154035,20388,9,R,9722,9,CLYS01,4048,2012-10-05 17:37:21,2012-10-05 17:38:20,20,22,0,0,5,0,0,0,0,0,0,0,0,0,0,0,0,N,N,N
2012-10-05 00:00:00,Z,V-7,27154035,20388,9,R,9722,10,NANT01,4505,2012-10-05 17:38:35,2012-10-05 17:40:58,20,22,2,0,7,0,0,0,0,0,0,2,0,0,0,0,0,N,N,N
2012-10-05 00:00:00,Z,V-7,27154035,20388,9,R,9722,11,MACH01,4903,2012-10-05 17:39:39,2012-10-05 17:42:11,20,22,1,0,8,0,0,0,0,1,0,0,0,0,0,0,0,N,N,N
2012-10-05 00:00:00,Z,V-7,27154035,20388,9,R,9722,12,FTAI01,5287,2012-10-05 17:40:41,2012-10-05 17:42:51,20,22,0,0,8,0,0,0,0,0,0,0,0,0,0,0,0,N,N,N
2012-10-05 00:00:00,Z,V-7,27154035,20388,9,R,9722,13,CARO01,5581,2012-10-05 17:41:28,2012-10-05 17:43:40,20,22,1,0,9,0,0,0,0,1,0,0,0,0,0,0,0,N,N,N
2012-10-05 00:00:00,Z,V-7,27154035,20388,9,R,9722,14,CBFO01,5899,2012-10-05 17:42:20,2012-10-05 17:44:31,20,22,1,1,9,0,0,0,0,1,0,0,1,0,0,0,0,N,N,N
2012-10-05 00:00:00,Z,V-7,27154035,20388,9,R,9722,15,CBPL01,6079,2012-10-05 17:42:52,2012-10-05 17:45:11,20,22,0,0,9,0,0,0,0,0,0,0,0,0,0,0,0,N,N,N
2012-10-05 00:00:00,Z,V-7,27154035,20388,9,R,9722,16,PYMA01,6690,2012-10-05 17:44:41,2012-10-05 17:46:16,20,22,0,0,9,0,0,0,0,0,0,0,0,0,0,0,0,N,N,N
2012-10-05 00:00:00,Z,V-7,27154035,20388,9,R,9722,17,PYVI01,7017,2012-10-05 17:45:40,2012-10-05 17:47:12,20,22,0,0,9,0,0,0,0,0,0,0,0,0,0,0,0,N,N,N
2012-10-05 00:00:00,Z,V-7,27154035,20388,9,R,9722,18,PENT01,7297,2012-10-05 17:46:35,2012-10-05 17:48:20,20,22,0,2,7,0,2,0,0,0,0,0,0,0,0,0,0,N,N,N
2012-10-05 00:00:00,Z,V-7,27154035,20388,9,R,9722,19,FENE01,7567,2012-10-05 17:47:28,2012-10-05 17:48:58,20,22,0,0,7,0,0,0,0,0,0,0,0,0,0,0,0,N,N,N
2012-10-05 00:00:00,Z,V-7,27154035,20388,9,R,9722,20,APIA03,7938,2012-10-05 17:48:41,2012-10-05 17:49:46,20,22,0,0,7,0,0,0,0,0,0,0,0,0,0,0,0,N,N,N
2012-10-05 00:00:00,Z,V-7,27154035,20388,9,R,9722,21,NATI14,8539,2012-10-05 17:50:40,2012-10-05 17:52:10,20,22,5,5,7,5,1,0,0,0,4,0,0,0,0,0,0,N,N,N
2012-10-05 00:00:00,Z,V-7,27154035,20388,9,R,9722,22,VRBE02,8738,2012-10-05 17:51:27,2012-10-05 17:53:21,20,22,0,1,6,0,0,0,0,0,1,0,0,0,0,0,0,N,N,N
2012-10-05 00:00:00,Z,V-7,27154035,20388,9,R,9722,23,VLAI01,9238,2012-10-05 17:53:25,2012-10-05 17:54:45,20,22,0,0,6,0,0,0,0,0,0,0,0,0,0,0,0,N,N,N
2012-10-05 00:00:00,Z,V-7,27154035,20388,9,R,9722,24,CVIN22,9722,2012-10-05 17:55:20,2012-10-05 17:56:10,20,22,0,8,0,0,3,0,0,0,5,0,0,0,0,0,0,N,N,N
2012-10-05 00:00:00,V,V-7,27154036,20388,8,A,15766,1,CVIN22,0,2012-10-05 18:00:00,2012-10-05 18:01:26,24,54,4,0,4,3,0,0,0,0,0,1,0,0,0,0,0,N,N,N
2012-10-05 00:00:00,V,V-7,27154036,20388,8,A,15766,2,POST00,451,2012-10-05 18:02:27,2012-10-05 18:04:19,24,54,0,5,0,0,5,0,0,0,0,0,0,0,0,0,0,N,N,N
2012-10-05 00:00:00,V,V-7,27154036,20388,8,A,15766,3,VLAI00,832,2012-10-05 18:04:32,2012-10-05 18:06:06,24,54,0,1,0,0,1,0,0,0,0,0,0,0,0,0,0,N,N,N
2012-10-05 00:00:00,V,V-7,27154036,20388,8,A,15766,4,VRBE01,1280,2012-10-05 18:06:59,2012-10-05 18:07:28,24,54,5,0,5,1,0,0,0,4,0,0,0,0,0,0,0,N,N,N
2012-10-05 00:00:00,V,V-7,27154036,20388,8,A,15766,5,NATI15,1465,2012-10-05 18:08:00,2012-10-05 18:10:30,24,54,2,10,0,0,9,0,0,2,1,0,0,0,0,0,0,N,N,N
2012-10-05 00:00:00,V,V-7,27154036,20388,8,A,15766,6,APIA02,2123,2012-10-05 18:10:24,2012-10-05 18:14:26,24,54,0,0,0,0,0,0,0,0,0,0,0,0,0,0,0,N,N,N
2012-10-05 00:00:00,V,V-7,27154036,20388,8,A,15766,7,FENE00,2490,2012-10-05 18:11:45,2012-10-05 18:15:16,24,54,0,0,0,0,0,0,0,0,0,0,0,0,0,0,0,N,N,N
2012-10-05 00:00:00,V,V-7,27154036,20388,8,A,15766,8,PENT00,2746,2012-10-05 18:12:41,2012-10-05 18:15:50,24,54,0,0,0,0,0,0,0,0,0,0,0,0,0,0,0,N,N,N
2012-10-05 00:00:00,V,V-7,27154036,20388,8,A,15766,9,PYVI00,3013,2012-10-05 18:13:40,2012-10-05 18:16:28,24,54,0,0,0,0,0,0,0,0,0,0,0,0,0,0,0,N,N,N
2012-10-05 00:00:00,V,V-7,27154036,20388,8,A,15766,10,PYMA00,3399,2012-10-05 18:14:46,2012-10-05 18:17:17,24,54,0,0,0,0,0,0,0,0,0,0,0,0,0,0,0,N,N,N
2012-10-05 00:00:00,V,V-7,27154036,20388,8,A,15766,11,CBPL00,3980,2012-10-05 18:16:26,2012-10-05 18:18:54,24,54,0,0,0,0,0,0,0,0,0,0,0,0,0,0,0,N,N,N
2012-10-05 00:00:00,V,V-7,27154036,20388,8,A,15766,12,CBFO00,4174,2012-10-05 18:17:00,2012-10-05 18:19:41,24,54,0,1,0,0,0,0,0,0,0,0,1,0,0,0,0,N,N,N
2012-10-05 00:00:00,V,V-7,27154036,20388,8,A,15766,13,CARO00,4499,2012-10-05 18:17:50,2012-10-05 18:20:41,24,54,0,2,0,0,0,0,0,0,0,0,2,0,0,0,0,N,N,N
2012-10-05 00:00:00,V,V-7,27154036,20388,8,A,15766,14,FTAI00,4821,2012-10-05 18:18:40,2012-10-05 18:21:36,24,54,1,1,0,1,0,0,0,0,1,0,0,0,0,0,0,N,N,N
2012-10-05 00:00:00,V,V-7,27154036,20388,8,A,15766,15,MACH00,5174,2012-10-05 18:19:36,2012-10-05 18:22:41,24,54,2,1,1,2,0,0,0,0,1,0,0,0,0,0,0,N,N,N
2012-10-05 00:00:00,V,V-7,27154036,20388,8,A,15766,16,NANT00,5544,2012-10-05 18:20:33,2012-10-05 18:24:19,24,54,0,2,0,0,0,0,0,0,0,0,2,0,0,0,0,N,N,N
2012-10-05 00:00:00,V,V-7,27154036,20388,8,A,15766,17,CLYS00,5950,2012-10-05 18:21:37,2012-10-05 18:25:28,24,54,0,0,0,0,0,0,0,0,0,0,0,0,0,0,0,N,N,N
2012-10-05 00:00:00,V,V-7,27154036,20388,8,A,15766,18,COLO00,6609,2012-10-05 18:23:20,2012-10-05 18:26:28,24,54,1,0,1,0,0,0,0,0,0,1,0,0,0,0,0,N,N,N
2012-10-05 00:00:00,V,V-7,27154036,20388,8,A,15766,19,CHTS00,6962,2012-10-05 18:24:09,2012-10-05 18:27:01,24,54,0,0,1,0,0,0,0,0,0,0,0,0,0,0,0,N,N,N
2012-10-05 00:00:00,V,V-7,27154036,20388,8,A,15766,20,VVRA00,7358,2012-10-05 18:25:04,2012-10-05 18:27:45,24,54,0,3,0,0,0,0,0,0,1,0,2,0,0,0,0,N,N,N
2012-10-05 00:00:00,V,V-7,27154036,20388,8,A,15766,21,VXVV00,7897,2012-10-05 18:26:19,2012-10-05 18:29:14,24,54,0,0,0,0,0,0,0,0,0,0,0,0,0,0,0,N,N,N
2012-10-05 00:00:00,V,V-7,27154036,20388,8,A,15766,22,CNAE00,8277,2012-10-05 18:27:12,2012-10-05 18:30:24,24,54,2,2,0,1,1,0,0,1,1,0,0,0,0,0,0,N,N,N
2012-10-05 00:00:00,V,V-7,27154036,20388,8,A,15766,23,GEBE00,8620,2012-10-05 18:28:00,2012-10-05 18:31:17,24,54,3,1,2,0,0,0,0,1,0,2,1,0,0,0,0,N,N,N
2012-10-05 00:00:00,V,V-7,27154036,20388,8,A,15766,24,SAGY00,9131,2012-10-05 18:29:07,2012-10-05 18:32:02,24,54,0,0,2,0,0,0,0,0,0,0,0,0,0,0,0,N,N,N
2012-10-05 00:00:00,V,V-7,27154036,20388,8,A,15766,25,GTVI00,9834,2012-10-05 18:30:40,2012-10-05 18:33:57,24,54,0,1,1,0,1,0,0,0,0,0,0,0,0,0,0,N,N,N
2012-10-05 00:00:00,V,V-7,27154036,20388,8,A,15766,26,PRLA00,10324,2012-10-05 18:32:01,2012-10-05 18:35:12,24,54,0,0,1,0,0,0,0,0,0,0,0,0,0,0,0,N,N,N
2012-10-05 00:00:00,V,V-7,27154036,20388,8,A,15766,27,MLGN00,10555,2012-10-05 18:32:39,2012-10-05 18:35:45,24,54,0,0,1,0,0,0,0,0,0,0,0,0,0,0,0,N,N,N
2012-10-05 00:00:00,V,V-7,27154036,20388,8,A,15766,28,FAYA00,11161,2012-10-05 18:34:19,2012-10-05 18:37:32,24,54,2,7,0,0,3,0,0,2,2,0,2,0,0,0,0,N,N,N
2012-10-05 00:00:00,V,V-7,27154036,20388,8,A,15766,29,ENVE00,11524,2012-10-05 18:35:20,2012-10-05 18:38:42,24,54,0,0,0,0,0,0,0,0,0,0,0,0,0,0,0,N,N,N
2012-10-05 00:00:00,V,V-7,27154036,20388,8,A,15766,30,VXBO00,11856,2012-10-05 18:36:43,2012-10-05 18:40:26,24,54,0,0,0,0,0,0,0,0,0,0,0,0,0,0,0,N,N,N
2012-10-05 00:00:00,V,V-7,27154036,20388,8,A,15766,31,VXGA00,12320,2012-10-05 18:38:40,2012-10-05 18:42:05,24,54,2,3,0,0,0,0,0,1,1,1,2,0,0,0,0,N,N,N
2012-10-05 00:00:00,V,V-7,27154036,20388,8,A,15766,32,ALCH00,12782,2012-10-05 18:39:57,2012-10-05 18:43:07,24,54,0,0,0,0,0,0,0,0,0,0,0,0,0,0,0,N,N,N
2012-10-05 00:00:00,V,V-7,27154036,20388,8,A,15766,33,AMAR00,13135,2012-10-05 18:40:56,2012-10-05 18:44:14,24,54,0,1,0,0,0,0,0,0,1,0,0,0,0,0,0,N,N,N
2012-10-05 00:00:00,V,V-7,27154036,20388,8,A,15766,34,PCEA00,13575,2012-10-05 18:42:10,2012-10-05 18:45:18,24,54,0,1,0,0,0,0,0,0,0,0,1,0,0,0,0,N,N,N
2012-10-05 00:00:00,V,V-7,27154036,20388,8,A,15766,35,POCH00,14010,2012-10-05 18:43:22,2012-10-05 18:46:38,24,54,0,0,0,0,0,0,0,0,0,0,0,0,0,0,0,N,N,N
2012-10-05 00:00:00,V,V-7,27154036,20388,8,A,15766,36,MTFL00,14409,2012-10-05 18:44:29,2012-10-05 18:47:36,24,54,0,1,0,0,0,0,0,0,1,0,0,0,0,0,0,N,N,N
2012-10-05 00:00:00,V,V-7,27154036,20388,8,A,15766,37,ECOG00,15187,2012-10-05 18:46:40,2012-10-05 18:49:53,24,54,0,0,0,0,0,0,0,0,0,0,0,0,0,0,0,N,N,N
2012-10-05 00:00:00,V,V-7,27154036,20388,8,A,15766,38,CSLB01,15766,2012-10-05 18:47:40,2012-10-05 18:50:48,24,54,0,11,0,0,10,0,0,0,0,0,1,0,0,0,0,N,N,N
2012-10-05 00:00:00,V,V-7,27154037,20388,9,R,15484,1,CSLB01,0,2012-10-05 19:04:00,2012-10-05 19:06:59,12,26,4,0,4,4,0,0,0,0,0,0,0,0,0,0,0,N,N,N
2012-10-05 00:00:00,V,V-7,27154037,20388,9,R,15484,2,ECOG01,698,2012-10-05 19:06:20,2012-10-05 19:09:43,12,26,0,0,4,0,0,0,0,0,0,0,0,0,0,0,0,N,N,N
2012-10-05 00:00:00,V,V-7,27154037,20388,9,R,15484,3,MTFL01,1506,2012-10-05 19:08:36,2012-10-05 19:11:40,12,26,0,2,2,0,0,0,0,0,2,0,0,0,0,0,0,N,N,N
2012-10-05 00:00:00,V,V-7,27154037,20388,9,R,15484,4,POCH01,1821,2012-10-05 19:09:29,2012-10-05 19:13:13,12,26,0,1,1,0,1,0,0,0,0,0,0,0,0,0,0,N,N,N
2012-10-05 00:00:00,V,V-7,27154037,20388,9,R,15484,5,PCEA01,2338,2012-10-05 19:10:56,2012-10-05 19:14:43,12,26,0,0,1,0,0,0,0,0,0,0,0,0,0,0,0,N,N,N
2012-10-05 00:00:00,V,V-7,27154037,20388,9,R,15484,6,AMAR01,2762,2012-10-05 19:12:08,2012-10-05 19:16:33,12,26,1,0,2,0,0,0,0,1,0,0,0,0,0,0,0,N,N,N
2012-10-05 00:00:00,V,V-7,27154037,20388,9,R,15484,7,ALCH01,3092,2012-10-05 19:13:04,2012-10-05 19:17:34,12,26,0,0,2,0,0,0,0,0,0,0,0,0,0,0,0,N,N,N
2012-10-05 00:00:00,V,V-7,27154037,20388,9,R,15484,8,VXGA01,3540,2012-10-05 19:14:20,2012-10-05 19:18:38,12,26,2,10,0,0,8,0,0,1,2,1,0,0,0,0,0,N,N,N
2012-10-05 00:00:00,V,V-7,27154037,20388,9,R,15484,9,VXBO01,3959,2012-10-05 19:15:37,2012-10-05 19:19:58,12,26,2,0,2,0,0,0,0,2,0,0,0,0,0,0,0,N,N,N
2012-10-05 00:00:00,V,V-7,27154037,20388,9,R,15484,10,ENVE01,4406,2012-10-05 19:17:00,2012-10-05 19:21:17,12,26,0,0,2,0,0,0,0,0,0,0,0,0,0,0,0,N,N,N
2012-10-05 00:00:00,V,V-7,27154037,20388,9,R,15484,11,FAYA01,4683,2012-10-05 19:17:41,2012-10-05 19:22:27,12,26,2,6,0,2,1,0,0,0,3,0,2,0,0,0,0,N,N,N
2012-10-05 00:00:00,V,V-7,27154037,20388,9,R,15484,12,MLGN01,5220,2012-10-05 19:19:01,2012-10-05 19:23:32,12,26,0,0,0,0,0,0,0,0,0,0,0,0,0,0,0,N,N,N
2012-10-05 00:00:00,V,V-7,27154037,20388,9,R,15484,13,PRLA01,5556,2012-10-05 19:19:51,2012-10-05 19:24:03,12,26,0,0,0,0,0,0,0,0,0,0,0,0,0,0,0,N,N,N
2012-10-05 00:00:00,V,V-7,27154037,20388,9,R,15484,14,GTVI01,6020,2012-10-05 19:21:00,2012-10-05 19:25:08,12,26,0,2,0,0,0,0,0,0,1,0,1,0,0,0,0,N,N,N
2012-10-05 00:00:00,V,V-7,27154037,20388,9,R,15484,15,SAGY01,6738,2012-10-05 19:22:32,2012-10-05 19:26:37,12,26,0,0,0,0,0,0,0,0,0,0,0,0,0,0,0,N,N,N
2012-10-05 00:00:00,V,V-7,27154037,20388,9,R,15484,16,GEBE01,7265,2012-10-05 19:23:40,2012-10-05 19:27:19,12,26,0,0,0,0,0,0,0,0,0,0,0,0,0,0,0,N,N,N
2012-10-05 00:00:00,V,V-7,27154037,20388,9,R,15484,17,CNAE01,7573,2012-10-05 19:24:21,2012-10-05 19:27:58,12,26,0,0,0,0,0,0,0,0,0,0,0,0,0,0,0,N,N,N
2012-10-05 00:00:00,V,V-7,27154037,20388,9,R,15484,18,VXVV01,7895,2012-10-05 19:25:04,2012-10-05 19:28:41,12,26,0,2,0,0,2,0,0,0,0,0,0,0,0,0,0,N,N,N
2012-10-05 00:00:00,V,V-7,27154037,20388,9,R,15484,19,VVRA01,8414,2012-10-05 19:26:13,2012-10-05 19:30:01,12,26,0,0,0,0,0,0,0,0,0,0,0,0,0,0,0,N,N,N
2012-10-05 00:00:00,V,V-7,27154037,20388,9,R,15484,20,CHTS01,8918,2012-10-05 19:27:20,2012-10-05 19:30:48,12,26,0,0,0,0,0,0,0,0,0,0,0,0,0,0,0,N,N,N
2012-10-05 00:00:00,V,V-7,27154037,20388,9,R,15484,21,COLO02,9214,2012-10-05 19:28:00,2012-10-05 19:31:15,12,26,0,0,0,0,0,0,0,0,0,0,0,0,0,0,0,N,N,N
2012-10-05 00:00:00,V,V-7,27154037,20388,9,R,15484,22,CLYS01,9810,2012-10-05 19:29:22,2012-10-05 19:32:05,12,26,0,0,0,0,0,0,0,0,0,0,0,0,0,0,0,N,N,N
2012-10-05 00:00:00,V,V-7,27154037,20388,9,R,15484,23,NANT01,10267,2012-10-05 19:30:26,2012-10-05 19:33:20,12,26,0,0,0,0,0,0,0,0,0,0,0,0,0,0,0,N,N,N
2012-10-05 00:00:00,V,V-7,27154037,20388,9,R,15484,24,MACH01,10665,2012-10-05 19:31:21,2012-10-05 19:34:33,12,26,1,0,1,0,0,0,0,1,0,0,0,0,0,0,0,N,N,N
2012-10-05 00:00:00,V,V-7,27154037,20388,9,R,15484,25,FTAI01,11049,2012-10-05 19:32:14,2012-10-05 19:35:19,12,26,0,0,1,0,0,0,0,0,0,0,0,0,0,0,0,N,N,N
2012-10-05 00:00:00,V,V-7,27154037,20388,9,R,15484,26,CARO01,11343,2012-10-05 19:32:55,2012-10-05 19:36:01,12,26,0,0,1,0,0,0,0,0,0,0,0,0,0,0,0,N,N,N
2012-10-05 00:00:00,V,V-7,27154037,20388,9,R,15484,27,CBFO01,11661,2012-10-05 19:33:40,2012-10-05 19:36:49,12,26,0,1,0,0,1,0,0,0,0,0,0,0,0,0,0,N,N,N
2012-10-05 00:00:00,V,V-7,27154037,20388,9,R,15484,28,CBPL01,11841,2012-10-05 19:34:05,2012-10-05 19:37:32,12,26,0,0,0,0,0,0,0,0,0,0,0,0,0,0,0,N,N,N
2012-10-05 00:00:00,V,V-7,27154037,20388,9,R,15484,29,PYMA01,12452,2012-10-05 19:35:33,2012-10-05 19:38:43,12,26,0,1,0,0,1,0,0,0,0,0,0,0,0,0,0,N,N,N
2012-10-05 00:00:00,V,V-7,27154037,20388,9,R,15484,30,PYVI01,12779,2012-10-05 19:36:20,2012-10-05 19:39:32,12,26,0,0,0,0,0,0,0,0,0,0,0,0,0,0,0,N,N,N
2012-10-05 00:00:00,V,V-7,27154037,20388,9,R,15484,31,PENT01,13059,2012-10-05 19:37:07,2012-10-05 19:40:02,12,26,0,0,0,0,0,0,0,0,0,0,0,0,0,0,0,N,N,N
2012-10-05 00:00:00,V,V-7,27154037,20388,9,R,15484,32,FENE01,13329,2012-10-05 19:37:53,2012-10-05 19:40:32,12,26,0,0,0,0,0,0,0,0,0,0,0,0,0,0,0,N,N,N
2012-10-05 00:00:00,V,V-7,27154037,20388,9,R,15484,33,APIA03,13700,2012-10-05 19:38:57,2012-10-05 19:41:14,12,26,0,1,0,0,0,0,0,0,1,0,0,0,0,0,0,N,N,N
2012-10-05 00:00:00,V,V-7,27154037,20388,9,R,15484,34,NATI14,14301,2012-10-05 19:40:40,2012-10-05 19:43:12,12,26,0,0,0,0,0,0,0,0,0,0,0,0,0,0,0,N,N,N
2012-10-05 00:00:00,Z,V-6,27140134,20389,9,R,9722,1,BOSY00,0,2012-10-05 00:20:00,2012-10-05 00:20:57,0,0,0,0,0,0,0,0,0,0,0,0,0,0,0,0,0,N,N,N
2012-10-05 00:00:00,Z,V-6,27140134,20389,9,R,9722,2,SCHA01,860,2012-10-05 00:21:43,2012-10-05 00:22:12,0,0,0,0,0,0,0,0,0,0,0,0,0,0,0,0,0,N,N,N
2012-10-05 00:00:00,Z,V-6,27140134,20389,9,R,9722,3,CXEC01,1133,2012-10-05 00:22:16,2012-10-05 00:22:44,0,0,0,0,0,0,0,0,0,0,0,0,0,0,0,0,0,N,N,N
2012-10-05 00:00:00,Z,V-6,27140134,20389,9,R,9722,4,CXCE01,1496,2012-10-05 00:23:00,2012-10-05 00:23:41,0,0,0,0,0,0,0,0,0,0,0,0,0,0,0,0,0,N,N,N
2012-10-05 00:00:00,Z,V-6,27140134,20389,9,R,9722,5,PREL01,1854,2012-10-05 00:23:44,2012-10-05 00:24:28,0,0,0,0,0,0,0,0,0,0,0,0,0,0,0,0,0,N,N,N
2012-10-05 00:00:00,Z,V-6,27140134,20389,9,R,9722,6,VRLP01,2356,2012-10-05 00:24:47,2012-10-05 00:25:16,0,0,0,0,0,0,0,0,0,0,0,0,0,0,0,0,0,N,N,N
2012-10-05 00:00:00,Z,V-6,27140134,20389,9,R,9722,7,PLNT01,3044,2012-10-05 00:26:13,2012-10-05 00:26:09,0,0,0,0,0,0,0,0,0,0,0,0,0,0,0,0,0,N,N,N
2012-10-05 00:00:00,Z,V-6,27140134,20389,9,R,9722,8,COLO01,3415,2012-10-05 00:27:00,2012-10-05 00:27:00,0,0,0,0,0,0,0,0,0,0,0,0,0,0,0,0,0,N,N,N
2012-10-05 00:00:00,Z,V-6,27140134,20389,9,R,9722,9,CLYS01,4048,2012-10-05 00:28:26,2012-10-05 00:28:00,0,0,0,0,0,0,0,0,0,0,0,0,0,0,0,0,0,N,N,N
2012-10-05 00:00:00,Z,V-6,27140134,20389,9,R,9722,10,NANT01,4505,2012-10-05 00:29:29,2012-10-05 00:28:37,0,0,0,0,0,0,0,0,0,0,0,0,0,0,0,0,0,N,N,N
2012-10-05 00:00:00,Z,V-6,27140134,20389,9,R,9722,11,MACH01,4903,2012-10-05 00:30:23,2012-10-05 00:29:28,0,0,0,0,0,0,0,0,0,0,0,0,0,0,0,0,0,N,N,N
2012-10-05 00:00:00,Z,V-6,27140134,20389,9,R,9722,12,FTAI01,5287,2012-10-05 00:31:16,2012-10-05 00:30:07,0,0,0,0,0,0,0,0,0,0,0,0,0,0,0,0,0,N,N,N
2012-10-05 00:00:00,Z,V-6,27140134,20389,9,R,9722,13,CARO01,5581,2012-10-05 00:31:56,2012-10-05 00:30:53,0,0,0,0,0,0,0,0,0,0,0,0,0,0,0,0,0,N,N,N
2012-10-05 00:00:00,Z,V-6,27140134,20389,9,R,9722,14,CBFO01,5899,2012-10-05 00:32:40,2012-10-05 00:31:43,0,0,0,0,0,0,0,0,0,0,0,0,0,0,0,0,0,N,N,N
2012-10-05 00:00:00,Z,V-6,27140134,20389,9,R,9722,15,CBPL01,6079,2012-10-05 00:33:05,2012-10-05 00:32:27,0,0,0,0,0,0,0,0,0,0,0,0,0,0,0,0,0,N,N,N
2012-10-05 00:00:00,Z,V-6,27140134,20389,9,R,9722,16,PYMA01,6690,2012-10-05 00:34:33,2012-10-05 00:33:40,0,0,0,0,0,0,0,0,0,0,0,0,0,0,0,0,0,N,N,N
2012-10-05 00:00:00,Z,V-6,27140134,20389,9,R,9722,17,PYVI01,7017,2012-10-05 00:35:20,2012-10-05 00:34:29,0,0,0,0,0,0,0,0,0,0,0,0,0,0,0,0,0,N,N,N
2012-10-05 00:00:00,Z,V-6,27140134,20389,9,R,9722,18,PENT01,7297,2012-10-05 00:35:56,2012-10-05 00:35:04,0,0,0,0,0,0,0,0,0,0,0,0,0,0,0,0,0,N,N,N
2012-10-05 00:00:00,Z,V-6,27140134,20389,9,R,9722,19,FENE01,7567,2012-10-05 00:36:32,2012-10-05 00:35:32,0,0,0,0,0,0,0,0,0,0,0,0,0,0,0,0,0,N,N,N
2012-10-05 00:00:00,Z,V-6,27140134,20389,9,R,9722,20,APIA03,7938,2012-10-05 00:37:21,2012-10-05 00:36:14,0,0,0,0,0,0,0,0,0,0,0,0,0,0,0,0,0,N,N,N
2012-10-05 00:00:00,Z,V-6,27140134,20389,9,R,9722,21,NATI14,8539,2012-10-05 00:38:40,2012-10-05 00:37:30,0,0,0,0,0,0,0,0,0,0,0,0,0,0,0,0,0,N,N,N
2012-10-05 00:00:00,Z,V-6,27140134,20389,9,R,9722,22,VRBE02,8738,2012-10-05 00:39:13,2012-10-05 00:38:07,0,0,0,0,0,0,0,0,0,0,0,0,0,0,0,0,0,N,N,N
2012-10-05 00:00:00,Z,V-6,27140134,20389,9,R,9722,23,VLAI01,9238,2012-10-05 00:40:38,2012-10-05 00:39:14,0,0,0,0,0,0,0,0,0,0,0,0,0,0,0,0,0,N,N,N
2012-10-05 00:00:00,Z,V-6,27140134,20389,9,R,9722,24,CVIN22,9722,2012-10-05 00:42:00,2012-10-05 00:40:21,0,0,0,0,0,0,0,0,0,0,0,0,0,0,0,0,0,N,N,N
2012-10-05 00:00:00,Z,V-5,27153980,20389,3,A,12264,1,CVIN22,0,2012-10-05 05:58:00,2012-10-05 06:03:22,1,2,0,0,0,0,0,0,0,0,0,0,0,0,0,0,0,N,N,N
2012-10-05 00:00:00,Z,V-5,27153980,20389,3,A,12264,2,POST00,451,2012-10-05 05:59:44,2012-10-05 06:05:20,1,2,0,0,0,0,0,0,0,0,0,0,0,0,0,0,0,N,N,N
2012-10-05 00:00:00,Z,V-5,27153980,20389,3,A,12264,3,VLAI00,832,2012-10-05 06:01:13,2012-10-05 06:06:04,1,2,0,0,0,0,0,0,0,0,0,0,0,0,0,0,0,N,N,N
2012-10-05 00:00:00,Z,V-5,27153980,20389,3,A,12264,4,VRBE01,1280,2012-10-05 06:02:57,2012-10-05 06:08:07,1,2,0,0,0,0,0,0,0,0,0,0,0,0,0,0,0,N,N,N
2012-10-05 00:00:00,Z,V-5,27153980,20389,3,A,12264,5,NATI15,1465,2012-10-05 06:03:40,2012-10-05 06:08:26,1,2,0,0,0,0,0,0,0,0,0,0,0,0,0,0,0,N,N,N
2012-10-05 00:00:00,Z,V-5,27153980,20389,3,A,12264,6,APIA02,2123,2012-10-05 06:05:39,2012-10-05 06:10:48,1,2,1,0,1,0,0,0,0,1,0,0,0,0,0,0,0,N,N,N
2012-10-05 00:00:00,Z,V-5,27153980,20389,3,A,12264,7,FENE00,2490,2012-10-05 06:06:45,2012-10-05 06:11:33,1,2,0,0,1,0,0,0,0,0,0,0,0,0,0,0,0,N,N,N
2012-10-05 00:00:00,Z,V-5,27153980,20389,3,A,12264,8,PENT00,2746,2012-10-05 06:07:31,2012-10-05 06:11:57,1,2,0,0,1,0,0,0,0,0,0,0,0,0,0,0,0,N,N,N
2012-10-05 00:00:00,Z,V-5,27153980,20389,3,A,12264,9,PYVI00,3013,2012-10-05 06:08:20,2012-10-05 06:12:21,1,2,0,0,1,0,0,0,0,0,0,0,0,0,0,0,0,N,N,N
2012-10-05 00:00:00,Z,V-5,27153980,20389,3,A,12264,10,PYMA00,3399,2012-10-05 06:09:13,2012-10-05 06:12:57,1,2,0,0,1,0,0,0,0,0,0,0,0,0,0,0,0,N,N,N
2012-10-05 00:00:00,Z,V-5,27153980,20389,3,A,12264,11,CBPL00,3980,2012-10-05 06:10:33,2012-10-05 06:13:54,1,2,0,0,1,0,0,0,0,0,0,0,0,0,0,0,0,N,N,N
2012-10-05 00:00:00,Z,V-5,27153980,20389,3,A,12264,12,CBFO00,4174,2012-10-05 06:11:00,2012-10-05 06:14:27,1,2,0,0,1,0,0,0,0,0,0,0,0,0,0,0,0,N,N,N
2012-10-05 00:00:00,Z,V-5,27153980,20389,3,A,12264,13,CARO00,4499,2012-10-05 06:11:40,2012-10-05 06:15:05,1,2,0,0,1,0,0,0,0,0,0,0,0,0,0,0,0,N,N,N
2012-10-05 00:00:00,Z,V-5,27153980,20389,3,A,12264,14,FTAI00,4821,2012-10-05 06:12:19,2012-10-05 06:15:55,1,2,0,0,1,0,0,0,0,0,0,0,0,0,0,0,0,N,N,N
2012-10-05 00:00:00,Z,V-5,27153980,20389,3,A,12264,15,MACH00,5174,2012-10-05 06:13:03,2012-10-05 06:17:18,1,2,0,0,1,0,0,0,0,0,0,0,0,0,0,0,0,N,N,N
2012-10-05 00:00:00,Z,V-5,27153980,20389,3,A,12264,16,NANT00,5544,2012-10-05 06:13:48,2012-10-05 06:17:57,1,2,0,0,1,0,0,0,0,0,0,0,0,0,0,0,0,N,N,N
2012-10-05 00:00:00,Z,V-5,27153980,20389,3,A,12264,17,CLYS00,5950,2012-10-05 06:14:38,2012-10-05 06:18:27,1,2,0,0,1,0,0,0,0,0,0,0,0,0,0,0,0,N,N,N
2012-10-05 00:00:00,Z,V-5,27153980,20389,3,A,12264,18,COLO00,6609,2012-10-05 06:16:00,2012-10-05 06:19:23,1,2,0,1,0,0,0,0,1,0,0,0,0,0,0,0,0,N,N,N
2012-10-05 00:00:00,Z,V-5,27153980,20389,3,A,12264,19,PLNT00,7006,2012-10-05 06:16:45,2012-10-05 06:20:07,1,2,0,0,0,0,0,0,0,0,0,0,0,0,0,0,0,N,N,N
2012-10-05 00:00:00,Z,V-5,27153980,20389,3,A,12264,20,VRLP00,7677,2012-10-05 06:18:01,2012-10-05 06:21:24,1,2,0,0,0,0,0,0,0,0,0,0,0,0,0,0,0,N,N,N
2012-10-05 00:00:00,Z,V-5,27153980,20389,3,A,12264,21,PREL00,8090,2012-10-05 06:18:48,2012-10-05 06:22:20,1,2,0,0,0,0,0,0,0,0,0,0,0,0,0,0,0,N,N,N
2012-10-05 00:00:00,Z,V-5,27153980,20389,3,A,12264,22,CXCE00,8540,2012-10-05 06:19:40,2012-10-05 06:23:07,1,2,0,0,0,0,0,0,0,0,0,0,0,0,0,0,0,N,N,N
2012-10-05 00:00:00,Z,V-5,27153980,20389,3,A,12264,23,CXEC00,8927,2012-10-05 06:20:30,2012-10-05 06:24:01,1,2,0,0,0,0,0,0,0,0,0,0,0,0,0,0,0,N,N,N
2012-10-05 00:00:00,Z,V-5,27153980,20389,3,A,12264,24,SCHA00,9220,2012-10-05 06:21:08,2012-10-05 06:24:25,1,2,0,0,0,0,0,0,0,0,0,0,0,0,0,0,0,N,N,N
2012-10-05 00:00:00,Z,V-5,27153980,20389,3,A,12264,25,BOSY01,10069,2012-10-05 06:23:00,2012-10-05 06:25:20,1,2,0,0,0,0,0,0,0,0,0,0,0,0,0,0,0,N,N,N
2012-10-05 00:00:00,Z,V-5,27153980,20389,3,A,12264,26,_BSDNF,11261,2012-10-05 06:25:10,2012-10-05 06:26:46,1,2,0,0,0,0,0,0,0,0,0,0,0,0,0,0,0,N,N,N
2012-10-05 00:00:00,Z,V-5,27153980,20389,3,A,12264,27,BOCH00,12264,2012-10-05 06:27:00,2012-10-05 06:29:26,1,2,0,1,0,0,0,0,1,0,0,0,0,0,0,0,0,N,N,N
2012-10-05 00:00:00,Z,V-5,27153981,20389,8,R,11981,1,BOCH00,0,2012-10-05 06:40:00,2012-10-05 06:41:05,39,38,9,0,9,1,0,5,0,1,0,2,0,0,0,0,0,N,N,N
2012-10-05 00:00:00,Z,V-5,27153981,20389,8,R,11981,2,_BSDNS,1044,2012-10-05 06:42:00,2012-10-05 06:43:37,39,38,0,0,9,0,0,0,0,0,0,0,0,0,0,0,0,N,N,N
2012-10-05 00:00:00,Z,V-5,27153981,20389,8,R,11981,3,BOSY00,2259,2012-10-05 06:44:20,2012-10-05 06:45:43,39,38,0,0,9,0,0,0,0,0,0,0,0,0,0,0,0,N,N,N
2012-10-05 00:00:00,Z,V-5,27153981,20389,8,R,11981,4,SCHA01,3119,2012-10-05 06:46:26,2012-10-05 06:47:00,39,38,0,0,9,0,0,0,0,0,0,0,0,0,0,0,0,N,N,N
2012-10-05 00:00:00,Z,V-5,27153981,20389,8,R,11981,5,CXEC01,3392,2012-10-05 06:47:06,2012-10-05 06:47:52,39,38,8,0,17,0,0,6,0,1,0,1,0,0,0,0,0,N,N,N
2012-10-05 00:00:00,Z,V-5,27153981,20389,8,R,11981,6,CXCE01,3755,2012-10-05 06:48:00,2012-10-05 06:49:21,39,38,2,0,19,0,0,0,0,2,0,0,0,0,0,0,0,N,N,N
2012-10-05 00:00:00,Z,V-5,27153981,20389,8,R,11981,7,PREL01,4113,2012-10-05 06:48:52,2012-10-05 06:50:26,39,38,0,0,19,0,0,0,0,0,0,0,0,0,0,0,0,N,N,N
2012-10-05 00:00:00,Z,V-5,27153981,20389,8,R,11981,8,VRLP01,4615,,2012-10-05 06:51:34,39,38,3,0,22,0,0,1,0,1,0,1,0,0,0,0,0,N,Y,Y
2012-10-05 00:00:00,Z,V-5,27153981,20389,8,R,11981,9,PLNT01,5303,2012-10-05 06:51:45,2012-10-05 06:53:01,39,38,1,0,23,0,0,0,0,1,0,0,0,0,0,0,0,N,N,N
2012-10-05 00:00:00,Z,V-5,27153981,20389,8,R,11981,10,COLO01,5674,2012-10-05 06:52:40,2012-10-05 06:54:23,39,38,6,0,29,0,0,1,0,4,0,1,0,0,0,0,0,N,N,N
2012-10-05 00:00:00,Z,V-5,27153981,20389,8,R,11981,11,CLYS01,6307,2012-10-05 06:54:21,2012-10-05 06:55:45,39,38,0,0,29,0,0,0,0,0,0,0,0,0,0,0,0,N,N,N
2012-10-05 00:00:00,Z,V-5,27153981,20389,8,R,11981,12,NANT01,6764,2012-10-05 06:55:35,2012-10-05 06:57:16,39,38,3,0,32,0,0,1,0,1,0,1,0,0,0,0,0,N,N,N
2012-10-05 00:00:00,Z,V-5,27153981,20389,8,R,11981,13,MACH01,7162,2012-10-05 06:56:39,2012-10-05 06:58:37,39,38,3,0,35,0,0,2,0,1,0,0,0,0,0,0,0,N,N,N
2012-10-05 00:00:00,Z,V-5,27153981,20389,8,R,11981,14,FTAI01,7546,2012-10-05 06:57:41,2012-10-05 06:59:36,39,38,0,0,35,0,0,0,0,0,0,0,0,0,0,0,0,N,N,N
2012-10-05 00:00:00,Z,V-5,27153981,20389,8,R,11981,15,CARO01,7840,2012-10-05 06:58:28,2012-10-05 07:00:35,39,38,1,0,36,0,0,0,0,1,0,0,0,0,0,0,0,N,N,N
2012-10-05 00:00:00,Z,V-5,27153981,20389,8,R,11981,16,CBFO01,8158,2012-10-05 06:59:20,2012-10-05 07:01:28,39,38,1,0,37,0,0,1,0,0,0,0,0,0,0,0,0,N,N,N
2012-10-05 00:00:00,Z,V-5,27153981,20389,8,R,11981,17,CBPL01,8338,2012-10-05 06:59:45,2012-10-05 07:02:08,39,38,0,0,37,0,0,0,0,0,0,0,0,0,0,0,0,N,N,N
2012-10-05 00:00:00,Z,V-5,27153981,20389,8,R,11981,18,PYMA01,8949,2012-10-05 07:01:13,2012-10-05 07:03:21,39,38,0,0,37,0,0,0,0,0,0,0,0,0,0,0,0,N,N,N
2012-10-05 00:00:00,Z,V-5,27153981,20389,8,R,11981,19,PYVI01,9276,2012-10-05 07:02:00,2012-10-05 07:04:20,39,38,1,0,38,0,0,1,0,0,0,0,0,0,0,0,0,N,N,N
2012-10-05 00:00:00,Z,V-5,27153981,20389,8,R,11981,20,PENT01,9556,2012-10-05 07:02:44,2012-10-05 07:04:56,39,38,0,0,38,0,0,0,0,0,0,0,0,0,0,0,0,N,N,N
2012-10-05 00:00:00,Z,V-5,27153981,20389,8,R,11981,21,FENE01,9826,2012-10-05 07:03:26,2012-10-05 07:05:47,39,38,0,0,38,0,0,0,0,0,0,0,0,0,0,0,0,N,N,N
2012-10-05 00:00:00,Z,V-5,27153981,20389,8,R,11981,22,APIA03,10197,2012-10-05 07:04:25,2012-10-05 07:06:36,39,38,0,2,36,0,0,0,1,0,0,0,1,0,0,0,0,N,N,N
2012-10-05 00:00:00,Z,V-5,27153981,20389,8,R,11981,23,NATI14,10798,2012-10-05 07:06:00,2012-10-05 07:08:25,39,38,0,12,24,0,0,0,7,0,2,0,3,0,0,0,0,N,N,N
2012-10-05 00:00:00,Z,V-5,27153981,20389,8,R,11981,24,VRBE02,10997,2012-10-05 07:06:40,2012-10-05 07:10:30,39,38,0,0,24,0,0,0,0,0,0,0,0,0,0,0,0,N,N,N
2012-10-05 00:00:00,Z,V-5,27153981,20389,8,R,11981,25,VLAI01,11497,2012-10-05 07:08:21,2012-10-05 07:11:50,39,38,1,0,25,0,0,1,0,0,0,0,0,0,0,0,0,N,N,N
2012-10-05 00:00:00,Z,V-5,27153981,20389,8,R,11981,26,CVIN22,11981,2012-10-05 07:10:00,2012-10-05 07:13:03,39,38,0,24,1,0,4,0,9,0,8,0,3,0,0,0,0,N,N,N
2012-10-05 00:00:00,V,V-5,27153982,20389,8,A,15766,1,CVIN22,0,2012-10-05 07:18:00,2012-10-05 07:18:07,133,127,13,0,13,1,0,1,0,3,0,8,0,0,0,0,0,N,Y,Y
2012-10-05 00:00:00,V,V-5,27153982,20389,8,A,15766,2,POST00,451,2012-10-05 07:20:09,2012-10-05 07:21:34,133,127,8,0,21,0,0,2,0,3,0,3,0,0,0,0,0,N,N,N
2012-10-05 00:00:00,V,V-5,27153982,20389,8,A,15766,3,VLAI00,832,2012-10-05 07:21:58,2012-10-05 07:22:42,133,127,1,0,22,0,0,0,0,1,0,0,0,0,0,0,0,N,N,N
2012-10-05 00:00:00,V,V-5,27153982,20389,8,A,15766,4,VRBE01,1280,2012-10-05 07:24:06,2012-10-05 07:23:51,133,127,0,1,21,0,0,0,0,0,0,0,1,0,0,0,0,N,N,N
2012-10-05 00:00:00,V,V-5,27153982,20389,8,A,15766,5,NATI15,1465,2012-10-05 07:25:00,2012-10-05 07:24:38,133,127,4,0,25,0,0,4,0,0,0,0,0,0,0,0,0,N,N,N
2012-10-05 00:00:00,V,V-5,27153982,20389,8,A,15766,6,APIA02,2123,2012-10-05 07:27:16,2012-10-05 07:26:36,133,127,1,5,21,0,0,1,2,0,1,0,2,0,0,0,0,N,N,N
2012-10-05 00:00:00,V,V-5,27153982,20389,8,A,15766,7,FENE00,2490,2012-10-05 07:28:31,2012-10-05 07:27:41,133,127,0,0,21,0,0,0,0,0,0,0,0,0,0,0,0,N,N,N
2012-10-05 00:00:00,V,V-5,27153982,20389,8,A,15766,8,PENT00,2746,2012-10-05 07:29:24,2012-10-05 07:28:39,133,127,0,0,21,0,0,0,0,0,0,0,0,0,0,0,0,N,N,N
2012-10-05 00:00:00,V,V-5,27153982,20389,8,A,15766,9,PYVI00,3013,2012-10-05 07:30:20,2012-10-05 07:29:26,133,127,0,2,19,0,0,0,2,0,0,0,0,0,0,0,0,N,N,N
2012-10-05 00:00:00,V,V-5,27153982,20389,8,A,15766,10,PYMA00,3399,2012-10-05 07:31:26,2012-10-05 07:30:33,133,127,0,1,18,0,0,0,0,0,0,0,1,0,0,0,0,N,N,N
2012-10-05 00:00:00,V,V-5,27153982,20389,8,A,15766,11,CBPL00,3980,2012-10-05 07:33:06,2012-10-05 07:31:59,133,127,1,3,16,0,0,1,0,0,2,0,1,0,0,0,0,N,N,N
2012-10-05 00:00:00,V,V-5,27153982,20389,8,A,15766,12,CBFO00,4174,2012-10-05 07:33:40,2012-10-05 07:32:44,133,127,1,1,16,0,0,0,1,1,0,0,0,0,0,0,0,N,N,N
2012-10-05 00:00:00,V,V-5,27153982,20389,8,A,15766,13,CARO00,4499,2012-10-05 07:34:25,2012-10-05 07:33:45,133,127,1,5,12,0,0,1,4,0,0,0,1,0,0,0,0,N,N,N
2012-10-05 00:00:00,V,V-5,27153982,20389,8,A,15766,14,FTAI00,4821,2012-10-05 07:35:10,2012-10-05 07:34:30,133,127,0,0,12,0,0,0,0,0,0,0,0,0,0,0,0,N,N,N
2012-10-05 00:00:00,V,V-5,27153982,20389,8,A,15766,15,MACH00,5174,2012-10-05 07:35:59,2012-10-05 07:35:24,133,127,3,2,13,0,1,3,0,0,1,0,0,0,0,0,0,N,N,N
2012-10-05 00:00:00,V,V-5,27153982,20389,8,A,15766,16,NANT00,5544,2012-10-05 07:36:51,2012-10-05 07:36:27,133,127,4,0,17,0,0,1,0,2,0,1,0,0,0,0,0,N,N,N
2012-10-05 00:00:00,V,V-5,27153982,20389,8,A,15766,17,CLYS00,5950,2012-10-05 07:37:47,2012-10-05 07:37:51,133,127,0,0,17,0,0,0,0,0,0,0,0,0,0,0,0,N,N,N
2012-10-05 00:00:00,V,V-5,27153982,20389,8,A,15766,18,COLO00,6609,2012-10-05 07:39:20,2012-10-05 07:38:50,133,127,0,0,17,0,0,0,0,0,0,0,0,0,0,0,0,N,N,N
2012-10-05 00:00:00,V,V-5,27153982,20389,8,A,15766,19,CHTS00,6962,2012-10-05 07:40:12,2012-10-05 07:39:29,133,127,0,0,17,0,0,0,0,0,0,0,0,0,0,0,0,N,N,N
2012-10-05 00:00:00,V,V-5,27153982,20389,8,A,15766,20,VVRA00,7358,2012-10-05 07:41:11,2012-10-05 07:40:18,133,127,8,1,24,3,1,0,0,0,0,5,0,0,0,0,0,N,N,N
2012-10-05 00:00:00,V,V-5,27153982,20389,8,A,15766,21,VXVV00,7897,2012-10-05 07:42:32,2012-10-05 07:41:43,133,127,2,2,24,0,0,2,1,0,1,0,0,0,0,0,0,N,N,N
2012-10-05 00:00:00,V,V-5,27153982,20389,8,A,15766,22,CNAE00,8277,2012-10-05 07:43:28,2012-10-05 07:42:55,133,127,10,0,34,6,0,1,0,3,0,0,0,0,0,0,0,N,N,N
2012-10-05 00:00:00,V,V-5,27153982,20389,8,A,15766,23,GEBE00,8620,2012-10-05 07:44:20,2012-10-05 07:43:56,133,127,7,3,38,0,0,1,0,4,3,2,0,0,0,0,0,N,N,N
2012-10-05 00:00:00,V,V-5,27153982,20389,8,A,15766,24,SAGY00,9131,2012-10-05 07:45:35,2012-10-05 07:44:47,133,127,0,0,38,0,0,0,0,0,0,0,0,0,0,0,0,N,N,N
2012-10-05 00:00:00,V,V-5,27153982,20389,8,A,15766,25,GTVI00,9834,2012-10-05 07:47:20,2012-10-05 07:46:47,133,127,9,2,45,1,0,3,1,5,0,0,1,0,0,0,0,N,N,N
2012-10-05 00:00:00,V,V-5,27153982,20389,8,A,15766,26,PRLA00,10324,2012-10-05 07:48:46,2012-10-05 07:48:13,133,127,2,3,44,0,0,1,3,1,0,0,0,0,0,0,0,N,N,N
2012-10-05 00:00:00,V,V-5,27153982,20389,8,A,15766,27,MLGN00,10555,2012-10-05 07:49:27,2012-10-05 07:48:45,133,127,0,0,44,0,0,0,0,0,0,0,0,0,0,0,0,N,N,N
2012-10-05 00:00:00,V,V-5,27153982,20389,8,A,15766,28,FAYA00,11161,2012-10-05 07:51:15,2012-10-05 07:50:30,133,127,35,1,78,2,0,12,0,13,0,8,1,0,0,0,0,N,N,N
2012-10-05 00:00:00,V,V-5,27153982,20389,8,A,15766,29,ENVE00,11524,2012-10-05 07:52:20,2012-10-05 07:51:40,133,127,8,8,78,2,0,0,3,6,1,0,4,0,0,0,0,N,N,N
2012-10-05 00:00:00,V,V-5,27153982,20389,8,A,15766,30,VXBO00,11856,2012-10-05 07:53:35,2012-10-05 07:54:09,133,127,3,1,80,0,0,3,1,0,0,0,0,0,0,0,0,N,N,N
2012-10-05 00:00:00,V,V-5,27153982,20389,8,A,15766,31,VXGA00,12320,2012-10-05 07:55:20,2012-10-05 07:56:17,133,127,7,57,30,2,7,2,11,3,23,0,16,0,0,0,0,N,N,N
2012-10-05 00:00:00,V,V-5,27153982,20389,8,A,15766,32,ALCH00,12782,2012-10-05 07:56:43,2012-10-05 07:57:33,133,127,5,0,35,5,0,0,0,0,0,0,0,0,0,0,0,N,N,N
2012-10-05 00:00:00,V,V-5,27153982,20389,8,A,15766,33,AMAR00,13135,2012-10-05 07:57:47,2012-10-05 07:59:21,133,127,0,19,16,0,5,0,10,0,2,0,2,0,0,0,0,N,N,N
2012-10-05 00:00:00,V,V-5,27153982,20389,8,A,15766,34,PCEA00,13575,2012-10-05 07:59:07,2012-10-05 08:00:46,133,127,0,2,14,0,0,0,2,0,0,0,0,0,0,0,0,N,N,N
2012-10-05 00:00:00,V,V-5,27153982,20389,8,A,15766,35,POCH00,14010,2012-10-05 08:00:26,2012-10-05 08:02:33,133,127,0,2,12,0,2,0,0,0,0,0,0,0,0,0,0,N,N,N
2012-10-05 00:00:00,V,V-5,27153982,20389,8,A,15766,36,MTFL00,14409,2012-10-05 08:01:38,2012-10-05 08:04:18,133,127,0,2,10,0,0,0,0,0,2,0,0,0,0,0,0,N,N,N
2012-10-05 00:00:00,V,V-5,27153982,20389,8,A,15766,37,ECOG00,15187,2012-10-05 08:04:00,2012-10-05 08:06:52,133,127,0,2,8,0,0,0,2,0,0,0,0,0,0,0,0,N,N,N
2012-10-05 00:00:00,V,V-5,27153982,20389,8,A,15766,38,CSLB01,15766,2012-10-05 08:05:00,2012-10-05 08:07:56,133,127,0,2,6,0,0,0,1,0,0,0,1,0,0,0,0,N,N,N
2012-10-05 00:00:00,V,V-5,27153983,20389,9,R,15484,1,CSLB01,0,2012-10-05 08:11:00,2012-10-05 08:12:20,48,41,1,0,1,1,0,0,0,0,0,0,0,0,0,0,0,N,N,N
2012-10-05 00:00:00,V,V-5,27153983,20389,9,R,15484,2,ECOG01,698,2012-10-05 08:13:00,2012-10-05 08:13:59,48,41,0,0,1,0,0,0,0,0,0,0,0,0,0,0,0,N,N,N
2012-10-05 00:00:00,V,V-5,27153983,20389,9,R,15484,3,MTFL01,1506,2012-10-05 08:15:22,2012-10-05 08:17:28,48,41,9,0,10,2,0,5,0,2,0,0,0,0,0,0,0,N,N,N
2012-10-05 00:00:00,V,V-5,27153983,20389,9,R,15484,4,POCH01,1821,2012-10-05 08:16:17,2012-10-05 08:19:49,48,41,0,0,10,0,0,0,0,0,0,0,0,0,0,0,0,N,N,N
2012-10-05 00:00:00,V,V-5,27153983,20389,9,R,15484,5,PCEA01,2338,2012-10-05 08:17:48,2012-10-05 08:21:59,48,41,1,0,11,0,0,1,0,0,0,0,0,0,0,0,0,N,N,N
2012-10-05 00:00:00,V,V-5,27153983,20389,9,R,15484,6,AMAR01,2762,2012-10-05 08:19:03,2012-10-05 08:23:17,48,41,2,0,13,0,0,2,0,0,0,0,0,0,0,0,0,N,N,N
2012-10-05 00:00:00,V,V-5,27153983,20389,9,R,15484,7,ALCH01,3092,2012-10-05 08:20:01,2012-10-05 08:24:19,48,41,3,0,16,0,0,1,0,2,0,0,0,0,0,0,0,N,N,N
2012-10-05 00:00:00,V,V-5,27153983,20389,9,R,15484,8,VXGA01,3540,2012-10-05 08:21:20,2012-10-05 08:25:26,48,41,6,9,13,2,2,2,6,2,1,0,0,0,0,0,0,N,N,N
2012-10-05 00:00:00,V,V-5,27153983,20389,9,R,15484,9,VXBO01,3959,2012-10-05 08:22:37,2012-10-05 08:26:38,48,41,0,1,12,0,0,0,0,0,1,0,0,0,0,0,0,N,N,N
2012-10-05 00:00:00,V,V-5,27153983,20389,9,R,15484,10,ENVE01,4406,2012-10-05 08:24:00,2012-10-05 08:28:16,48,41,0,0,12,0,0,0,0,0,0,0,0,0,0,0,0,N,N,N
2012-10-05 00:00:00,V,V-5,27153983,20389,9,R,15484,11,FAYA01,4683,2012-10-05 08:24:48,2012-10-05 08:29:13,48,41,6,5,13,0,2,4,2,2,1,0,0,0,0,0,0,N,N,N
2012-10-05 00:00:00,V,V-5,27153983,20389,9,R,15484,12,MLGN01,5220,2012-10-05 08:26:21,2012-10-05 08:30:34,48,41,0,1,12,0,0,0,0,0,1,0,0,0,0,0,0,N,N,N
2012-10-05 00:00:00,V,V-5,27153983,20389,9,R,15484,13,PRLA01,5556,2012-10-05 08:27:19,2012-10-05 08:31:28,48,41,1,0,13,0,0,0,0,1,0,0,0,0,0,0,0,N,N,N
2012-10-05 00:00:00,V,V-5,27153983,20389,9,R,15484,14,GTVI01,6020,2012-10-05 08:28:40,2012-10-05 08:32:52,48,41,3,0,16,1,0,1,0,1,0,0,0,0,0,0,0,N,N,N
2012-10-05 00:00:00,V,V-5,27153983,20389,9,R,15484,15,SAGY01,6738,2012-10-05 08:30:12,2012-10-05 08:34:40,48,41,0,0,16,0,0,0,0,0,0,0,0,0,0,0,0,N,N,N
2012-10-05 00:00:00,V,V-5,27153983,20389,9,R,15484,16,GEBE01,7265,2012-10-05 08:31:20,2012-10-05 08:35:27,48,41,0,0,16,0,0,0,0,0,0,0,0,0,0,0,0,N,N,N
2012-10-05 00:00:00,V,V-5,27153983,20389,9,R,15484,17,CNAE01,7573,2012-10-05 08:32:04,2012-10-05 08:36:03,48,41,0,0,16,0,0,0,0,0,0,0,0,0,0,0,0,N,N,N
2012-10-05 00:00:00,V,V-5,27153983,20389,9,R,15484,18,VXVV01,7895,2012-10-05 08:32:50,2012-10-05 08:36:43,48,41,4,0,20,0,0,3,0,0,0,1,0,0,0,0,0,N,N,N
2012-10-05 00:00:00,V,V-5,27153983,20389,9,R,15484,19,VVRA01,8414,2012-10-05 08:34:05,2012-10-05 08:38:10,48,41,3,0,23,0,0,0,0,2,0,1,0,0,0,0,0,N,N,N
2012-10-05 00:00:00,V,V-5,27153983,20389,9,R,15484,20,CHTS01,8918,2012-10-05 08:35:17,2012-10-05 08:38:54,48,41,0,0,23,0,0,0,0,0,0,0,0,0,0,0,0,N,N,N
2012-10-05 00:00:00,V,V-5,27153983,20389,9,R,15484,21,COLO02,9214,2012-10-05 08:36:00,2012-10-05 08:39:22,48,41,0,0,23,0,0,0,0,0,0,0,0,0,0,0,0,N,N,N
2012-10-05 00:00:00,V,V-5,27153983,20389,9,R,15484,22,CLYS01,9810,2012-10-05 08:37:42,2012-10-05 08:40:39,48,41,0,0,23,0,0,0,0,0,0,0,0,0,0,0,0,N,N,N
2012-10-05 00:00:00,V,V-5,27153983,20389,9,R,15484,23,NANT01,10267,2012-10-05 08:39:00,2012-10-05 08:43:24,48,41,0,0,23,0,0,0,0,0,0,0,0,0,0,0,0,N,N,N
2012-10-05 00:00:00,V,V-5,27153983,20389,9,R,15484,24,MACH01,10665,2012-10-05 08:40:09,2012-10-05 08:44:30,48,41,3,1,25,0,0,0,0,3,1,0,0,0,0,0,0,N,N,N
2012-10-05 00:00:00,V,V-5,27153983,20389,9,R,15484,25,FTAI01,11049,2012-10-05 08:41:14,2012-10-05 08:45:06,48,41,0,0,25,0,0,0,0,0,0,0,0,0,0,0,0,N,N,N
2012-10-05 00:00:00,V,V-5,27153983,20389,9,R,15484,26,CARO01,11343,2012-10-05 08:42:05,2012-10-05 08:45:42,48,41,0,0,25,0,0,0,0,0,0,0,0,0,0,0,0,N,N,N
2012-10-05 00:00:00,V,V-5,27153983,20389,9,R,15484,27,CBFO01,11661,2012-10-05 08:43:00,2012-10-05 08:46:43,48,41,2,1,26,0,0,2,1,0,0,0,0,0,0,0,0,N,N,N
2012-10-05 00:00:00,V,V-5,27153983,20389,9,R,15484,28,CBPL01,11841,2012-10-05 08:43:28,2012-10-05 08:47:16,48,41,0,0,26,0,0,0,0,0,0,0,0,0,0,0,0,N,N,N
2012-10-05 00:00:00,V,V-5,27153983,20389,9,R,15484,29,PYMA01,12452,2012-10-05 08:45:07,2012-10-05 08:48:22,48,41,0,0,26,0,0,0,0,0,0,0,0,0,0,0,0,N,N,N
2012-10-05 00:00:00,V,V-5,27153983,20389,9,R,15484,30,PYVI01,12779,2012-10-05 08:46:00,2012-10-05 08:49:20,48,41,2,0,28,1,0,1,0,0,0,0,0,0,0,0,0,N,N,N
2012-10-05 00:00:00,V,V-5,27153983,20389,9,R,15484,31,PENT01,13059,2012-10-05 08:46:47,2012-10-05 08:50:10,48,41,0,4,24,0,0,0,3,0,0,0,1,0,0,0,0,N,N,N
2012-10-05 00:00:00,V,V-5,27153983,20389,9,R,15484,32,FENE01,13329,2012-10-05 08:47:33,2012-10-05 08:50:49,48,41,0,0,24,0,0,0,0,0,0,0,0,0,0,0,0,N,N,N
2012-10-05 00:00:00,V,V-5,27153983,20389,9,R,15484,33,APIA03,13700,2012-10-05 08:48:37,2012-10-05 08:51:39,48,41,2,2,24,0,0,2,1,0,1,0,0,0,0,0,0,N,N,N
2012-10-05 00:00:00,V,V-5,27153983,20389,9,R,15484,34,NATI14,14301,2012-10-05 08:50:20,2012-10-05 08:53:42,48,41,0,13,11,0,2,0,5,0,4,0,2,0,0,0,0,N,N,N
2012-10-05 00:00:00,V,V-5,27153983,20389,9,R,15484,35,VRBE02,14500,2012-10-05 08:51:03,2012-10-05 08:56:13,48,41,0,1,10,0,0,0,0,0,0,0,1,0,0,0,0,N,N,N
2012-10-05 00:00:00,V,V-5,27153983,20389,9,R,15484,36,VLAI01,15000,2012-10-05 08:52:53,2012-10-05 08:57:37,48,41,0,3,7,0,2,0,1,0,0,0,0,0,0,0,0,N,N,N
2012-10-05 00:00:00,Z,V-5,27153984,20389,4,A,10163,1,CVIN22,0,2012-10-05 10:00:00,2012-10-05 10:03:14,45,37,22,0,22,13,0,7,0,2,0,0,0,0,0,0,0,N,N,Y
2012-10-05 00:00:00,Z,V-5,27153984,20389,4,A,10163,2,POST00,451,2012-10-05 10:02:15,2012-10-05 10:06:43,45,37,0,0,22,0,0,0,0,0,0,0,0,0,0,0,0,N,N,N
2012-10-05 00:00:00,Z,V-5,27153984,20389,4,A,10163,3,VLAI00,832,2012-10-05 10:04:09,2012-10-05 10:07:54,45,37,4,0,26,0,0,4,0,0,0,0,0,0,0,0,0,N,N,N
2012-10-05 00:00:00,Z,V-5,27153984,20389,4,A,10163,4,VRBE01,1280,2012-10-05 10:06:24,2012-10-05 10:09:02,45,37,4,0,30,0,0,2,0,2,0,0,0,0,0,0,0,N,N,N
2012-10-05 00:00:00,Z,V-5,27153984,20389,4,A,10163,5,NATI15,1465,2012-10-05 10:07:20,2012-10-05 10:11:51,45,37,5,3,32,0,0,3,3,2,0,0,0,0,0,0,0,N,N,N
2012-10-05 00:00:00,Z,V-5,27153984,20389,4,A,10163,6,APIA02,2123,2012-10-05 10:09:44,2012-10-05 10:13:41,45,37,4,0,36,0,0,3,0,0,0,1,0,0,0,0,0,N,N,N
2012-10-05 00:00:00,Z,V-5,27153984,20389,4,A,10163,7,FENE00,2490,2012-10-05 10:11:05,2012-10-05 10:14:30,45,37,0,0,36,0,0,0,0,0,0,0,0,0,0,0,0,N,N,N
2012-10-05 00:00:00,Z,V-5,27153984,20389,4,A,10163,8,PENT00,2746,2012-10-05 10:12:01,2012-10-05 10:15:20,45,37,0,4,32,0,0,0,3,0,1,0,0,0,0,0,0,N,N,N
2012-10-05 00:00:00,Z,V-5,27153984,20389,4,A,10163,9,PYVI00,3013,2012-10-05 10:13:00,2012-10-05 10:16:07,45,37,0,1,31,0,0,0,1,0,0,0,0,0,0,0,0,N,N,N
2012-10-05 00:00:00,Z,V-5,27153984,20389,4,A,10163,10,PYMA00,3399,2012-10-05 10:13:59,2012-10-05 10:17:17,45,37,0,1,30,0,0,0,0,0,1,0,0,0,0,0,0,N,N,N
2012-10-05 00:00:00,Z,V-5,27153984,20389,4,A,10163,11,CBPL00,3980,2012-10-05 10:15:29,2012-10-05 10:18:48,45,37,0,3,27,0,0,0,3,0,0,0,0,0,0,0,0,N,N,N
2012-10-05 00:00:00,Z,V-5,27153984,20389,4,A,10163,12,CBFO00,4174,2012-10-05 10:16:00,2012-10-05 10:19:42,45,37,0,2,25,0,0,0,0,0,2,0,0,0,0,0,0,N,N,N
2012-10-05 00:00:00,Z,V-5,27153984,20389,4,A,10163,13,CARO00,4499,2012-10-05 10:16:42,2012-10-05 10:20:35,45,37,0,4,21,0,0,0,2,0,0,0,2,0,0,0,0,N,N,N
2012-10-05 00:00:00,Z,V-5,27153984,20389,4,A,10163,14,FTAI00,4821,2012-10-05 10:17:25,2012-10-05 10:21:29,45,37,0,1,20,0,0,0,0,0,0,0,1,0,0,0,0,N,N,N
2012-10-05 00:00:00,Z,V-5,27153984,20389,4,A,10163,15,MACH00,5174,2012-10-05 10:18:11,2012-10-05 10:23:33,45,37,6,6,20,6,6,0,0,0,0,0,0,0,0,0,0,N,N,N
2012-10-05 00:00:00,Z,V-5,27153984,20389,4,A,10163,16,NANT00,5544,2012-10-05 10:19:00,2012-10-05 10:24:28,45,37,0,1,19,0,0,0,0,0,1,0,0,0,0,0,0,N,N,N
2012-10-05 00:00:00,Z,V-5,27153984,20389,4,A,10163,17,CLYS00,5950,2012-10-05 10:19:53,2012-10-05 10:25:05,45,37,0,0,19,0,0,0,0,0,0,0,0,0,0,0,0,N,N,N
2012-10-05 00:00:00,Z,V-5,27153984,20389,4,A,10163,18,COLO00,6609,2012-10-05 10:21:20,2012-10-05 10:26:01,45,37,0,0,19,0,0,0,0,0,0,0,0,0,0,0,0,N,N,N
2012-10-05 00:00:00,Z,V-5,27153984,20389,4,A,10163,19,PLNT00,7006,2012-10-05 10:22:09,2012-10-05 10:26:44,45,37,0,0,19,0,0,0,0,0,0,0,0,0,0,0,0,N,N,N
2012-10-05 00:00:00,Z,V-5,27153984,20389,4,A,10163,20,VRLP00,7677,2012-10-05 10:23:32,2012-10-05 10:27:43,45,37,0,0,19,0,0,0,0,0,0,0,0,0,0,0,0,N,N,N
2012-10-05 00:00:00,Z,V-5,27153984,20389,4,A,10163,21,PREL00,8090,2012-10-05 10:24:24,2012-10-05 10:28:29,45,37,0,0,19,0,0,0,0,0,0,0,0,0,0,0,0,N,N,N
2012-10-05 00:00:00,Z,V-5,27153984,20389,4,A,10163,22,CXCE00,8540,2012-10-05 10:25:20,2012-10-05 10:29:30,45,37,0,0,19,0,0,0,0,0,0,0,0,0,0,0,0,N,N,N
2012-10-05 00:00:00,Z,V-5,27153984,20389,4,A,10163,23,CXEC00,8927,2012-10-05 10:26:02,2012-10-05 10:30:53,45,37,0,8,11,0,3,0,3,0,0,0,2,0,0,0,0,N,N,N
2012-10-05 00:00:00,Z,V-5,27153984,20389,4,A,10163,24,SCHA00,9220,2012-10-05 10:26:35,2012-10-05 10:31:21,45,37,0,0,11,0,0,0,0,0,0,0,0,0,0,0,0,N,N,N
2012-10-05 00:00:00,Z,V-5,27153984,20389,4,A,10163,25,BOSY00,10163,2012-10-05 10:28:20,2012-10-05 10:32:41,45,37,0,3,8,0,2,0,1,0,0,0,0,0,0,0,0,N,N,N
2012-10-05 00:00:00,Z,V-5,27153985,20389,9,R,9722,1,BOSY00,0,2012-10-05 10:41:00,2012-10-05 10:42:10,34,34,8,0,8,0,0,0,0,0,0,8,0,0,0,0,0,N,N,N
2012-10-05 00:00:00,Z,V-5,27153985,20389,9,R,9722,2,SCHA01,860,2012-10-05 10:43:06,2012-10-05 10:43:35,34,34,0,0,8,0,0,0,0,0,0,0,0,0,0,0,0,N,N,N
2012-10-05 00:00:00,Z,V-5,27153985,20389,9,R,9722,3,CXEC01,1133,2012-10-05 10:43:46,2012-10-05 10:44:29,34,34,4,0,12,0,0,4,0,0,0,0,0,0,0,0,0,N,N,N
2012-10-05 00:00:00,Z,V-5,27153985,20389,9,R,9722,4,CXCE01,1496,2012-10-05 10:44:40,2012-10-05 10:45:58,34,34,1,3,10,0,0,0,0,0,0,1,3,0,0,0,0,N,N,N
2012-10-05 00:00:00,Z,V-5,27153985,20389,9,R,9722,5,PREL01,1854,2012-10-05 10:45:32,2012-10-05 10:47:00,34,34,1,0,11,1,0,0,0,0,0,0,0,0,0,0,0,N,N,N
2012-10-05 00:00:00,Z,V-5,27153985,20389,9,R,9722,6,VRLP01,2356,,2012-10-05 10:48:12,34,34,2,0,13,0,0,0,0,0,0,2,0,0,0,0,0,N,Y,Y
2012-10-05 00:00:00,Z,V-5,27153985,20389,9,R,9722,7,PLNT01,3044,2012-10-05 10:48:25,2012-10-05 10:49:22,34,34,0,0,13,0,0,0,0,0,0,0,0,0,0,0,0,N,N,N
2012-10-05 00:00:00,Z,V-5,27153985,20389,9,R,9722,8,COLO01,3415,2012-10-05 10:49:20,2012-10-05 10:50:11,34,34,0,0,13,0,0,0,0,0,0,0,0,0,0,0,0,N,N,N
2012-10-05 00:00:00,Z,V-5,27153985,20389,9,R,9722,9,CLYS01,4048,2012-10-05 10:51:27,2012-10-05 10:51:36,34,34,0,0,13,0,0,0,0,0,0,0,0,0,0,0,0,N,N,N
2012-10-05 00:00:00,Z,V-5,27153985,20389,9,R,9722,10,NANT01,4505,2012-10-05 10:52:59,2012-10-05 10:52:53,34,34,3,0,16,1,0,0,0,0,0,2,0,0,0,0,0,N,N,N
2012-10-05 00:00:00,Z,V-5,27153985,20389,9,R,9722,11,MACH01,4903,2012-10-05 10:54:19,2012-10-05 10:53:56,34,34,0,0,16,0,0,0,0,0,0,0,0,0,0,0,0,N,N,N
2012-10-05 00:00:00,Z,V-5,27153985,20389,9,R,9722,12,FTAI01,5287,2012-10-05 10:55:36,2012-10-05 10:55:03,34,34,7,0,23,7,0,0,0,0,0,0,0,0,0,0,0,N,N,N
2012-10-05 00:00:00,Z,V-5,27153985,20389,9,R,9722,13,CARO01,5581,2012-10-05 10:56:35,2012-10-05 10:56:21,34,34,1,0,24,0,0,0,0,0,0,1,0,0,0,0,0,N,N,N
2012-10-05 00:00:00,Z,V-5,27153985,20389,9,R,9722,14,CBFO01,5899,2012-10-05 10:57:40,2012-10-05 10:57:27,34,34,4,0,28,1,0,3,0,0,0,0,0,0,0,0,0,N,N,N
2012-10-05 00:00:00,Z,V-5,27153985,20389,9,R,9722,15,CBPL01,6079,2012-10-05 10:58:05,2012-10-05 10:58:14,34,34,0,0,28,0,0,0,0,0,0,0,0,0,0,0,0,N,N,N
2012-10-05 00:00:00,Z,V-5,27153985,20389,9,R,9722,16,PYMA01,6690,2012-10-05 10:59:33,2012-10-05 10:59:46,34,34,2,5,25,0,0,0,2,0,3,2,0,0,0,0,0,N,N,N
2012-10-05 00:00:00,Z,V-5,27153985,20389,9,R,9722,17,PYVI01,7017,2012-10-05 11:00:20,2012-10-05 11:01:08,34,34,1,0,26,0,0,1,0,0,0,0,0,0,0,0,0,N,N,N
2012-10-05 00:00:00,Z,V-5,27153985,20389,9,R,9722,18,PENT01,7297,2012-10-05 11:01:07,2012-10-05 11:01:57,34,34,0,3,23,0,0,0,0,0,2,0,1,0,0,0,0,N,N,N
2012-10-05 00:00:00,Z,V-5,27153985,20389,9,R,9722,19,FENE01,7567,2012-10-05 11:01:53,2012-10-05 11:02:38,34,34,0,0,23,0,0,0,0,0,0,0,0,0,0,0,0,N,N,N
2012-10-05 00:00:00,Z,V-5,27153985,20389,9,R,9722,20,APIA03,7938,2012-10-05 11:02:57,2012-10-05 11:03:45,34,34,0,1,22,0,0,0,0,0,0,0,1,0,0,0,0,N,N,N
2012-10-05 00:00:00,Z,V-5,27153985,20389,9,R,9722,21,NATI14,8539,2012-10-05 11:04:40,2012-10-05 11:06:08,34,34,0,12,10,0,2,0,7,0,1,0,2,0,0,0,0,N,N,N
2012-10-05 00:00:00,Z,V-5,27153985,20389,9,R,9722,22,VRBE02,8738,2012-10-05 11:05:23,2012-10-05 11:08:01,34,34,0,0,10,0,0,0,0,0,0,0,0,0,0,0,0,N,N,N
2012-10-05 00:00:00,Z,V-5,27153985,20389,9,R,9722,23,VLAI01,9238,2012-10-05 11:07:13,2012-10-05 11:09:17,34,34,0,0,10,0,0,0,0,0,0,0,0,0,0,0,0,N,N,N
2012-10-05 00:00:00,Z,V-5,27153985,20389,9,R,9722,24,CVIN22,9722,2012-10-05 11:09:00,2012-10-05 11:10:37,34,34,0,10,0,0,0,0,5,0,3,0,2,0,0,0,0,N,N,N
2012-10-05 00:00:00,V,V-5,27153986,20389,8,A,15766,1,CVIN22,0,2012-10-05 11:30:00,2012-10-05 11:30:11,128,126,9,0,9,1,0,6,0,2,0,0,0,0,0,0,0,N,Y,Y
2012-10-05 00:00:00,V,V-5,27153986,20389,8,A,15766,2,POST00,451,2012-10-05 11:32:09,2012-10-05 11:32:41,128,126,2,0,11,1,0,1,0,0,0,0,0,0,0,0,0,N,N,N
2012-10-05 00:00:00,V,V-5,27153986,20389,8,A,15766,3,VLAI00,832,2012-10-05 11:33:58,2012-10-05 11:33:55,128,126,0,0,11,0,0,0,0,0,0,0,0,0,0,0,0,N,N,N
2012-10-05 00:00:00,V,V-5,27153986,20389,8,A,15766,4,VRBE01,1280,2012-10-05 11:36:06,2012-10-05 11:35:28,128,126,0,1,10,0,1,0,0,0,0,0,0,0,0,0,0,N,N,N
2012-10-05 00:00:00,V,V-5,27153986,20389,8,A,15766,5,NATI15,1465,2012-10-05 11:37:00,2012-10-05 11:38:37,128,126,10,0,20,1,0,8,0,1,0,0,0,0,0,0,0,N,N,N
2012-10-05 00:00:00,V,V-5,27153986,20389,8,A,15766,6,APIA02,2123,2012-10-05 11:39:07,2012-10-05 11:41:16,128,126,2,0,22,0,0,1,0,1,0,0,0,0,0,0,0,N,N,N
2012-10-05 00:00:00,V,V-5,27153986,20389,8,A,15766,7,FENE00,2490,2012-10-05 11:40:18,2012-10-05 11:42:17,128,126,0,1,21,0,0,0,1,0,0,0,0,0,0,0,0,N,N,N
2012-10-05 00:00:00,V,V-5,27153986,20389,8,A,15766,8,PENT00,2746,2012-10-05 11:41:08,2012-10-05 11:43:13,128,126,0,4,17,0,1,0,3,0,0,0,0,0,0,0,0,N,N,N
2012-10-05 00:00:00,V,V-5,27153986,20389,8,A,15766,9,PYVI00,3013,2012-10-05 11:42:00,2012-10-05 11:43:49,128,126,0,0,17,0,0,0,0,0,0,0,0,0,0,0,0,N,N,N
2012-10-05 00:00:00,V,V-5,27153986,20389,8,A,15766,10,PYMA00,3399,2012-10-05 11:42:59,2012-10-05 11:44:51,128,126,2,1,18,0,0,0,0,2,1,0,0,0,0,0,0,N,N,N
2012-10-05 00:00:00,V,V-5,27153986,20389,8,A,15766,11,CBPL00,3980,2012-10-05 11:44:29,2012-10-05 11:46:07,128,126,0,1,17,0,0,0,1,0,0,0,0,0,0,0,0,N,N,N
2012-10-05 00:00:00,V,V-5,27153986,20389,8,A,15766,12,CBFO00,4174,2012-10-05 11:45:00,2012-10-05 11:46:58,128,126,3,5,15,2,0,1,2,0,3,0,0,0,0,0,0,N,N,N
2012-10-05 00:00:00,V,V-5,27153986,20389,8,A,15766,13,CARO00,4499,2012-10-05 11:45:45,2012-10-05 11:47:54,128,126,0,1,14,0,0,0,0,0,0,0,1,0,0,0,0,N,N,N
2012-10-05 00:00:00,V,V-5,27153986,20389,8,A,15766,14,FTAI00,4821,2012-10-05 11:46:30,2012-10-05 11:49:00,128,126,0,4,10,0,1,0,3,0,0,0,0,0,0,0,0,N,N,N
2012-10-05 00:00:00,V,V-5,27153986,20389,8,A,15766,15,MACH00,5174,2012-10-05 11:47:19,2012-10-05 11:49:59,128,126,2,1,11,0,0,2,1,0,0,0,0,0,0,0,0,N,N,N
2012-10-05 00:00:00,V,V-5,27153986,20389,8,A,15766,16,NANT00,5544,2012-10-05 11:48:11,2012-10-05 11:51:06,128,126,0,4,7,0,0,0,4,0,0,0,0,0,0,0,0,N,N,N
2012-10-05 00:00:00,V,V-5,27153986,20389,8,A,15766,17,CLYS00,5950,2012-10-05 11:49:07,2012-10-05 11:52:01,128,126,0,0,7,0,0,0,0,0,0,0,0,0,0,0,0,N,N,N
2012-10-05 00:00:00,V,V-5,27153986,20389,8,A,15766,18,COLO00,6609,2012-10-05 11:50:40,2012-10-05 11:53:04,128,126,0,0,7,0,0,0,0,0,0,0,0,0,0,0,0,N,N,N
2012-10-05 00:00:00,V,V-5,27153986,20389,8,A,15766,19,CHTS00,6962,2012-10-05 11:51:25,2012-10-05 11:53:55,128,126,0,0,7,0,0,0,0,0,0,0,0,0,0,0,0,N,N,N
2012-10-05 00:00:00,V,V-5,27153986,20389,8,A,15766,20,VVRA00,7358,2012-10-05 11:52:16,2012-10-05 11:54:34,128,126,0,1,6,0,1,0,0,0,0,0,0,0,0,0,0,N,N,N
2012-10-05 00:00:00,V,V-5,27153986,20389,8,A,15766,21,VXVV00,7897,2012-10-05 11:53:26,2012-10-05 11:55:49,128,126,0,0,6,0,0,0,0,0,0,0,0,0,0,0,0,N,N,N
2012-10-05 00:00:00,V,V-5,27153986,20389,8,A,15766,22,CNAE00,8277,2012-10-05 11:54:15,2012-10-05 11:56:43,128,126,4,1,9,1,0,2,0,0,0,1,1,0,0,0,0,N,N,N
2012-10-05 00:00:00,V,V-5,27153986,20389,8,A,15766,23,GEBE00,8620,2012-10-05 11:55:00,2012-10-05 11:57:36,128,126,2,1,10,0,0,0,0,0,0,2,1,0,0,0,0,N,N,N
2012-10-05 00:00:00,V,V-5,27153986,20389,8,A,15766,24,SAGY00,9131,2012-10-05 11:56:15,2012-10-05 11:58:23,128,126,0,0,10,0,0,0,0,0,0,0,0,0,0,0,0,N,N,N
2012-10-05 00:00:00,V,V-5,27153986,20389,8,A,15766,25,GTVI00,9834,2012-10-05 11:58:00,2012-10-05 12:00:24,128,126,1,1,10,0,0,0,0,1,1,0,0,0,0,0,0,N,N,N
2012-10-05 00:00:00,V,V-5,27153986,20389,8,A,15766,26,PRLA00,10324,2012-10-05 11:59:21,2012-10-05 12:01:51,128,126,1,1,10,0,0,1,0,0,0,0,1,0,0,0,0,N,N,N
2012-10-05 00:00:00,V,V-5,27153986,20389,8,A,15766,27,MLGN00,10555,2012-10-05 11:59:59,2012-10-05 12:02:39,128,126,1,0,11,0,0,1,0,0,0,0,0,0,0,0,0,N,N,N
2012-10-05 00:00:00,V,V-5,27153986,20389,8,A,15766,28,FAYA00,11161,2012-10-05 12:01:39,2012-10-05 12:04:13,128,126,3,2,12,0,0,2,2,0,0,1,0,0,0,0,0,N,N,N
2012-10-05 00:00:00,V,V-5,27153986,20389,8,A,15766,29,ENVE00,11524,2012-10-05 12:02:40,2012-10-05 12:05:09,128,126,0,0,12,0,0,0,0,0,0,0,0,0,0,0,0,N,N,N
2012-10-05 00:00:00,V,V-5,27153986,20389,8,A,15766,30,VXBO00,11856,2012-10-05 12:03:55,2012-10-05 12:06:27,128,126,11,2,21,4,0,3,1,4,0,0,1,0,0,0,0,N,N,N
2012-10-05 00:00:00,V,V-5,27153986,20389,8,A,15766,31,VXGA00,12320,2012-10-05 12:05:40,2012-10-05 12:08:30,128,126,67,6,82,15,1,16,3,24,1,12,1,0,0,0,0,N,N,N
2012-10-05 00:00:00,V,V-5,27153986,20389,8,A,15766,32,ALCH00,12782,2012-10-05 12:07:03,2012-10-05 12:09:54,128,126,2,6,78,1,3,1,2,0,0,0,1,0,0,0,0,N,N,N
2012-10-05 00:00:00,V,V-5,27153986,20389,8,A,15766,33,AMAR00,13135,2012-10-05 12:08:07,2012-10-05 12:11:19,128,126,2,18,62,2,1,0,3,0,11,0,3,0,0,0,0,N,N,N
2012-10-05 00:00:00,V,V-5,27153986,20389,8,A,15766,34,PCEA00,13575,2012-10-05 12:09:27,2012-10-05 12:12:45,128,126,2,14,50,1,3,0,6,0,2,1,3,0,0,0,0,N,N,N
2012-10-05 00:00:00,V,V-5,27153986,20389,8,A,15766,35,POCH00,14010,2012-10-05 12:10:46,2012-10-05 12:14:06,128,126,1,6,45,1,4,0,0,0,1,0,1,0,0,0,0,N,N,N
2012-10-05 00:00:00,V,V-5,27153986,20389,8,A,15766,36,MTFL00,14409,2012-10-05 12:11:58,2012-10-05 12:16:33,128,126,1,42,4,0,6,1,15,0,18,0,3,0,0,0,0,N,N,N
2012-10-05 00:00:00,V,V-5,27153986,20389,8,A,15766,37,ECOG00,15187,2012-10-05 12:14:20,2012-10-05 12:18:29,128,126,0,1,3,0,0,0,1,0,0,0,0,0,0,0,0,N,N,N
2012-10-05 00:00:00,V,V-5,27153986,20389,8,A,15766,38,CSLB01,15766,2012-10-05 12:15:20,2012-10-05 12:19:35,128,126,0,1,2,0,0,0,1,0,0,0,0,0,0,0,0,N,N,N
2012-10-05 00:00:00,V,V-5,27153987,20389,9,R,15484,1,CSLB01,0,2012-10-05 12:25:00,2012-10-05 12:25:03,40,48,3,0,3,1,0,2,0,0,0,0,0,0,0,0,0,N,N,N
2012-10-05 00:00:00,V,V-5,27153987,20389,9,R,15484,2,ECOG01,698,2012-10-05 12:27:00,2012-10-05 12:27:02,40,48,0,0,3,0,0,0,0,0,0,0,0,0,0,0,0,N,N,N
2012-10-05 00:00:00,V,V-5,27153987,20389,9,R,15484,3,MTFL01,1506,2012-10-05 12:29:22,2012-10-05 12:28:56,40,48,2,0,5,0,0,2,0,0,0,0,0,0,0,0,0,N,N,N
2012-10-05 00:00:00,V,V-5,27153987,20389,9,R,15484,4,POCH01,1821,2012-10-05 12:30:17,2012-10-05 12:29:53,40,48,0,0,5,0,0,0,0,0,0,0,0,0,0,0,0,N,N,N
2012-10-05 00:00:00,V,V-5,27153987,20389,9,R,15484,5,PCEA01,2338,2012-10-05 12:31:48,2012-10-05 12:31:13,40,48,1,0,6,0,0,1,0,0,0,0,0,0,0,0,0,N,N,N
2012-10-05 00:00:00,V,V-5,27153987,20389,9,R,15484,6,AMAR01,2762,2012-10-05 12:33:03,2012-10-05 12:32:50,40,48,1,0,7,0,0,0,0,0,0,1,0,0,0,0,0,N,N,N
2012-10-05 00:00:00,V,V-5,27153987,20389,9,R,15484,7,ALCH01,3092,2012-10-05 12:34:01,2012-10-05 12:33:51,40,48,0,1,6,0,0,0,1,0,0,0,0,0,0,0,0,N,N,N
2012-10-05 00:00:00,V,V-5,27153987,20389,9,R,15484,8,VXGA01,3540,2012-10-05 12:35:20,2012-10-05 12:35:06,40,48,4,3,7,2,0,2,3,0,0,0,0,0,0,0,0,N,N,N
2012-10-05 00:00:00,V,V-5,27153987,20389,9,R,15484,9,VXBO01,3959,2012-10-05 12:36:47,2012-10-05 12:36:33,40,48,0,1,6,0,1,0,0,0,0,0,0,0,0,0,0,N,N,N
2012-10-05 00:00:00,V,V-5,27153987,20389,9,R,15484,10,ENVE01,4406,2012-10-05 12:38:20,2012-10-05 12:37:58,40,48,0,1,5,0,0,0,0,0,1,0,0,0,0,0,0,N,N,N
2012-10-05 00:00:00,V,V-5,27153987,20389,9,R,15484,11,FAYA01,4683,2012-10-05 12:39:08,2012-10-05 12:38:55,40,48,1,2,4,0,0,1,1,0,1,0,0,0,0,0,0,N,N,N
2012-10-05 00:00:00,V,V-5,27153987,20389,9,R,15484,12,MLGN01,5220,2012-10-05 12:40:41,2012-10-05 12:40:16,40,48,0,1,3,0,0,0,1,0,0,0,0,0,0,0,0,N,N,N
2012-10-05 00:00:00,V,V-5,27153987,20389,9,R,15484,13,PRLA01,5556,2012-10-05 12:41:39,2012-10-05 12:40:58,40,48,0,0,3,0,0,0,0,0,0,0,0,0,0,0,0,N,N,N
2012-10-05 00:00:00,V,V-5,27153987,20389,9,R,15484,14,GTVI01,6020,2012-10-05 12:43:00,2012-10-05 12:42:31,40,48,0,2,1,0,0,0,0,0,0,0,2,0,0,0,0,N,N,N
2012-10-05 00:00:00,V,V-5,27153987,20389,9,R,15484,15,SAGY01,6738,2012-10-05 12:44:43,2012-10-05 12:44:21,40,48,0,0,1,0,0,0,0,0,0,0,0,0,0,0,0,N,N,N
2012-10-05 00:00:00,V,V-5,27153987,20389,9,R,15484,16,GEBE01,7265,2012-10-05 12:46:00,2012-10-05 12:45:25,40,48,3,0,4,0,0,2,0,1,0,0,0,0,0,0,0,N,N,N
2012-10-05 00:00:00,V,V-5,27153987,20389,9,R,15484,17,CNAE01,7573,2012-10-05 12:46:41,2012-10-05 12:46:16,40,48,0,0,4,0,0,0,0,0,0,0,0,0,0,0,0,N,N,N
2012-10-05 00:00:00,V,V-5,27153987,20389,9,R,15484,18,VXVV01,7895,2012-10-05 12:47:24,2012-10-05 12:47:10,40,48,3,4,3,1,1,2,2,0,1,0,0,0,0,0,0,N,N,N
2012-10-05 00:00:00,V,V-5,27153987,20389,9,R,15484,19,VVRA01,8414,2012-10-05 12:48:33,2012-10-05 12:48:19,40,48,0,0,3,0,0,0,0,0,0,0,0,0,0,0,0,N,N,N
2012-10-05 00:00:00,V,V-5,27153987,20389,9,R,15484,20,CHTS01,8918,2012-10-05 12:49:40,2012-10-05 12:49:11,40,48,0,0,3,0,0,0,0,0,0,0,0,0,0,0,0,N,N,N
2012-10-05 00:00:00,V,V-5,27153987,20389,9,R,15484,21,COLO02,9214,2012-10-05 12:50:20,2012-10-05 12:49:53,40,48,0,0,3,0,0,0,0,0,0,0,0,0,0,0,0,N,N,N
2012-10-05 00:00:00,V,V-5,27153987,20389,9,R,15484,22,CLYS01,9810,2012-10-05 12:51:42,2012-10-05 12:50:56,40,48,0,0,3,0,0,0,0,0,0,0,0,0,0,0,0,N,N,N
2012-10-05 00:00:00,V,V-5,27153987,20389,9,R,15484,23,NANT01,10267,2012-10-05 12:52:46,2012-10-05 12:52:03,40,48,2,0,5,0,0,0,0,1,0,1,0,0,0,0,0,N,N,N
2012-10-05 00:00:00,V,V-5,27153987,20389,9,R,15484,24,MACH01,10665,2012-10-05 12:53:41,2012-10-05 12:53:17,40,48,1,0,6,0,0,0,0,1,0,0,0,0,0,0,0,N,N,N
2012-10-05 00:00:00,V,V-5,27153987,20389,9,R,15484,25,FTAI01,11049,2012-10-05 12:54:34,2012-10-05 12:54:19,40,48,2,0,8,0,0,0,0,2,0,0,0,0,0,0,0,N,N,N
2012-10-05 00:00:00,V,V-5,27153987,20389,9,R,15484,26,CARO01,11343,2012-10-05 12:55:15,2012-10-05 12:55:18,40,48,2,0,10,0,0,1,0,0,0,1,0,0,0,0,0,N,N,N
2012-10-05 00:00:00,V,V-5,27153987,20389,9,R,15484,27,CBFO01,11661,2012-10-05 12:56:00,2012-10-05 12:56:21,40,48,4,0,14,0,0,2,0,1,0,1,0,0,0,0,0,N,N,N
2012-10-05 00:00:00,V,V-5,27153987,20389,9,R,15484,28,CBPL01,11841,2012-10-05 12:56:25,2012-10-05 12:57:06,40,48,0,0,14,0,0,0,0,0,0,0,0,0,0,0,0,N,N,N
2012-10-05 00:00:00,V,V-5,27153987,20389,9,R,15484,29,PYMA01,12452,2012-10-05 12:57:53,2012-10-05 12:58:29,40,48,4,0,18,0,0,0,0,1,0,3,0,0,0,0,0,N,N,N
2012-10-05 00:00:00,V,V-5,27153987,20389,9,R,15484,30,PYVI01,12779,2012-10-05 12:58:40,2012-10-05 12:59:41,40,48,3,0,21,0,0,2,0,1,0,0,0,0,0,0,0,N,N,N
2012-10-05 00:00:00,V,V-5,27153987,20389,9,R,15484,31,PENT01,13059,2012-10-05 12:59:27,2012-10-05 13:00:33,40,48,1,0,22,1,0,0,0,0,0,0,0,0,0,0,0,N,N,N
2012-10-05 00:00:00,V,V-5,27153987,20389,9,R,15484,32,FENE01,13329,2012-10-05 13:00:13,2012-10-05 13:01:12,40,48,0,0,22,0,0,0,0,0,0,0,0,0,0,0,0,N,N,N
2012-10-05 00:00:00,V,V-5,27153987,20389,9,R,15484,33,APIA03,13700,2012-10-05 13:01:17,2012-10-05 13:02:01,40,48,1,1,22,0,0,1,0,0,1,0,0,0,0,0,0,N,N,N
2012-10-05 00:00:00,V,V-5,27153987,20389,9,R,15484,34,NATI14,14301,2012-10-05 13:03:00,2012-10-05 13:03:45,40,48,0,18,4,0,1,0,9,0,4,0,4,0,0,0,0,N,N,N
2012-10-05 00:00:00,V,V-5,27153987,20389,9,R,15484,35,VRBE02,14500,2012-10-05 13:03:43,2012-10-05 13:04:33,40,48,1,0,5,0,0,0,0,0,0,1,0,0,0,0,0,N,N,N
2012-10-05 00:00:00,V,V-5,27153987,20389,9,R,15484,36,VLAI01,15000,2012-10-05 13:05:33,2012-10-05 13:06:15,40,48,1,0,6,1,0,0,0,0,0,0,0,0,0,0,0,N,N,N
2012-10-05 00:00:00,V,V-5,27153987,20389,9,R,15484,37,CVIN22,15484,2012-10-05 13:07:20,2012-10-05 13:07:50,40,48,0,14,0,0,7,0,3,0,3,0,1,0,0,0,0,N,N,N
2012-10-05 00:00:00,Z,V-5,27153988,20389,4,A,10163,1,CVIN22,0,2012-10-05 13:15:00,2012-10-05 13:15:35,26,24,9,0,9,3,0,2,0,0,0,4,0,0,0,0,0,N,Y,Y
2012-10-05 00:00:00,Z,V-5,27153988,20389,4,A,10163,2,POST00,451,2012-10-05 13:17:09,2012-10-05 13:19:24,26,24,2,0,11,1,0,0,0,1,0,0,0,0,0,0,0,N,N,N
2012-10-05 00:00:00,Z,V-5,27153988,20389,4,A,10163,3,VLAI00,832,2012-10-05 13:18:58,2012-10-05 13:20:40,26,24,2,0,13,0,0,1,0,0,0,1,0,0,0,0,0,N,N,N
2012-10-05 00:00:00,Z,V-5,27153988,20389,4,A,10163,4,VRBE01,1280,2012-10-05 13:21:06,2012-10-05 13:21:47,26,24,3,1,15,0,0,1,1,0,0,2,0,0,0,0,0,N,N,N
2012-10-05 00:00:00,Z,V-5,27153988,20389,4,A,10163,5,NATI15,1465,2012-10-05 13:22:00,2012-10-05 13:22:55,26,24,8,0,23,2,0,2,0,4,0,0,0,0,0,0,0,N,N,N
2012-10-05 00:00:00,Z,V-5,27153988,20389,4,A,10163,6,APIA02,2123,2012-10-05 13:24:16,2012-10-05 13:24:32,26,24,0,0,23,0,0,0,0,0,0,0,0,0,0,0,0,N,N,N
2012-10-05 00:00:00,Z,V-5,27153988,20389,4,A,10163,7,FENE00,2490,2012-10-05 13:25:31,2012-10-05 13:25:19,26,24,0,0,23,0,0,0,0,0,0,0,0,0,0,0,0,N,N,N
2012-10-05 00:00:00,Z,V-5,27153988,20389,4,A,10163,8,PENT00,2746,2012-10-05 13:26:24,2012-10-05 13:26:00,26,24,0,1,22,0,0,0,1,0,0,0,0,0,0,0,0,N,N,N
2012-10-05 00:00:00,Z,V-5,27153988,20389,4,A,10163,9,PYVI00,3013,2012-10-05 13:27:20,2012-10-05 13:26:45,26,24,0,1,21,0,0,0,0,0,0,0,1,0,0,0,0,N,N,N
2012-10-05 00:00:00,Z,V-5,27153988,20389,4,A,10163,10,PYMA00,3399,2012-10-05 13:28:19,2012-10-05 13:27:35,26,24,0,0,21,0,0,0,0,0,0,0,0,0,0,0,0,N,N,N
2012-10-05 00:00:00,Z,V-5,27153988,20389,4,A,10163,11,CBPL00,3980,2012-10-05 13:29:49,2012-10-05 13:28:56,26,24,0,1,20,0,1,0,0,0,0,0,0,0,0,0,0,N,N,N
2012-10-05 00:00:00,Z,V-5,27153988,20389,4,A,10163,12,CBFO00,4174,2012-10-05 13:30:20,2012-10-05 13:29:48,26,24,0,1,19,0,1,0,0,0,0,0,0,0,0,0,0,N,N,N
2012-10-05 00:00:00,Z,V-5,27153988,20389,4,A,10163,13,CARO00,4499,2012-10-05 13:31:00,2012-10-05 13:30:43,26,24,0,2,17,0,0,0,2,0,0,0,0,0,0,0,0,N,N,N
2012-10-05 00:00:00,Z,V-5,27153988,20389,4,A,10163,14,FTAI00,4821,2012-10-05 13:31:39,2012-10-05 13:31:39,26,24,0,1,16,0,1,0,0,0,0,0,0,0,0,0,0,N,N,N
2012-10-05 00:00:00,Z,V-5,27153988,20389,4,A,10163,15,MACH00,5174,2012-10-05 13:32:23,2012-10-05 13:32:51,26,24,0,1,15,0,0,0,0,0,0,0,1,0,0,0,0,N,N,N
2012-10-05 00:00:00,Z,V-5,27153988,20389,4,A,10163,16,NANT00,5544,2012-10-05 13:33:08,2012-10-05 13:33:45,26,24,0,3,12,0,0,0,0,0,3,0,0,0,0,0,0,N,N,N
2012-10-05 00:00:00,Z,V-5,27153988,20389,4,A,10163,17,CLYS00,5950,2012-10-05 13:33:58,2012-10-05 13:34:20,26,24,0,0,12,0,0,0,0,0,0,0,0,0,0,0,0,N,N,N
2012-10-05 00:00:00,Z,V-5,27153988,20389,4,A,10163,18,COLO00,6609,2012-10-05 13:35:20,2012-10-05 13:35:10,26,24,1,0,13,0,0,0,0,1,0,0,0,0,0,0,0,N,N,N
2012-10-05 00:00:00,Z,V-5,27153988,20389,4,A,10163,19,PLNT00,7006,2012-10-05 13:36:13,2012-10-05 13:36:07,26,24,0,0,13,0,0,0,0,0,0,0,0,0,0,0,0,N,N,N
2012-10-05 00:00:00,Z,V-5,27153988,20389,4,A,10163,20,VRLP00,7677,2012-10-05 13:37:43,2012-10-05 13:37:14,26,24,0,0,13,0,0,0,0,0,0,0,0,0,0,0,0,N,N,N
2012-10-05 00:00:00,Z,V-5,27153988,20389,4,A,10163,21,PREL00,8090,2012-10-05 13:38:39,2012-10-05 13:38:09,26,24,0,2,11,0,0,0,1,0,1,0,0,0,0,0,0,N,N,N
2012-10-05 00:00:00,Z,V-5,27153988,20389,4,A,10163,22,CXCE00,8540,2012-10-05 13:39:40,2012-10-05 13:39:14,26,24,0,1,10,0,0,0,1,0,0,0,0,0,0,0,0,N,N,N
2012-10-05 00:00:00,Z,V-5,27153988,20389,4,A,10163,23,CXEC00,8927,2012-10-05 13:40:22,2012-10-05 13:40:34,26,24,1,4,7,0,0,0,1,1,0,0,3,0,0,0,0,N,N,N
2012-10-05 00:00:00,Z,V-5,27153988,20389,4,A,10163,24,SCHA00,9220,2012-10-05 13:40:55,2012-10-05 13:41:05,26,24,0,0,7,0,0,0,0,0,0,0,0,0,0,0,0,N,N,N
2012-10-05 00:00:00,Z,V-5,27153988,20389,4,A,10163,25,BOSY00,10163,2012-10-05 13:42:40,2012-10-05 13:42:22,26,24,0,5,2,0,3,0,0,0,0,0,2,0,0,0,0,N,N,N
2012-10-05 00:00:00,Z,V-5,27153989,20389,9,R,9722,1,BOSY00,0,2012-10-05 13:55:00,2012-10-05 13:55:35,35,35,5,0,5,1,0,0,0,1,0,3,0,0,0,0,0,N,N,N
2012-10-05 00:00:00,Z,V-5,27153989,20389,9,R,9722,2,SCHA01,860,2012-10-05 13:56:54,2012-10-05 13:57:11,35,35,2,0,7,0,0,0,0,2,0,0,0,0,0,0,0,N,N,N
2012-10-05 00:00:00,Z,V-5,27153989,20389,9,R,9722,3,CXEC01,1133,2012-10-05 13:57:31,2012-10-05 13:58:02,35,35,3,1,9,0,1,3,0,0,0,0,0,0,0,0,0,N,N,N
2012-10-05 00:00:00,Z,V-5,27153989,20389,9,R,9722,4,CXCE01,1496,2012-10-05 13:58:20,2012-10-05 13:59:13,35,35,1,0,10,0,0,1,0,0,0,0,0,0,0,0,0,N,N,N
2012-10-05 00:00:00,Z,V-5,27153989,20389,9,R,9722,5,PREL01,1854,2012-10-05 13:59:08,2012-10-05 14:00:15,35,35,1,0,11,0,0,1,0,0,0,0,0,0,0,0,0,N,N,N
2012-10-05 00:00:00,Z,V-5,27153989,20389,9,R,9722,6,VRLP01,2356,2012-10-05 14:00:16,2012-10-05 14:01:23,35,35,2,0,13,0,0,0,0,2,0,0,0,0,0,0,0,N,N,N
2012-10-05 00:00:00,Z,V-5,27153989,20389,9,R,9722,7,PLNT01,3044,2012-10-05 14:01:49,2012-10-05 14:02:29,35,35,0,0,13,0,0,0,0,0,0,0,0,0,0,0,0,N,N,N
2012-10-05 00:00:00,Z,V-5,27153989,20389,9,R,9722,8,COLO01,3415,2012-10-05 14:02:40,2012-10-05 14:03:24,35,35,4,0,17,1,0,1,0,2,0,0,0,0,0,0,0,N,N,N
2012-10-05 00:00:00,Z,V-5,27153989,20389,9,R,9722,9,CLYS01,4048,2012-10-05 14:04:16,2012-10-05 14:04:29,35,35,0,0,17,0,0,0,0,0,0,0,0,0,0,0,0,N,N,N
2012-10-05 00:00:00,Z,V-5,27153989,20389,9,R,9722,10,NANT01,4505,2012-10-05 14:05:26,2012-10-05 14:05:20,35,35,2,0,19,0,0,0,0,1,0,1,0,0,0,0,0,N,N,N
2012-10-05 00:00:00,Z,V-5,27153989,20389,9,R,9722,11,MACH01,4903,2012-10-05 14:06:27,2012-10-05 14:06:33,35,35,1,0,20,0,0,1,0,0,0,0,0,0,0,0,0,N,N,N
2012-10-05 00:00:00,Z,V-5,27153989,20389,9,R,9722,12,FTAI01,5287,2012-10-05 14:07:26,2012-10-05 14:07:32,35,35,3,0,23,0,0,2,0,1,0,0,0,0,0,0,0,N,N,N
2012-10-05 00:00:00,Z,V-5,27153989,20389,9,R,9722,13,CARO01,5581,2012-10-05 14:08:11,2012-10-05 14:08:26,35,35,4,0,27,0,0,2,0,1,0,1,0,0,0,0,0,N,N,N
2012-10-05 00:00:00,Z,V-5,27153989,20389,9,R,9722,14,CBFO01,5899,2012-10-05 14:09:00,2012-10-05 14:09:21,35,35,5,2,30,0,0,1,0,3,0,1,2,0,0,0,0,N,N,N
2012-10-05 00:00:00,Z,V-5,27153989,20389,9,R,9722,15,CBPL01,6079,2012-10-05 14:09:25,2012-10-05 14:10:01,35,35,1,0,31,0,0,1,0,0,0,0,0,0,0,0,0,N,N,N
2012-10-05 00:00:00,Z,V-5,27153989,20389,9,R,9722,16,PYMA01,6690,2012-10-05 14:10:53,2012-10-05 14:11:02,35,35,0,0,31,0,0,0,0,0,0,0,0,0,0,0,0,N,N,N
2012-10-05 00:00:00,Z,V-5,27153989,20389,9,R,9722,17,PYVI01,7017,2012-10-05 14:11:40,2012-10-05 14:11:38,35,35,0,0,31,0,0,0,0,0,0,0,0,0,0,0,0,N,N,N
2012-10-05 00:00:00,Z,V-5,27153989,20389,9,R,9722,18,PENT01,7297,2012-10-05 14:12:27,2012-10-05 14:12:09,35,35,0,0,31,0,0,0,0,0,0,0,0,0,0,0,0,N,N,N
2012-10-05 00:00:00,Z,V-5,27153989,20389,9,R,9722,19,FENE01,7567,2012-10-05 14:13:13,2012-10-05 14:12:38,35,35,0,0,31,0,0,0,0,0,0,0,0,0,0,0,0,N,N,N
2012-10-05 00:00:00,Z,V-5,27153989,20389,9,R,9722,20,APIA03,7938,2012-10-05 14:14:17,2012-10-05 14:13:31,35,35,1,0,32,0,0,0,0,1,0,0,0,0,0,0,0,N,N,N
2012-10-05 00:00:00,Z,V-5,27153989,20389,9,R,9722,21,NATI14,8539,2012-10-05 14:16:00,2012-10-05 14:15:03,35,35,0,14,18,0,2,0,3,0,6,0,3,0,0,0,0,N,N,N
2012-10-05 00:00:00,Z,V-5,27153989,20389,9,R,9722,22,VRBE02,8738,2012-10-05 14:16:43,2012-10-05 14:17:21,35,35,0,0,18,0,0,0,0,0,0,0,0,0,0,0,0,N,N,N
2012-10-05 00:00:00,Z,V-5,27153989,20389,9,R,9722,23,VLAI01,9238,2012-10-05 14:18:33,2012-10-05 14:18:21,35,35,0,1,17,0,1,0,0,0,0,0,0,0,0,0,0,N,N,N
2012-10-05 00:00:00,Z,V-5,27153989,20389,9,R,9722,24,CVIN22,9722,2012-10-05 14:20:20,2012-10-05 14:20:01,35,35,0,17,0,0,3,0,8,0,3,0,3,0,0,0,0,N,N,N
2012-10-05 00:00:00,V,V-5,27153990,20389,8,A,15766,1,CVIN22,0,2012-10-05 14:30:00,2012-10-05 14:31:27,69,63,20,0,20,7,0,6,0,4,0,3,0,0,0,0,0,N,N,N
2012-10-05 00:00:00,V,V-5,27153990,20389,8,A,15766,2,POST00,451,2012-10-05 14:32:09,2012-10-05 14:34:20,69,63,11,1,30,1,0,2,0,1,0,7,1,0,0,0,0,N,N,N
2012-10-05 00:00:00,V,V-5,27153990,20389,8,A,15766,3,VLAI00,832,2012-10-05 14:33:58,2012-10-05 14:35:14,69,63,0,2,28,0,0,0,2,0,0,0,0,0,0,0,0,N,N,N
2012-10-05 00:00:00,V,V-5,27153990,20389,8,A,15766,4,VRBE01,1280,2012-10-05 14:36:06,2012-10-05 14:36:20,69,63,4,0,32,0,0,3,0,0,0,1,0,0,0,0,0,N,N,N
2012-10-05 00:00:00,V,V-5,27153990,20389,8,A,15766,5,NATI15,1465,2012-10-05 14:37:00,2012-10-05 14:39:13,69,63,12,0,44,2,0,8,0,2,0,0,0,0,0,0,0,N,N,N
2012-10-05 00:00:00,V,V-5,27153990,20389,8,A,15766,6,APIA02,2123,2012-10-05 14:39:24,2012-10-05 14:42:51,69,63,0,0,44,0,0,0,0,0,0,0,0,0,0,0,0,N,N,N
2012-10-05 00:00:00,V,V-5,27153990,20389,8,A,15766,7,FENE00,2490,2012-10-05 14:40:45,2012-10-05 14:43:37,69,63,0,0,44,0,0,0,0,0,0,0,0,0,0,0,0,N,N,N
2012-10-05 00:00:00,V,V-5,27153990,20389,8,A,15766,8,PENT00,2746,2012-10-05 14:41:41,2012-10-05 14:44:18,69,63,1,5,40,0,2,0,1,1,1,0,1,0,0,0,0,N,N,N
2012-10-05 00:00:00,V,V-5,27153990,20389,8,A,15766,9,PYVI00,3013,2012-10-05 14:42:40,2012-10-05 14:44:58,69,63,0,0,40,0,0,0,0,0,0,0,0,0,0,0,0,N,N,N
2012-10-05 00:00:00,V,V-5,27153990,20389,8,A,15766,10,PYMA00,3399,2012-10-05 14:43:39,2012-10-05 14:45:52,69,63,0,0,40,0,0,0,0,0,0,0,0,0,0,0,0,N,N,N
2012-10-05 00:00:00,V,V-5,27153990,20389,8,A,15766,11,CBPL00,3980,2012-10-05 14:45:09,2012-10-05 14:46:55,69,63,1,0,41,0,0,1,0,0,0,0,0,0,0,0,0,N,N,N
2012-10-05 00:00:00,V,V-5,27153990,20389,8,A,15766,12,CBFO00,4174,2012-10-05 14:45:40,2012-10-05 14:47:33,69,63,0,0,41,0,0,0,0,0,0,0,0,0,0,0,0,N,N,N
2012-10-05 00:00:00,V,V-5,27153990,20389,8,A,15766,13,CARO00,4499,2012-10-05 14:46:22,2012-10-05 14:48:22,69,63,0,2,39,0,0,0,2,0,0,0,0,0,0,0,0,N,N,N
2012-10-05 00:00:00,V,V-5,27153990,20389,8,A,15766,14,FTAI00,4821,2012-10-05 14:47:05,2012-10-05 14:49:12,69,63,0,1,38,0,0,0,0,0,0,0,1,0,0,0,0,N,N,N
2012-10-05 00:00:00,V,V-5,27153990,20389,8,A,15766,15,MACH00,5174,2012-10-05 14:47:51,2012-10-05 14:50:05,69,63,1,0,39,0,0,1,0,0,0,0,0,0,0,0,0,N,N,N
2012-10-05 00:00:00,V,V-5,27153990,20389,8,A,15766,16,NANT00,5544,2012-10-05 14:48:40,2012-10-05 14:51:03,69,63,0,4,35,0,1,0,2,0,0,0,1,0,0,0,0,N,N,N
2012-10-05 00:00:00,V,V-5,27153990,20389,8,A,15766,17,CLYS00,5950,2012-10-05 14:49:33,2012-10-05 14:52:08,69,63,0,0,35,0,0,0,0,0,0,0,0,0,0,0,0,N,N,N
2012-10-05 00:00:00,V,V-5,27153990,20389,8,A,15766,18,COLO00,6609,2012-10-05 14:51:00,2012-10-05 14:52:51,69,63,0,0,35,0,0,0,0,0,0,0,0,0,0,0,0,N,N,N
2012-10-05 00:00:00,V,V-5,27153990,20389,8,A,15766,19,CHTS00,6962,2012-10-05 14:51:49,2012-10-05 14:53:47,69,63,0,2,33,0,0,0,1,0,1,0,0,0,0,0,0,N,N,N
2012-10-05 00:00:00,V,V-5,27153990,20389,8,A,15766,20,VVRA00,7358,2012-10-05 14:52:44,2012-10-05 14:54:38,69,63,0,2,31,0,0,0,2,0,0,0,0,0,0,0,0,N,N,N
2012-10-05 00:00:00,V,V-5,27153990,20389,8,A,15766,21,VXVV00,7897,2012-10-05 14:53:59,2012-10-05 14:56:01,69,63,0,4,27,0,1,0,0,0,3,0,0,0,0,0,0,N,N,N
2012-10-05 00:00:00,V,V-5,27153990,20389,8,A,15766,22,CNAE00,8277,2012-10-05 14:54:52,2012-10-05 14:56:55,69,63,0,2,25,0,2,0,0,0,0,0,0,0,0,0,0,N,N,N
2012-10-05 00:00:00,V,V-5,27153990,20389,8,A,15766,23,GEBE00,8620,2012-10-05 14:55:40,2012-10-05 14:57:51,69,63,0,1,24,0,0,0,0,0,0,0,1,0,0,0,0,N,N,N
2012-10-05 00:00:00,V,V-5,27153990,20389,8,A,15766,24,SAGY00,9131,2012-10-05 14:56:55,2012-10-05 14:58:36,69,63,0,0,24,0,0,0,0,0,0,0,0,0,0,0,0,N,N,N
2012-10-05 00:00:00,V,V-5,27153990,20389,8,A,15766,25,GTVI00,9834,2012-10-05 14:58:40,2012-10-05 15:00:27,69,63,2,2,24,0,1,2,1,0,0,0,0,0,0,0,0,N,N,N
2012-10-05 00:00:00,V,V-5,27153990,20389,8,A,15766,26,PRLA00,10324,2012-10-05 15:00:01,2012-10-05 15:01:37,69,63,0,2,22,0,0,0,1,0,1,0,0,0,0,0,0,N,N,N
2012-10-05 00:00:00,V,V-5,27153990,20389,8,A,15766,27,MLGN00,10555,2012-10-05 15:00:39,2012-10-05 15:02:21,69,63,0,1,21,0,0,0,0,0,1,0,0,0,0,0,0,N,N,N
2012-10-05 00:00:00,V,V-5,27153990,20389,8,A,15766,28,FAYA00,11161,2012-10-05 15:02:19,2012-10-05 15:04:00,69,63,1,6,16,0,0,0,3,1,1,0,2,0,0,0,0,N,N,N
2012-10-05 00:00:00,V,V-5,27153990,20389,8,A,15766,29,ENVE00,11524,2012-10-05 15:03:20,2012-10-05 15:04:58,69,63,0,0,16,0,0,0,0,0,0,0,0,0,0,0,0,N,N,N
2012-10-05 00:00:00,V,V-5,27153990,20389,8,A,15766,30,VXBO00,11856,2012-10-05 15:04:43,2012-10-05 15:06:25,69,63,3,1,18,2,0,1,1,0,0,0,0,0,0,0,0,N,N,N
2012-10-05 00:00:00,V,V-5,27153990,20389,8,A,15766,31,VXGA00,12320,2012-10-05 15:06:40,2012-10-05 15:07:55,69,63,12,4,26,1,0,0,2,2,2,9,0,0,0,0,0,N,N,N
2012-10-05 00:00:00,V,V-5,27153990,20389,8,A,15766,32,ALCH00,12782,2012-10-05 15:08:03,2012-10-05 15:08:59,69,63,0,2,24,0,1,0,0,0,1,0,0,0,0,0,0,N,N,N
2012-10-05 00:00:00,V,V-5,27153990,20389,8,A,15766,33,AMAR00,13135,2012-10-05 15:09:07,2012-10-05 15:10:22,69,63,1,7,18,0,0,0,4,0,0,1,3,0,0,0,0,N,N,N
2012-10-05 00:00:00,V,V-5,27153990,20389,8,A,15766,34,PCEA00,13575,2012-10-05 15:10:27,2012-10-05 15:11:36,69,63,0,2,16,0,0,0,1,0,0,0,1,0,0,0,0,N,N,N
2012-10-05 00:00:00,V,V-5,27153990,20389,8,A,15766,35,POCH00,14010,2012-10-05 15:11:46,2012-10-05 15:12:50,69,63,0,2,14,0,2,0,0,0,0,0,0,0,0,0,0,N,N,N
2012-10-05 00:00:00,V,V-5,27153990,20389,8,A,15766,36,MTFL00,14409,2012-10-05 15:12:58,2012-10-05 15:14:31,69,63,0,5,9,0,0,0,1,0,1,0,3,0,0,0,0,N,N,N
2012-10-05 00:00:00,V,V-5,27153990,20389,8,A,15766,37,ECOG00,15187,2012-10-05 15:15:20,2012-10-05 15:16:24,69,63,0,2,7,0,0,0,2,0,0,0,0,0,0,0,0,N,N,N
2012-10-05 00:00:00,V,V-5,27153990,20389,8,A,15766,38,CSLB01,15766,2012-10-05 15:16:20,2012-10-05 15:17:26,69,63,0,1,6,0,0,0,0,0,0,0,1,0,0,0,0,N,N,N
2012-10-05 00:00:00,V,V-5,27153991,20389,9,R,15484,1,CSLB01,0,2012-10-05 15:24:00,2012-10-05 15:24:33,59,60,3,0,3,1,0,0,0,1,0,1,0,0,0,0,0,N,N,N
2012-10-05 00:00:00,V,V-5,27153991,20389,9,R,15484,2,ECOG01,698,2012-10-05 15:26:20,2012-10-05 15:26:35,59,60,0,0,3,0,0,0,0,0,0,0,0,0,0,0,0,N,N,N
2012-10-05 00:00:00,V,V-5,27153991,20389,9,R,15484,3,MTFL01,1506,2012-10-05 15:28:53,2012-10-05 15:28:16,59,60,2,1,4,0,0,1,0,1,0,0,1,0,0,0,0,N,N,N
2012-10-05 00:00:00,V,V-5,27153991,20389,9,R,15484,4,POCH01,1821,2012-10-05 15:29:53,2012-10-05 15:29:21,59,60,0,0,4,0,0,0,0,0,0,0,0,0,0,0,0,N,N,N
2012-10-05 00:00:00,V,V-5,27153991,20389,9,R,15484,5,PCEA01,2338,2012-10-05 15:31:31,2012-10-05 15:31:33,59,60,2,3,3,0,0,0,0,0,1,2,2,0,0,0,0,N,N,N
2012-10-05 00:00:00,V,V-5,27153991,20389,9,R,15484,6,AMAR01,2762,2012-10-05 15:32:52,2012-10-05 15:33:16,59,60,1,0,4,0,0,1,0,0,0,0,0,0,0,0,0,N,N,N
2012-10-05 00:00:00,V,V-5,27153991,20389,9,R,15484,7,ALCH01,3092,2012-10-05 15:33:54,2012-10-05 15:34:15,59,60,2,1,5,0,0,1,0,1,0,0,1,0,0,0,0,N,N,N
2012-10-05 00:00:00,V,V-5,27153991,20389,9,R,15484,8,VXGA01,3540,2012-10-05 15:35:20,2012-10-05 15:35:36,59,60,13,4,14,1,0,7,3,5,0,0,1,0,0,0,0,N,N,N
2012-10-05 00:00:00,V,V-5,27153991,20389,9,R,15484,9,VXBO01,3959,2012-10-05 15:36:56,2012-10-05 15:36:55,59,60,3,0,17,1,0,2,0,0,0,0,0,0,0,0,0,N,N,N
2012-10-05 00:00:00,V,V-5,27153991,20389,9,R,15484,10,ENVE01,4406,2012-10-05 15:38:40,2012-10-05 15:38:28,59,60,0,0,17,0,0,0,0,0,0,0,0,0,0,0,0,N,N,N
2012-10-05 00:00:00,V,V-5,27153991,20389,9,R,15484,11,FAYA01,4683,2012-10-05 15:39:28,2012-10-05 15:39:32,59,60,1,3,15,0,1,0,2,1,0,0,0,0,0,0,0,N,N,N
2012-10-05 00:00:00,V,V-5,27153991,20389,9,R,15484,12,MLGN01,5220,2012-10-05 15:41:01,2012-10-05 15:40:45,59,60,0,0,15,0,0,0,0,0,0,0,0,0,0,0,0,N,N,N
2012-10-05 00:00:00,V,V-5,27153991,20389,9,R,15484,13,PRLA01,5556,2012-10-05 15:41:59,2012-10-05 15:41:49,59,60,6,2,19,2,0,4,0,0,2,0,0,0,0,0,0,N,N,N
2012-10-05 00:00:00,V,V-5,27153991,20389,9,R,15484,14,GTVI01,6020,2012-10-05 15:43:20,2012-10-05 15:43:28,59,60,2,8,13,0,0,1,4,1,1,0,3,0,0,0,0,N,N,N
2012-10-05 00:00:00,V,V-5,27153991,20389,9,R,15484,15,SAGY01,6738,2012-10-05 15:45:03,2012-10-05 15:45:19,59,60,0,0,13,0,0,0,0,0,0,0,0,0,0,0,0,N,N,N
2012-10-05 00:00:00,V,V-5,27153991,20389,9,R,15484,16,GEBE01,7265,2012-10-05 15:46:20,2012-10-05 15:46:25,59,60,5,1,17,0,0,2,1,2,0,1,0,0,0,0,0,N,N,N
2012-10-05 00:00:00,V,V-5,27153991,20389,9,R,15484,17,CNAE01,7573,2012-10-05 15:47:07,2012-10-05 15:47:21,59,60,0,3,14,0,0,0,1,0,1,0,1,0,0,0,0,N,N,N
2012-10-05 00:00:00,V,V-5,27153991,20389,9,R,15484,18,VXVV01,7895,2012-10-05 15:47:56,2012-10-05 15:48:16,59,60,0,2,12,0,0,0,1,0,0,0,1,0,0,0,0,N,N,N
2012-10-05 00:00:00,V,V-5,27153991,20389,9,R,15484,19,VVRA01,8414,2012-10-05 15:49:16,2012-10-05 15:49:47,59,60,1,3,10,0,0,1,2,0,1,0,0,0,0,0,0,N,N,N
2012-10-05 00:00:00,V,V-5,27153991,20389,9,R,15484,20,CHTS01,8918,2012-10-05 15:50:34,2012-10-05 15:50:37,59,60,0,0,10,0,0,0,0,0,0,0,0,0,0,0,0,N,N,N
2012-10-05 00:00:00,V,V-5,27153991,20389,9,R,15484,21,COLO02,9214,2012-10-05 15:51:20,2012-10-05 15:51:15,59,60,0,0,10,0,0,0,0,0,0,0,0,0,0,0,0,N,N,N
2012-10-05 00:00:00,V,V-5,27153991,20389,9,R,15484,22,CLYS01,9810,2012-10-05 15:52:42,2012-10-05 15:52:19,59,60,0,0,10,0,0,0,0,0,0,0,0,0,0,0,0,N,N,N
2012-10-05 00:00:00,V,V-5,27153991,20389,9,R,15484,23,NANT01,10267,2012-10-05 15:53:46,2012-10-05 15:53:24,59,60,1,0,11,0,0,0,0,1,0,0,0,0,0,0,0,N,N,N
2012-10-05 00:00:00,V,V-5,27153991,20389,9,R,15484,24,MACH01,10665,2012-10-05 15:54:41,2012-10-05 15:54:43,59,60,1,4,8,0,2,0,0,1,2,0,0,0,0,0,0,N,N,N
2012-10-05 00:00:00,V,V-5,27153991,20389,9,R,15484,25,FTAI01,11049,2012-10-05 15:55:34,2012-10-05 15:55:47,59,60,5,0,13,2,0,3,0,0,0,0,0,0,0,0,0,N,N,N
2012-10-05 00:00:00,V,V-5,27153991,20389,9,R,15484,26,CARO01,11343,2012-10-05 15:56:15,2012-10-05 15:56:46,59,60,3,0,16,0,0,1,0,2,0,0,0,0,0,0,0,N,N,N
2012-10-05 00:00:00,V,V-5,27153991,20389,9,R,15484,27,CBFO01,11661,2012-10-05 15:57:00,2012-10-05 15:58:02,59,60,1,3,14,0,0,1,1,0,2,0,0,0,0,0,0,N,N,N
2012-10-05 00:00:00,V,V-5,27153991,20389,9,R,15484,28,CBPL01,11841,2012-10-05 15:57:28,2012-10-05 15:58:41,59,60,1,0,15,1,0,0,0,0,0,0,0,0,0,0,0,N,N,N
2012-10-05 00:00:00,V,V-5,27153991,20389,9,R,15484,29,PYMA01,12452,2012-10-05 15:59:07,2012-10-05 15:59:47,59,60,0,0,15,0,0,0,0,0,0,0,0,0,0,0,0,N,N,N
2012-10-05 00:00:00,V,V-5,27153991,20389,9,R,15484,30,PYVI01,12779,2012-10-05 16:00:00,2012-10-05 16:00:29,59,60,0,0,15,0,0,0,0,0,0,0,0,0,0,0,0,N,N,N
2012-10-05 00:00:00,V,V-5,27153991,20389,9,R,15484,31,PENT01,13059,2012-10-05 16:00:55,2012-10-05 16:01:02,59,60,0,0,15,0,0,0,0,0,0,0,0,0,0,0,0,N,N,N
2012-10-05 00:00:00,V,V-5,27153991,20389,9,R,15484,32,FENE01,13329,2012-10-05 16:01:48,2012-10-05 16:01:38,59,60,0,0,15,0,0,0,0,0,0,0,0,0,0,0,0,N,N,N
2012-10-05 00:00:00,V,V-5,27153991,20389,9,R,15484,33,APIA03,13700,2012-10-05 16:03:01,2012-10-05 16:02:40,59,60,4,1,18,0,0,3,0,1,0,0,1,0,0,0,0,N,N,N
2012-10-05 00:00:00,V,V-5,27153991,20389,9,R,15484,34,NATI14,14301,2012-10-05 16:05:00,2012-10-05 16:04:28,59,60,0,9,9,0,2,0,4,0,2,0,1,0,0,0,0,N,N,N
2012-10-05 00:00:00,V,V-5,27153991,20389,9,R,15484,35,VRBE02,14500,2012-10-05 16:05:43,2012-10-05 16:05:47,59,60,1,0,10,0,0,1,0,0,0,0,0,0,0,0,0,N,N,N
2012-10-05 00:00:00,V,V-5,27153991,20389,9,R,15484,36,VLAI01,15000,2012-10-05 16:07:33,2012-10-05 16:07:02,59,60,1,0,11,0,0,1,0,0,0,0,0,0,0,0,0,N,N,N
2012-10-05 00:00:00,V,V-5,27153991,20389,9,R,15484,37,CVIN22,15484,2012-10-05 16:09:20,2012-10-05 16:08:09,59,60,0,12,0,0,2,0,8,0,1,0,1,0,0,0,0,N,N,N
2012-10-05 00:00:00,Z,V-5,27153992,20389,4,A,10163,1,CVIN22,0,2012-10-05 16:15:00,2012-10-05 16:16:33,49,46,14,0,14,3,0,8,0,2,0,1,0,0,0,0,0,N,Y,Y
2012-10-05 00:00:00,Z,V-5,27153992,20389,4,A,10163,2,POST00,451,2012-10-05 16:17:27,2012-10-05 16:19:14,49,46,5,0,19,1,0,3,0,0,0,1,0,0,0,0,0,N,N,N
2012-10-05 00:00:00,Z,V-5,27153992,20389,4,A,10163,3,VLAI00,832,2012-10-05 16:19:32,2012-10-05 16:20:49,49,46,1,0,20,0,0,1,0,0,0,0,0,0,0,0,0,N,N,N
2012-10-05 00:00:00,Z,V-5,27153992,20389,4,A,10163,4,VRBE01,1280,2012-10-05 16:21:59,2012-10-05 16:22:02,49,46,6,0,26,0,0,2,0,4,0,0,0,0,0,0,0,N,N,N
2012-10-05 00:00:00,Z,V-5,27153992,20389,4,A,10163,5,NATI15,1465,2012-10-05 16:23:00,2012-10-05 16:25:29,49,46,11,1,36,1,0,8,1,2,0,0,0,0,0,0,0,N,N,N
2012-10-05 00:00:00,Z,V-5,27153992,20389,4,A,10163,6,APIA02,2123,2012-10-05 16:25:16,2012-10-05 16:27:50,49,46,3,0,39,0,0,1,0,2,0,0,0,0,0,0,0,N,N,N
2012-10-05 00:00:00,Z,V-5,27153992,20389,4,A,10163,7,FENE00,2490,2012-10-05 16:26:31,2012-10-05 16:28:40,49,46,0,0,39,0,0,0,0,0,0,0,0,0,0,0,0,N,N,N
2012-10-05 00:00:00,Z,V-5,27153992,20389,4,A,10163,8,PENT00,2746,2012-10-05 16:27:24,2012-10-05 16:29:21,49,46,0,0,39,0,0,0,0,0,0,0,0,0,0,0,0,N,N,N
2012-10-05 00:00:00,Z,V-5,27153992,20389,4,A,10163,9,PYVI00,3013,2012-10-05 16:28:20,2012-10-05 16:29:59,49,46,0,0,39,0,0,0,0,0,0,0,0,0,0,0,0,N,N,N
2012-10-05 00:00:00,Z,V-5,27153992,20389,4,A,10163,10,PYMA00,3399,2012-10-05 16:29:26,2012-10-05 16:30:51,49,46,0,0,39,0,0,0,0,0,0,0,0,0,0,0,0,N,N,N
2012-10-05 00:00:00,Z,V-5,27153992,20389,4,A,10163,11,CBPL00,3980,2012-10-05 16:31:06,2012-10-05 16:32:02,49,46,2,4,37,0,0,2,3,0,1,0,0,0,0,0,0,N,N,N
2012-10-05 00:00:00,Z,V-5,27153992,20389,4,A,10163,12,CBFO00,4174,2012-10-05 16:31:40,2012-10-05 16:32:56,49,46,5,7,35,0,0,5,5,0,2,0,0,0,0,0,0,N,N,N
2012-10-05 00:00:00,Z,V-5,27153992,20389,4,A,10163,13,CARO00,4499,2012-10-05 16:32:28,2012-10-05 16:33:50,49,46,0,2,33,0,0,0,1,0,1,0,0,0,0,0,0,N,N,N
2012-10-05 00:00:00,Z,V-5,27153992,20389,4,A,10163,14,FTAI00,4821,2012-10-05 16:33:15,2012-10-05 16:34:43,49,46,0,4,29,0,0,0,3,0,0,0,1,0,0,0,0,N,N,N
2012-10-05 00:00:00,Z,V-5,27153992,20389,4,A,10163,15,MACH00,5174,2012-10-05 16:34:07,2012-10-05 16:35:37,49,46,0,1,28,0,0,0,0,0,0,0,1,0,0,0,0,N,N,N
2012-10-05 00:00:00,Z,V-5,27153992,20389,4,A,10163,16,NANT00,5544,2012-10-05 16:35:02,2012-10-05 16:37:17,49,46,0,2,26,0,0,0,1,0,0,0,1,0,0,0,0,N,N,N
2012-10-05 00:00:00,Z,V-5,27153992,20389,4,A,10163,17,CLYS00,5950,2012-10-05 16:36:02,2012-10-05 16:38:13,49,46,0,0,26,0,0,0,0,0,0,0,0,0,0,0,0,N,N,N
2012-10-05 00:00:00,Z,V-5,27153992,20389,4,A,10163,18,COLO00,6609,2012-10-05 16:37:40,2012-10-05 16:39:14,49,46,0,2,24,0,0,0,1,0,0,0,1,0,0,0,0,N,N,N
2012-10-05 00:00:00,Z,V-5,27153992,20389,4,A,10163,19,PLNT00,7006,2012-10-05 16:38:33,2012-10-05 16:40:12,49,46,0,0,24,0,0,0,0,0,0,0,0,0,0,0,0,N,N,N
2012-10-05 00:00:00,Z,V-5,27153992,20389,4,A,10163,20,VRLP00,7677,2012-10-05 16:40:03,2012-10-05 16:41:25,49,46,0,6,18,0,0,0,4,0,2,0,0,0,0,0,0,N,N,N
2012-10-05 00:00:00,Z,V-5,27153992,20389,4,A,10163,21,PREL00,8090,2012-10-05 16:40:59,2012-10-05 16:42:17,49,46,0,2,16,0,0,0,2,0,0,0,0,0,0,0,0,N,N,N
2012-10-05 00:00:00,Z,V-5,27153992,20389,4,A,10163,22,CXCE00,8540,2012-10-05 16:42:00,2012-10-05 16:43:21,49,46,0,1,15,0,0,0,0,0,1,0,0,0,0,0,0,N,N,N
2012-10-05 00:00:00,Z,V-5,27153992,20389,4,A,10163,23,CXEC00,8927,2012-10-05 16:42:42,2012-10-05 16:44:34,49,46,2,4,13,1,1,0,0,1,2,0,1,0,0,0,0,N,N,N
2012-10-05 00:00:00,Z,V-5,27153992,20389,4,A,10163,24,SCHA00,9220,2012-10-05 16:43:15,2012-10-05 16:45:06,49,46,0,0,13,0,0,0,0,0,0,0,0,0,0,0,0,N,N,N
2012-10-05 00:00:00,Z,V-5,27153992,20389,4,A,10163,25,BOSY00,10163,2012-10-05 16:45:00,2012-10-05 16:46:19,49,46,0,10,3,0,2,0,2,0,4,0,2,0,0,0,0,N,N,N
2012-10-05 00:00:00,Z,V-5,27153993,20389,9,R,9722,1,BOSY00,0,2012-10-05 16:56:00,2012-10-05 16:56:57,25,28,5,0,5,2,0,0,0,0,0,3,0,0,0,0,0,N,N,N
2012-10-05 00:00:00,Z,V-5,27153993,20389,9,R,9722,2,SCHA01,860,2012-10-05 16:57:54,2012-10-05 16:58:19,25,28,1,0,6,0,0,1,0,0,0,0,0,0,0,0,0,N,N,N
2012-10-05 00:00:00,Z,V-5,27153993,20389,9,R,9722,3,CXEC01,1133,2012-10-05 16:58:31,2012-10-05 16:59:08,25,28,4,1,9,1,0,0,1,3,0,0,0,0,0,0,0,N,N,N
2012-10-05 00:00:00,Z,V-5,27153993,20389,9,R,9722,4,CXCE01,1496,2012-10-05 16:59:20,2012-10-05 17:00:11,25,28,1,0,10,0,0,1,0,0,0,0,0,0,0,0,0,N,N,N
2012-10-05 00:00:00,Z,V-5,27153993,20389,9,R,9722,5,PREL01,1854,2012-10-05 17:00:08,2012-10-05 17:00:59,25,28,0,0,10,0,0,0,0,0,0,0,0,0,0,0,0,N,N,N
2012-10-05 00:00:00,Z,V-5,27153993,20389,9,R,9722,6,VRLP01,2356,,2012-10-05 17:02:13,25,28,3,0,13,0,0,0,0,3,0,0,0,0,0,0,0,N,Y,Y
2012-10-05 00:00:00,Z,V-5,27153993,20389,9,R,9722,7,PLNT01,3044,2012-10-05 17:02:49,2012-10-05 17:03:35,25,28,0,2,11,0,0,0,0,0,0,0,2,0,0,0,0,N,N,N
2012-10-05 00:00:00,Z,V-5,27153993,20389,9,R,9722,8,COLO01,3415,2012-10-05 17:03:40,2012-10-05 17:04:34,25,28,0,1,10,0,0,0,0,0,1,0,0,0,0,0,0,N,N,N
2012-10-05 00:00:00,Z,V-5,27153993,20389,9,R,9722,9,CLYS01,4048,2012-10-05 17:05:21,2012-10-05 17:06:04,25,28,1,0,11,0,0,1,0,0,0,0,0,0,0,0,0,N,N,N
2012-10-05 00:00:00,Z,V-5,27153993,20389,9,R,9722,10,NANT01,4505,2012-10-05 17:06:35,2012-10-05 17:07:47,25,28,0,0,11,0,0,0,0,0,0,0,0,0,0,0,0,N,N,N
2012-10-05 00:00:00,Z,V-5,27153993,20389,9,R,9722,11,MACH01,4903,2012-10-05 17:07:39,2012-10-05 17:08:48,25,28,0,0,11,0,0,0,0,0,0,0,0,0,0,0,0,N,N,N
2012-10-05 00:00:00,Z,V-5,27153993,20389,9,R,9722,12,FTAI01,5287,2012-10-05 17:08:41,2012-10-05 17:09:29,25,28,0,0,11,0,0,0,0,0,0,0,0,0,0,0,0,N,N,N
2012-10-05 00:00:00,Z,V-5,27153993,20389,9,R,9722,13,CARO01,5581,2012-10-05 17:09:28,2012-10-05 17:10:18,25,28,1,0,12,0,0,1,0,0,0,0,0,0,0,0,0,N,N,N
2012-10-05 00:00:00,Z,V-5,27153993,20389,9,R,9722,14,CBFO01,5899,2012-10-05 17:10:20,2012-10-05 17:11:14,25,28,4,0,16,0,0,3,0,1,0,0,0,0,0,0,0,N,N,N
2012-10-05 00:00:00,Z,V-5,27153993,20389,9,R,9722,15,CBPL01,6079,2012-10-05 17:10:52,2012-10-05 17:11:56,25,28,1,0,17,0,0,0,0,1,0,0,0,0,0,0,0,N,N,N
2012-10-05 00:00:00,Z,V-5,27153993,20389,9,R,9722,16,PYMA01,6690,2012-10-05 17:12:41,2012-10-05 17:12:59,25,28,0,0,17,0,0,0,0,0,0,0,0,0,0,0,0,N,N,N
2012-10-05 00:00:00,Z,V-5,27153993,20389,9,R,9722,17,PYVI01,7017,2012-10-05 17:13:40,2012-10-05 17:13:55,25,28,0,0,17,0,0,0,0,0,0,0,0,0,0,0,0,N,N,N
2012-10-05 00:00:00,Z,V-5,27153993,20389,9,R,9722,18,PENT01,7297,2012-10-05 17:14:35,2012-10-05 17:14:43,25,28,0,0,17,0,0,0,0,0,0,0,0,0,0,0,0,N,N,N
2012-10-05 00:00:00,Z,V-5,27153993,20389,9,R,9722,19,FENE01,7567,2012-10-05 17:15:28,2012-10-05 17:15:10,25,28,0,0,17,0,0,0,0,0,0,0,0,0,0,0,0,N,N,N
2012-10-05 00:00:00,Z,V-5,27153993,20389,9,R,9722,20,APIA03,7938,2012-10-05 17:16:41,2012-10-05 17:16:08,25,28,1,0,18,0,0,1,0,0,0,0,0,0,0,0,0,N,N,N
2012-10-05 00:00:00,Z,V-5,27153993,20389,9,R,9722,21,NATI14,8539,2012-10-05 17:18:40,2012-10-05 17:20:08,25,28,2,7,13,2,0,0,2,0,5,0,0,0,0,0,0,N,N,N
2012-10-05 00:00:00,Z,V-5,27153993,20389,9,R,9722,22,VRBE02,8738,2012-10-05 17:19:27,2012-10-05 17:21:22,25,28,1,0,14,0,0,1,0,0,0,0,0,0,0,0,0,N,N,N
2012-10-05 00:00:00,Z,V-5,27153993,20389,9,R,9722,23,VLAI01,9238,2012-10-05 17:21:25,2012-10-05 17:22:27,25,28,0,0,14,0,0,0,0,0,0,0,0,0,0,0,0,N,N,N
2012-10-05 00:00:00,Z,V-5,27153993,20389,9,R,9722,24,CVIN22,9722,2012-10-05 17:23:20,2012-10-05 17:23:47,25,28,0,17,0,0,5,0,9,0,2,0,1,0,0,0,0,N,N,N
2012-10-05 00:00:00,V,V-5,27153994,20389,8,A,15766,1,CVIN22,0,2012-10-05 17:32:00,2012-10-05 17:35:12,105,93,29,0,29,19,0,7,0,1,0,2,0,0,0,0,0,N,N,N
2012-10-05 00:00:00,V,V-5,27153994,20389,8,A,15766,2,POST00,451,2012-10-05 17:34:27,2012-10-05 17:37:27,105,93,1,0,30,0,0,1,0,0,0,0,0,0,0,0,0,N,N,N
2012-10-05 00:00:00,V,V-5,27153994,20389,8,A,15766,3,VLAI00,832,2012-10-05 17:36:32,2012-10-05 17:38:27,105,93,0,0,30,0,0,0,0,0,0,0,0,0,0,0,0,N,N,N
2012-10-05 00:00:00,V,V-5,27153994,20389,8,A,15766,4,VRBE01,1280,2012-10-05 17:38:59,2012-10-05 17:39:45,105,93,7,0,37,0,0,2,0,3,0,2,0,0,0,0,0,N,N,N
2012-10-05 00:00:00,V,V-5,27153994,20389,8,A,15766,5,NATI15,1465,2012-10-05 17:40:00,2012-10-05 17:42:10,105,93,16,0,53,1,0,5,0,7,0,3,0,0,0,0,0,N,N,N
2012-10-05 00:00:00,V,V-5,27153994,20389,8,A,15766,6,APIA02,2123,2012-10-05 17:42:24,2012-10-05 17:44:53,105,93,2,1,54,0,1,2,0,0,0,0,0,0,0,0,0,N,N,N
2012-10-05 00:00:00,V,V-5,27153994,20389,8,A,15766,7,FENE00,2490,2012-10-05 17:43:45,2012-10-05 17:45:42,105,93,0,0,54,0,0,0,0,0,0,0,0,0,0,0,0,N,N,N
2012-10-05 00:00:00,V,V-5,27153994,20389,8,A,15766,8,PENT00,2746,2012-10-05 17:44:41,2012-10-05 17:46:24,105,93,2,1,55,0,0,2,1,0,0,0,0,0,0,0,0,N,N,N
2012-10-05 00:00:00,V,V-5,27153994,20389,8,A,15766,9,PYVI00,3013,2012-10-05 17:45:40,2012-10-05 17:47:15,105,93,1,2,54,0,0,0,0,0,0,1,2,0,0,0,0,N,N,N
2012-10-05 00:00:00,V,V-5,27153994,20389,8,A,15766,10,PYMA00,3399,2012-10-05 17:46:46,2012-10-05 17:48:23,105,93,0,1,53,0,0,0,1,0,0,0,0,0,0,0,0,N,N,N
2012-10-05 00:00:00,V,V-5,27153994,20389,8,A,15766,11,CBPL00,3980,2012-10-05 17:48:26,2012-10-05 17:49:42,105,93,1,6,48,0,2,1,1,0,3,0,0,0,0,0,0,N,N,N
2012-10-05 00:00:00,V,V-5,27153994,20389,8,A,15766,12,CBFO00,4174,2012-10-05 17:49:00,2012-10-05 17:50:24,105,93,1,3,46,0,0,0,2,1,1,0,0,0,0,0,0,N,N,N
2012-10-05 00:00:00,V,V-5,27153994,20389,8,A,15766,13,CARO00,4499,2012-10-05 17:49:50,2012-10-05 17:51:15,105,93,0,6,40,0,1,0,3,0,1,0,1,0,0,0,0,N,N,N
2012-10-05 00:00:00,V,V-5,27153994,20389,8,A,15766,14,FTAI00,4821,2012-10-05 17:50:40,2012-10-05 17:52:14,105,93,0,6,34,0,3,0,0,0,3,0,0,0,0,0,0,N,N,N
2012-10-05 00:00:00,V,V-5,27153994,20389,8,A,15766,15,MACH00,5174,2012-10-05 17:51:36,2012-10-05 17:53:20,105,93,3,4,33,0,0,3,1,0,3,0,0,0,0,0,0,N,N,N
2012-10-05 00:00:00,V,V-5,27153994,20389,8,A,15766,16,NANT00,5544,2012-10-05 17:52:33,2012-10-05 17:54:28,105,93,0,1,32,0,0,0,0,0,0,0,1,0,0,0,0,N,N,N
2012-10-05 00:00:00,V,V-5,27153994,20389,8,A,15766,17,CLYS00,5950,2012-10-05 17:53:37,2012-10-05 17:55:28,105,93,0,0,32,0,0,0,0,0,0,0,0,0,0,0,0,N,N,N
2012-10-05 00:00:00,V,V-5,27153994,20389,8,A,15766,18,COLO00,6609,2012-10-05 17:55:20,2012-10-05 17:56:16,105,93,0,0,32,0,0,0,0,0,0,0,0,0,0,0,0,N,N,N
2012-10-05 00:00:00,V,V-5,27153994,20389,8,A,15766,19,CHTS00,6962,2012-10-05 17:56:09,2012-10-05 17:57:10,105,93,0,3,29,0,0,0,3,0,0,0,0,0,0,0,0,N,N,N
2012-10-05 00:00:00,V,V-5,27153994,20389,8,A,15766,20,VVRA00,7358,2012-10-05 17:57:04,2012-10-05 17:58:03,105,93,0,1,28,0,0,0,0,0,1,0,0,0,0,0,0,N,N,N
2012-10-05 00:00:00,V,V-5,27153994,20389,8,A,15766,21,VXVV00,7897,2012-10-05 17:58:19,2012-10-05 17:59:39,105,93,2,4,26,0,2,2,2,0,0,0,0,0,0,0,0,N,N,N
2012-10-05 00:00:00,V,V-5,27153994,20389,8,A,15766,22,CNAE00,8277,2012-10-05 17:59:12,2012-10-05 18:00:36,105,93,1,0,27,0,0,0,0,1,0,0,0,0,0,0,0,N,N,N
2012-10-05 00:00:00,V,V-5,27153994,20389,8,A,15766,23,GEBE00,8620,2012-10-05 18:00:00,2012-10-05 18:01:33,105,93,1,0,28,0,0,0,0,1,0,0,0,0,0,0,0,N,N,N
2012-10-05 00:00:00,V,V-5,27153994,20389,8,A,15766,24,SAGY00,9131,2012-10-05 18:01:07,2012-10-05 18:02:22,105,93,0,0,28,0,0,0,0,0,0,0,0,0,0,0,0,N,N,N
2012-10-05 00:00:00,V,V-5,27153994,20389,8,A,15766,25,GTVI00,9834,2012-10-05 18:02:40,2012-10-05 18:04:14,105,93,3,2,29,2,0,1,1,0,1,0,0,0,0,0,0,N,N,N
2012-10-05 00:00:00,V,V-5,27153994,20389,8,A,15766,26,PRLA00,10324,2012-10-05 18:04:06,2012-10-05 18:05:39,105,93,0,1,28,0,0,0,0,0,1,0,0,0,0,0,0,N,N,N
2012-10-05 00:00:00,V,V-5,27153994,20389,8,A,15766,27,MLGN00,10555,2012-10-05 18:04:47,2012-10-05 18:06:11,105,93,0,0,28,0,0,0,0,0,0,0,0,0,0,0,0,N,N,N
2012-10-05 00:00:00,V,V-5,27153994,20389,8,A,15766,28,FAYA00,11161,2012-10-05 18:06:35,2012-10-05 18:07:39,105,93,2,7,23,2,0,0,2,0,3,0,2,0,0,0,0,N,N,N
2012-10-05 00:00:00,V,V-5,27153994,20389,8,A,15766,29,ENVE00,11524,2012-10-05 18:07:40,2012-10-05 18:08:54,105,93,0,0,23,0,0,0,0,0,0,0,0,0,0,0,0,N,N,N
2012-10-05 00:00:00,V,V-5,27153994,20389,8,A,15766,30,VXBO00,11856,2012-10-05 18:09:03,2012-10-05 18:10:46,105,93,4,1,26,2,0,2,1,0,0,0,0,0,0,0,0,N,N,N
2012-10-05 00:00:00,V,V-5,27153994,20389,8,A,15766,31,VXGA00,12320,2012-10-05 18:11:00,2012-10-05 18:12:32,105,93,27,5,48,5,0,4,2,14,0,4,3,0,0,0,0,N,N,N
2012-10-05 00:00:00,V,V-5,27153994,20389,8,A,15766,32,ALCH00,12782,2012-10-05 18:12:20,2012-10-05 18:13:50,105,93,0,4,44,0,2,0,2,0,0,0,0,0,0,0,0,N,N,N
2012-10-05 00:00:00,V,V-5,27153994,20389,8,A,15766,33,AMAR00,13135,2012-10-05 18:13:22,2012-10-05 18:15:10,105,93,0,4,40,0,1,0,1,0,0,0,2,0,0,0,0,N,N,N
2012-10-05 00:00:00,V,V-5,27153994,20389,8,A,15766,34,PCEA00,13575,2012-10-05 18:14:38,2012-10-05 18:16:27,105,93,1,5,36,0,0,0,2,1,0,0,3,0,0,0,0,N,N,N
2012-10-05 00:00:00,V,V-5,27153994,20389,8,A,15766,35,POCH00,14010,2012-10-05 18:15:54,2012-10-05 18:17:28,105,93,0,0,36,0,0,0,0,0,0,0,0,0,0,0,0,N,N,N
2012-10-05 00:00:00,V,V-5,27153994,20389,8,A,15766,36,MTFL00,14409,2012-10-05 18:17:04,2012-10-05 18:18:53,105,93,1,23,14,0,5,0,3,1,11,0,4,0,0,0,0,N,N,N
2012-10-05 00:00:00,V,V-5,27153994,20389,8,A,15766,37,ECOG00,15187,2012-10-05 18:19:20,2012-10-05 18:20:38,105,93,0,0,14,0,0,0,0,0,0,0,0,0,0,0,0,N,N,N
2012-10-05 00:00:00,V,V-5,27153994,20389,8,A,15766,38,CSLB01,15766,2012-10-05 18:20:20,2012-10-05 18:21:50,105,93,0,2,12,0,0,0,0,0,0,0,2,0,0,0,0,N,N,N
2012-10-05 00:00:00,V,V-5,27153995,20389,9,R,15484,1,CSLB01,0,2012-10-05 18:25:00,2012-10-05 18:25:41,37,37,0,0,0,0,0,0,0,0,0,0,0,0,0,0,0,N,N,N
2012-10-05 00:00:00,V,V-5,27153995,20389,9,R,15484,2,ECOG01,698,2012-10-05 18:27:20,2012-10-05 18:27:52,37,37,0,0,0,0,0,0,0,0,0,0,0,0,0,0,0,N,N,N
2012-10-05 00:00:00,V,V-5,27153995,20389,9,R,15484,3,MTFL01,1506,2012-10-05 18:29:47,2012-10-05 18:30:18,37,37,2,4,0,0,0,0,0,2,4,0,0,0,0,0,0,N,N,N
2012-10-05 00:00:00,V,V-5,27153995,20389,9,R,15484,4,POCH01,1821,2012-10-05 18:30:45,2012-10-05 18:31:15,37,37,0,0,0,0,0,0,0,0,0,0,0,0,0,0,0,N,N,N
2012-10-05 00:00:00,V,V-5,27153995,20389,9,R,15484,5,PCEA01,2338,2012-10-05 18:32:20,2012-10-05 18:32:51,37,37,1,1,0,0,0,1,0,0,1,0,0,0,0,0,0,N,N,N
2012-10-05 00:00:00,V,V-5,27153995,20389,9,R,15484,6,AMAR01,2762,2012-10-05 18:33:37,2012-10-05 18:34:16,37,37,0,0,0,0,0,0,0,0,0,0,0,0,0,0,0,N,N,N
2012-10-05 00:00:00,V,V-5,27153995,20389,9,R,15484,7,ALCH01,3092,2012-10-05 18:34:38,2012-10-05 18:35:08,37,37,0,0,0,0,0,0,0,0,0,0,0,0,0,0,0,N,N,N
2012-10-05 00:00:00,V,V-5,27153995,20389,9,R,15484,8,VXGA01,3540,2012-10-05 18:36:00,2012-10-05 18:36:40,37,37,10,0,10,3,0,3,0,3,0,1,0,0,0,0,0,N,N,N
2012-10-05 00:00:00,V,V-5,27153995,20389,9,R,15484,9,VXBO01,3959,2012-10-05 18:37:27,2012-10-05 18:38:31,37,37,2,1,11,0,1,1,0,1,0,0,0,0,0,0,0,N,N,N
2012-10-05 00:00:00,V,V-5,27153995,20389,9,R,15484,10,ENVE01,4406,2012-10-05 18:39:00,2012-10-05 18:40:05,37,37,0,0,11,0,0,0,0,0,0,0,0,0,0,0,0,N,N,N
2012-10-05 00:00:00,V,V-5,27153995,20389,9,R,15484,11,FAYA01,4683,2012-10-05 18:39:48,2012-10-05 18:41:19,37,37,4,10,5,0,0,2,6,0,2,2,2,0,0,0,0,N,N,N
2012-10-05 00:00:00,V,V-5,27153995,20389,9,R,15484,12,MLGN01,5220,2012-10-05 18:41:21,2012-10-05 18:42:30,37,37,0,0,5,0,0,0,0,0,0,0,0,0,0,0,0,N,N,N
2012-10-05 00:00:00,V,V-5,27153995,20389,9,R,15484,13,PRLA01,5556,2012-10-05 18:42:19,2012-10-05 18:43:43,37,37,2,3,4,0,0,2,0,0,3,0,0,0,0,0,0,N,N,N
2012-10-05 00:00:00,V,V-5,27153995,20389,9,R,15484,14,GTVI01,6020,2012-10-05 18:43:40,2012-10-05 18:45:12,37,37,1,0,5,0,0,0,0,1,0,0,0,0,0,0,0,N,N,N
2012-10-05 00:00:00,V,V-5,27153995,20389,9,R,15484,15,SAGY01,6738,2012-10-05 18:45:12,2012-10-05 18:47:00,37,37,0,0,5,0,0,0,0,0,0,0,0,0,0,0,0,N,N,N
2012-10-05 00:00:00,V,V-5,27153995,20389,9,R,15484,16,GEBE01,7265,2012-10-05 18:46:20,2012-10-05 18:48:06,37,37,5,0,10,0,0,1,0,1,0,3,0,0,0,0,0,N,N,N
2012-10-05 00:00:00,V,V-5,27153995,20389,9,R,15484,17,CNAE01,7573,2012-10-05 18:47:07,2012-10-05 18:49:00,37,37,0,4,6,0,0,0,0,0,3,0,1,0,0,0,0,N,N,N
2012-10-05 00:00:00,V,V-5,27153995,20389,9,R,15484,18,VXVV01,7895,2012-10-05 18:47:56,2012-10-05 18:49:51,37,37,0,2,4,0,0,0,1,0,1,0,0,0,0,0,0,N,N,N
2012-10-05 00:00:00,V,V-5,27153995,20389,9,R,15484,19,VVRA01,8414,2012-10-05 18:49:16,2012-10-05 18:51:12,37,37,1,1,4,0,0,1,0,0,1,0,0,0,0,0,0,N,N,N
2012-10-05 00:00:00,V,V-5,27153995,20389,9,R,15484,20,CHTS01,8918,2012-10-05 18:50:34,2012-10-05 18:52:04,37,37,0,0,4,0,0,0,0,0,0,0,0,0,0,0,0,N,N,N
2012-10-05 00:00:00,V,V-5,27153995,20389,9,R,15484,21,COLO02,9214,2012-10-05 18:51:20,2012-10-05 18:53:40,37,37,0,0,4,0,0,0,0,0,0,0,0,0,0,0,0,N,N,N
2012-10-05 00:00:00,V,V-5,27153995,20389,9,R,15484,22,CLYS01,9810,2012-10-05 18:52:47,2012-10-05 18:54:39,37,37,0,0,4,0,0,0,0,0,0,0,0,0,0,0,0,N,N,N
2012-10-05 00:00:00,V,V-5,27153995,20389,9,R,15484,23,NANT01,10267,2012-10-05 18:53:54,2012-10-05 18:56:19,37,37,2,0,6,0,0,0,0,1,0,1,0,0,0,0,0,N,N,N
2012-10-05 00:00:00,V,V-5,27153995,20389,9,R,15484,24,MACH01,10665,2012-10-05 18:54:53,2012-10-05 18:57:37,37,37,0,2,4,0,0,0,0,0,0,0,2,0,0,0,0,N,N,N
2012-10-05 00:00:00,V,V-5,27153995,20389,9,R,15484,25,FTAI01,11049,2012-10-05 18:55:49,2012-10-05 18:58:21,37,37,0,0,4,0,0,0,0,0,0,0,0,0,0,0,0,N,N,N
2012-10-05 00:00:00,V,V-5,27153995,20389,9,R,15484,26,CARO01,11343,2012-10-05 18:56:33,2012-10-05 18:59:09,37,37,3,2,5,0,0,0,2,3,0,0,0,0,0,0,0,N,N,N
2012-10-05 00:00:00,V,V-5,27153995,20389,9,R,15484,27,CBFO01,11661,2012-10-05 18:57:20,2012-10-05 19:00:02,37,37,1,1,5,0,0,1,1,0,0,0,0,0,0,0,0,N,N,N
2012-10-05 00:00:00,V,V-5,27153995,20389,9,R,15484,28,CBPL01,11841,2012-10-05 18:57:48,2012-10-05 19:00:38,37,37,0,0,5,0,0,0,0,0,0,0,0,0,0,0,0,N,N,N
2012-10-05 00:00:00,V,V-5,27153995,20389,9,R,15484,29,PYMA01,12452,2012-10-05 18:59:27,2012-10-05 19:01:59,37,37,3,0,8,0,0,0,0,3,0,0,0,0,0,0,0,N,N,N
2012-10-05 00:00:00,V,V-5,27153995,20389,9,R,15484,30,PYVI01,12779,2012-10-05 19:00:20,2012-10-05 19:02:51,37,37,0,0,8,0,0,0,0,0,0,0,0,0,0,0,0,N,N,N
2012-10-05 00:00:00,V,V-5,27153995,20389,9,R,15484,31,PENT01,13059,2012-10-05 19:01:07,2012-10-05 19:03:26,37,37,0,0,8,0,0,0,0,0,0,0,0,0,0,0,0,N,N,N
2012-10-05 00:00:00,V,V-5,27153995,20389,9,R,15484,32,FENE01,13329,2012-10-05 19:01:53,2012-10-05 19:04:01,37,37,0,0,8,0,0,0,0,0,0,0,0,0,0,0,0,N,N,N
2012-10-05 00:00:00,V,V-5,27153995,20389,9,R,15484,33,APIA03,13700,2012-10-05 19:02:57,2012-10-05 19:04:50,37,37,0,1,7,0,0,0,0,0,1,0,0,0,0,0,0,N,N,N
2012-10-05 00:00:00,V,V-5,27153995,20389,9,R,15484,34,NATI14,14301,2012-10-05 19:04:40,2012-10-05 19:06:23,37,37,0,5,2,0,0,0,2,0,3,0,0,0,0,0,0,N,N,N
2012-10-05 00:00:00,V,V-5,27153995,20389,9,R,15484,35,VRBE02,14500,2012-10-05 19:05:27,2012-10-05 19:07:24,37,37,0,0,2,0,0,0,0,0,0,0,0,0,0,0,0,N,N,N
2012-10-05 00:00:00,V,V-5,27153995,20389,9,R,15484,36,VLAI01,15000,2012-10-05 19:07:25,2012-10-05 19:08:40,37,37,0,0,2,0,0,0,0,0,0,0,0,0,0,0,0,N,N,N
2012-10-05 00:00:00,V,V-5,27153995,20389,9,R,15484,37,CVIN22,15484,2012-10-05 19:09:20,2012-10-05 19:10:02,37,37,0,0,2,0,0,0,0,0,0,0,0,0,0,0,0,N,N,N
2012-10-05 00:00:00,V,V-5,27153996,20389,8,A,15766,1,CVIN22,0,2012-10-05 19:16:00,2012-10-05 19:17:35,34,45,0,0,0,0,0,0,0,0,0,0,0,0,0,0,0,N,Y,Y
2012-10-05 00:00:00,V,V-5,27153996,20389,8,A,15766,2,POST00,451,2012-10-05 19:18:21,2012-10-05 19:19:57,34,45,0,0,0,0,0,0,0,0,0,0,0,0,0,0,0,N,N,N
2012-10-05 00:00:00,V,V-5,27153996,20389,8,A,15766,3,VLAI00,832,2012-10-05 19:20:21,2012-10-05 19:20:49,34,45,0,0,0,0,0,0,0,0,0,0,0,0,0,0,0,N,N,N
2012-10-05 00:00:00,V,V-5,27153996,20389,8,A,15766,4,VRBE01,1280,2012-10-05 19:22:41,2012-10-05 19:21:58,34,45,3,0,3,0,0,0,0,2,0,1,0,0,0,0,0,N,N,N
2012-10-05 00:00:00,V,V-5,27153996,20389,8,A,15766,5,NATI15,1465,2012-10-05 19:23:40,2012-10-05 19:23:24,34,45,8,0,11,0,0,6,0,2,0,0,0,0,0,0,0,N,N,N
2012-10-05 00:00:00,V,V-5,27153996,20389,8,A,15766,6,APIA02,2123,2012-10-05 19:25:47,2012-10-05 19:27:23,34,45,5,0,16,0,0,1,0,4,0,0,0,0,0,0,0,N,N,N
2012-10-05 00:00:00,V,V-5,27153996,20389,8,A,15766,7,FENE00,2490,2012-10-05 19:26:58,2012-10-05 19:28:10,34,45,0,0,16,0,0,0,0,0,0,0,0,0,0,0,0,N,N,N
2012-10-05 00:00:00,V,V-5,27153996,20389,8,A,15766,8,PENT00,2746,2012-10-05 19:27:48,2012-10-05 19:28:55,34,45,1,0,17,0,0,1,0,0,0,0,0,0,0,0,0,N,N,N
2012-10-05 00:00:00,V,V-5,27153996,20389,8,A,15766,9,PYVI00,3013,2012-10-05 19:28:40,2012-10-05 19:29:35,34,45,0,0,17,0,0,0,0,0,0,0,0,0,0,0,0,N,N,N
2012-10-05 00:00:00,V,V-5,27153996,20389,8,A,15766,10,PYMA00,3399,2012-10-05 19:29:39,2012-10-05 19:30:47,34,45,0,1,16,0,0,0,1,0,0,0,0,0,0,0,0,N,N,N
2012-10-05 00:00:00,V,V-5,27153996,20389,8,A,15766,11,CBPL00,3980,2012-10-05 19:31:09,2012-10-05 19:32:10,34,45,1,2,15,0,0,0,1,1,0,0,1,0,0,0,0,N,N,N
2012-10-05 00:00:00,V,V-5,27153996,20389,8,A,15766,12,CBFO00,4174,2012-10-05 19:31:40,2012-10-05 19:32:56,34,45,0,1,14,0,0,0,0,0,0,0,1,0,0,0,0,N,N,N
2012-10-05 00:00:00,V,V-5,27153996,20389,8,A,15766,13,CARO00,4499,2012-10-05 19:32:25,2012-10-05 19:33:54,34,45,0,0,14,0,0,0,0,0,0,0,0,0,0,0,0,N,N,N
2012-10-05 00:00:00,V,V-5,27153996,20389,8,A,15766,14,FTAI00,4821,2012-10-05 19:33:10,2012-10-05 19:34:48,34,45,0,1,13,0,0,0,1,0,0,0,0,0,0,0,0,N,N,N
2012-10-05 00:00:00,V,V-5,27153996,20389,8,A,15766,15,MACH00,5174,2012-10-05 19:33:59,2012-10-05 19:35:51,34,45,0,1,12,0,1,0,0,0,0,0,0,0,0,0,0,N,N,N
2012-10-05 00:00:00,V,V-5,27153996,20389,8,A,15766,16,NANT00,5544,2012-10-05 19:34:51,2012-10-05 19:37:04,34,45,0,0,12,0,0,0,0,0,0,0,0,0,0,0,0,N,N,N
2012-10-05 00:00:00,V,V-5,27153996,20389,8,A,15766,17,CLYS00,5950,2012-10-05 19:35:47,2012-10-05 19:37:53,34,45,0,0,12,0,0,0,0,0,0,0,0,0,0,0,0,N,N,N
2012-10-05 00:00:00,V,V-5,27153996,20389,8,A,15766,18,COLO00,6609,2012-10-05 19:37:20,2012-10-05 19:38:43,34,45,0,0,12,0,0,0,0,0,0,0,0,0,0,0,0,N,N,N
2012-10-05 00:00:00,V,V-5,27153996,20389,8,A,15766,19,CHTS00,6962,2012-10-05 19:38:05,2012-10-05 19:39:19,34,45,0,0,12,0,0,0,0,0,0,0,0,0,0,0,0,N,N,N
2012-10-05 00:00:00,V,V-5,27153996,20389,8,A,15766,20,VVRA00,7358,2012-10-05 19:38:56,2012-10-05 19:40:05,34,45,0,2,10,0,0,0,1,0,1,0,0,0,0,0,0,N,N,N
2012-10-05 00:00:00,V,V-5,27153996,20389,8,A,15766,21,VXVV00,7897,2012-10-05 19:40:06,2012-10-05 19:41:31,34,45,0,2,8,0,0,0,1,0,1,0,0,0,0,0,0,N,N,N
2012-10-05 00:00:00,V,V-5,27153996,20389,8,A,15766,22,CNAE00,8277,2012-10-05 19:40:55,2012-10-05 19:42:25,34,45,0,1,7,0,0,0,0,0,1,0,0,0,0,0,0,N,N,N
2012-10-05 00:00:00,V,V-5,27153996,20389,8,A,15766,23,GEBE00,8620,2012-10-05 19:41:40,2012-10-05 19:43:12,34,45,0,0,7,0,0,0,0,0,0,0,0,0,0,0,0,N,N,N
2012-10-05 00:00:00,V,V-5,27153996,20389,8,A,15766,24,SAGY00,9131,2012-10-05 19:42:47,2012-10-05 19:44:00,34,45,0,0,7,0,0,0,0,0,0,0,0,0,0,0,0,N,N,N
2012-10-05 00:00:00,V,V-5,27153996,20389,8,A,15766,25,GTVI00,9834,2012-10-05 19:44:20,2012-10-05 19:45:59,34,45,0,1,6,0,0,0,0,0,1,0,0,0,0,0,0,N,N,N
2012-10-05 00:00:00,V,V-5,27153996,20389,8,A,15766,26,PRLA00,10324,2012-10-05 19:45:35,2012-10-05 19:46:59,34,45,0,0,6,0,0,0,0,0,0,0,0,0,0,0,0,N,N,N
2012-10-05 00:00:00,V,V-5,27153996,20389,8,A,15766,27,MLGN00,10555,2012-10-05 19:46:10,2012-10-05 19:47:25,34,45,0,0,6,0,0,0,0,0,0,0,0,0,0,0,0,N,N,N
2012-10-05 00:00:00,V,V-5,27153996,20389,8,A,15766,28,FAYA00,11161,2012-10-05 19:47:44,2012-10-05 19:48:59,34,45,7,9,4,3,0,0,3,4,3,0,3,0,0,0,0,N,N,N
2012-10-05 00:00:00,V,V-5,27153996,20389,8,A,15766,29,ENVE00,11524,2012-10-05 19:48:40,2012-10-05 19:49:51,34,45,0,0,4,0,0,0,0,0,0,0,0,0,0,0,0,N,N,N
2012-10-05 00:00:00,V,V-5,27153996,20389,8,A,15766,30,VXBO00,11856,2012-10-05 19:49:46,2012-10-05 19:51:02,34,45,1,0,5,0,0,1,0,0,0,0,0,0,0,0,0,N,N,N
2012-10-05 00:00:00,V,V-5,27153996,20389,8,A,15766,31,VXGA00,12320,2012-10-05 19:51:20,2012-10-05 19:52:06,34,45,1,0,6,0,0,0,0,1,0,0,0,0,0,0,0,N,N,N
2012-10-05 00:00:00,V,V-5,27153996,20389,8,A,15766,32,ALCH00,12782,2012-10-05 19:52:37,2012-10-05 19:53:30,34,45,0,6,0,0,0,0,3,0,0,0,3,0,0,0,0,N,N,N
2012-10-05 00:00:00,V,V-5,27153996,20389,8,A,15766,33,AMAR00,13135,2012-10-05 19:53:36,2012-10-05 19:55:06,34,45,0,5,0,0,3,0,0,0,0,0,2,0,0,0,0,N,N,N
2012-10-05 00:00:00,V,V-5,27153996,20389,8,A,15766,34,PCEA00,13575,2012-10-05 19:54:50,2012-10-05 19:56:23,34,45,6,2,4,0,0,4,0,0,2,2,0,0,0,0,0,N,N,N
2012-10-05 00:00:00,V,V-5,27153996,20389,8,A,15766,35,POCH00,14010,2012-10-05 19:56:02,2012-10-05 19:57:55,34,45,0,1,3,0,0,0,0,0,0,0,1,0,0,0,0,N,N,N
2012-10-05 00:00:00,V,V-5,27153996,20389,8,A,15766,36,MTFL00,14409,2012-10-05 19:57:09,2012-10-05 19:59:51,34,45,1,6,0,0,0,0,5,1,1,0,0,0,0,0,0,N,N,N
2012-10-05 00:00:00,V,V-5,27153996,20389,8,A,15766,37,ECOG00,15187,2012-10-05 19:59:20,2012-10-05 20:01:28,34,45,0,0,0,0,0,0,0,0,0,0,0,0,0,0,0,N,N,N
2012-10-05 00:00:00,V,V-5,27153996,20389,8,A,15766,38,CSLB01,15766,2012-10-05 20:00:20,2012-10-05 20:02:31,34,45,0,4,0,0,0,0,0,0,1,0,3,0,0,0,0,N,N,N
2012-10-05 00:00:00,Z,V-6,27154016,20389,4,A,10163,1,CXEC00,8927,2012-10-05 20:44:22,2012-10-05 20:59:16,1,1,1,1,0,1,1,0,0,0,0,0,0,0,0,0,0,N,N,Y
2012-10-05 00:00:00,Z,V-6,27154016,20389,4,A,10163,2,SCHA00,9220,2012-10-05 20:44:55,2012-10-05 20:59:45,1,1,0,0,0,0,0,0,0,0,0,0,0,0,0,0,0,N,N,N
2012-10-05 00:00:00,Z,V-6,27154016,20389,4,A,10163,3,BOSY00,10163,2012-10-05 20:46:40,2012-10-05 21:03:59,1,1,0,0,0,0,0,0,0,0,0,0,0,0,0,0,0,N,N,N
2012-10-05 00:00:00,Z,V-6,27154017,20389,9,R,9722,1,BOSY00,0,2012-10-05 21:20:00,2012-10-05 21:21:23,22,22,3,0,3,3,0,0,0,0,0,0,0,0,0,0,0,N,N,N
2012-10-05 00:00:00,Z,V-6,27154017,20389,9,R,9722,2,SCHA01,860,2012-10-05 21:21:43,2012-10-05 21:22:50,22,22,0,0,3,0,0,0,0,0,0,0,0,0,0,0,0,N,N,N
2012-10-05 00:00:00,Z,V-6,27154017,20389,9,R,9722,3,CXEC01,1133,2012-10-05 21:22:16,2012-10-05 21:23:39,22,22,2,0,5,0,0,2,0,0,0,0,0,0,0,0,0,N,N,N
2012-10-05 00:00:00,Z,V-6,27154017,20389,9,R,9722,4,CXCE01,1496,2012-10-05 21:23:00,2012-10-05 21:24:52,22,22,0,0,5,0,0,0,0,0,0,0,0,0,0,0,0,N,N,N
2012-10-05 00:00:00,Z,V-6,27154017,20389,9,R,9722,5,PREL01,1854,2012-10-05 21:23:44,2012-10-05 21:25:48,22,22,0,0,5,0,0,0,0,0,0,0,0,0,0,0,0,N,N,N
2012-10-05 00:00:00,Z,V-6,27154017,20389,9,R,9722,6,VRLP01,2356,2012-10-05 21:24:47,2012-10-05 21:26:50,22,22,0,0,5,0,0,0,0,0,0,0,0,0,0,0,0,N,N,N
2012-10-05 00:00:00,Z,V-6,27154017,20389,9,R,9722,7,PLNT01,3044,2012-10-05 21:26:13,2012-10-05 21:27:56,22,22,0,0,5,0,0,0,0,0,0,0,0,0,0,0,0,N,N,N
2012-10-05 00:00:00,Z,V-6,27154017,20389,9,R,9722,8,COLO01,3415,2012-10-05 21:27:00,2012-10-05 21:28:56,22,22,0,0,5,0,0,0,0,0,0,0,0,0,0,0,0,N,N,N
2012-10-05 00:00:00,Z,V-6,27154017,20389,9,R,9722,9,CLYS01,4048,2012-10-05 21:28:26,2012-10-05 21:30:02,22,22,0,0,5,0,0,0,0,0,0,0,0,0,0,0,0,N,N,N
2012-10-05 00:00:00,Z,V-6,27154017,20389,9,R,9722,10,NANT01,4505,2012-10-05 21:29:29,2012-10-05 21:31:06,22,22,4,0,9,1,0,0,0,3,0,0,0,0,0,0,0,N,N,N
2012-10-05 00:00:00,Z,V-6,27154017,20389,9,R,9722,11,MACH01,4903,2012-10-05 21:30:23,2012-10-05 21:32:36,22,22,5,0,14,0,0,0,0,4,0,1,0,0,0,0,0,N,N,N
2012-10-05 00:00:00,Z,V-6,27154017,20389,9,R,9722,12,FTAI01,5287,2012-10-05 21:31:16,2012-10-05 21:33:43,22,22,5,0,19,5,0,0,0,0,0,0,0,0,0,0,0,N,N,N
2012-10-05 00:00:00,Z,V-6,27154017,20389,9,R,9722,13,CARO01,5581,2012-10-05 21:31:56,2012-10-05 21:34:43,22,22,1,6,14,0,2,1,4,0,0,0,0,0,0,0,0,N,N,N
2012-10-05 00:00:00,Z,V-6,27154017,20389,9,R,9722,14,CBFO01,5899,2012-10-05 21:32:40,2012-10-05 21:35:33,22,22,0,0,14,0,0,0,0,0,0,0,0,0,0,0,0,N,N,N
2012-10-05 00:00:00,Z,V-6,27154017,20389,9,R,9722,15,CBPL01,6079,2012-10-05 21:33:05,2012-10-05 21:36:17,22,22,1,3,12,0,0,1,3,0,0,0,0,0,0,0,0,N,N,N
2012-10-05 00:00:00,Z,V-6,27154017,20389,9,R,9722,16,PYMA01,6690,2012-10-05 21:34:33,2012-10-05 21:37:29,22,22,1,0,13,0,0,1,0,0,0,0,0,0,0,0,0,N,N,N
2012-10-05 00:00:00,Z,V-6,27154017,20389,9,R,9722,17,PYVI01,7017,2012-10-05 21:35:20,2012-10-05 21:38:21,22,22,0,0,13,0,0,0,0,0,0,0,0,0,0,0,0,N,N,N
2012-10-05 00:00:00,Z,V-6,27154017,20389,9,R,9722,18,PENT01,7297,2012-10-05 21:36:00,2012-10-05 21:38:55,22,22,0,0,13,0,0,0,0,0,0,0,0,0,0,0,0,N,N,N
2012-10-05 00:00:00,Z,V-6,27154017,20389,9,R,9722,19,FENE01,7567,2012-10-05 21:36:39,2012-10-05 21:39:32,22,22,0,0,13,0,0,0,0,0,0,0,0,0,0,0,0,N,N,N
2012-10-05 00:00:00,Z,V-6,27154017,20389,9,R,9722,20,APIA03,7938,2012-10-05 21:37:33,2012-10-05 21:40:13,22,22,0,0,13,0,0,0,0,0,0,0,0,0,0,0,0,N,N,N
2012-10-05 00:00:00,Z,V-6,27154017,20389,9,R,9722,21,NATI14,8539,2012-10-05 21:39:00,2012-10-05 21:42:41,22,22,0,4,9,0,2,0,0,0,2,0,0,0,0,0,0,N,N,N
2012-10-05 00:00:00,Z,V-6,27154017,20389,9,R,9722,22,VRBE02,8738,2012-10-05 21:39:37,2012-10-05 21:43:13,22,22,0,0,9,0,0,0,0,0,0,0,0,0,0,0,0,N,N,N
2012-10-05 00:00:00,Z,V-6,27154017,20389,9,R,9722,23,VLAI01,9238,2012-10-05 21:41:09,2012-10-05 21:44:01,22,22,0,0,9,0,0,0,0,0,0,0,0,0,0,0,0,N,N,N
2012-10-05 00:00:00,Z,V-6,27154017,20389,9,R,9722,24,CVIN22,9722,2012-10-05 21:42:40,2012-10-05 21:45:05,22,22,0,9,0,0,0,0,6,0,1,0,2,0,0,0,0,N,N,N
2012-10-05 00:00:00,V,V-6,27154018,20389,8,A,15766,1,CVIN22,0,2012-10-05 21:50:00,2012-10-05 21:51:42,25,26,10,0,10,5,0,2,0,0,0,3,0,0,0,0,0,N,N,N
2012-10-05 00:00:00,V,V-6,27154018,20389,8,A,15766,2,POST00,451,2012-10-05 21:51:56,2012-10-05 21:54:02,25,26,2,0,12,0,0,2,0,0,0,0,0,0,0,0,0,N,N,N
2012-10-05 00:00:00,V,V-6,27154018,20389,8,A,15766,3,VLAI00,832,2012-10-05 21:53:35,2012-10-05 21:54:56,25,26,0,0,12,0,0,0,0,0,0,0,0,0,0,0,0,N,N,N
2012-10-05 00:00:00,V,V-6,27154018,20389,8,A,15766,4,VRBE01,1280,2012-10-05 21:55:32,2012-10-05 21:55:56,25,26,0,1,11,0,0,0,0,0,1,0,0,0,0,0,0,N,N,N
2012-10-05 00:00:00,V,V-6,27154018,20389,8,A,15766,5,NATI15,1465,2012-10-05 21:56:20,2012-10-05 21:57:27,25,26,5,3,13,2,1,3,0,0,0,0,2,0,0,0,0,N,N,N
2012-10-05 00:00:00,V,V-6,27154018,20389,8,A,15766,6,APIA02,2123,2012-10-05 21:58:10,2012-10-05 22:00:35,25,26,1,0,14,0,0,1,0,0,0,0,0,0,0,0,0,N,N,N
2012-10-05 00:00:00,V,V-6,27154018,20389,8,A,15766,7,FENE00,2490,2012-10-05 21:59:12,2012-10-05 22:01:26,25,26,0,0,14,0,0,0,0,0,0,0,0,0,0,0,0,N,N,N
2012-10-05 00:00:00,V,V-6,27154018,20389,8,A,15766,8,PENT00,2746,2012-10-05 21:59:55,2012-10-05 22:02:10,25,26,0,0,14,0,0,0,0,0,0,0,0,0,0,0,0,N,N,N
2012-10-05 00:00:00,V,V-6,27154018,20389,8,A,15766,9,PYVI00,3013,2012-10-05 22:00:40,2012-10-05 22:02:47,25,26,0,0,14,0,0,0,0,0,0,0,0,0,0,0,0,N,N,N
2012-10-05 00:00:00,V,V-6,27154018,20389,8,A,15766,10,PYMA00,3399,2012-10-05 22:01:39,2012-10-05 22:03:43,25,26,0,0,14,0,0,0,0,0,0,0,0,0,0,0,0,N,N,N
2012-10-05 00:00:00,V,V-6,27154018,20389,8,A,15766,11,CBPL00,3980,2012-10-05 22:03:09,2012-10-05 22:05:08,25,26,0,1,13,0,0,0,1,0,0,0,0,0,0,0,0,N,N,N
2012-10-05 00:00:00,V,V-6,27154018,20389,8,A,15766,12,CBFO00,4174,2012-10-05 22:03:40,2012-10-05 22:05:53,25,26,0,0,13,0,0,0,0,0,0,0,0,0,0,0,0,N,N,N
2012-10-05 00:00:00,V,V-6,27154018,20389,8,A,15766,13,CARO00,4499,2012-10-05 22:04:22,2012-10-05 22:07:00,25,26,1,3,11,0,0,1,3,0,0,0,0,0,0,0,0,N,N,N
2012-10-05 00:00:00,V,V-6,27154018,20389,8,A,15766,14,FTAI00,4821,2012-10-05 22:05:05,2012-10-05 22:07:47,25,26,0,0,11,0,0,0,0,0,0,0,0,0,0,0,0,N,N,N
2012-10-05 00:00:00,V,V-6,27154018,20389,8,A,15766,15,MACH00,5174,2012-10-05 22:05:51,2012-10-05 22:08:29,25,26,0,0,11,0,0,0,0,0,0,0,0,0,0,0,0,N,N,N
2012-10-05 00:00:00,V,V-6,27154018,20389,8,A,15766,16,NANT00,5544,2012-10-05 22:06:40,2012-10-05 22:09:40,25,26,0,1,10,0,0,0,1,0,0,0,0,0,0,0,0,N,N,N
2012-10-05 00:00:00,V,V-6,27154018,20389,8,A,15766,17,CLYS00,5950,2012-10-05 22:07:33,2012-10-05 22:10:31,25,26,0,0,10,0,0,0,0,0,0,0,0,0,0,0,0,N,N,N
2012-10-05 00:00:00,V,V-6,27154018,20389,8,A,15766,18,COLO00,6609,2012-10-05 22:09:00,2012-10-05 22:11:30,25,26,0,0,10,0,0,0,0,0,0,0,0,0,0,0,0,N,N,N
2012-10-05 00:00:00,V,V-6,27154018,20389,8,A,15766,19,CHTS00,6962,2012-10-05 22:09:45,2012-10-05 22:12:14,25,26,0,0,10,0,0,0,0,0,0,0,0,0,0,0,0,N,N,N
2012-10-05 00:00:00,V,V-6,27154018,20389,8,A,15766,20,VVRA00,7358,2012-10-05 22:10:36,2012-10-05 22:13:04,25,26,0,5,5,0,0,0,1,0,4,0,0,0,0,0,0,N,N,N
2012-10-05 00:00:00,V,V-6,27154018,20389,8,A,15766,21,VXVV00,7897,2012-10-05 22:11:46,2012-10-05 22:14:24,25,26,0,0,5,0,0,0,0,0,0,0,0,0,0,0,0,N,N,N
2012-10-05 00:00:00,V,V-6,27154018,20389,8,A,15766,22,CNAE00,8277,2012-10-05 22:12:35,2012-10-05 22:15:07,25,26,0,0,5,0,0,0,0,0,0,0,0,0,0,0,0,N,N,N
2012-10-05 00:00:00,V,V-6,27154018,20389,8,A,15766,23,GEBE00,8620,2012-10-05 22:13:20,2012-10-05 22:15:55,25,26,0,0,5,0,0,0,0,0,0,0,0,0,0,0,0,N,N,N
2012-10-05 00:00:00,V,V-6,27154018,20389,8,A,15766,24,SAGY00,9131,2012-10-05 22:14:27,2012-10-05 22:16:50,25,26,0,0,5,0,0,0,0,0,0,0,0,0,0,0,0,N,N,N
2012-10-05 00:00:00,V,V-6,27154018,20389,8,A,15766,25,GTVI00,9834,2012-10-05 22:16:00,2012-10-05 22:18:51,25,26,0,2,3,0,0,0,2,0,0,0,0,0,0,0,0,N,N,N
2012-10-05 00:00:00,V,V-6,27154018,20389,8,A,15766,26,PRLA00,10324,2012-10-05 22:17:15,2012-10-05 22:20:01,25,26,0,0,3,0,0,0,0,0,0,0,0,0,0,0,0,N,N,N
2012-10-05 00:00:00,V,V-6,27154018,20389,8,A,15766,27,MLGN00,10555,2012-10-05 22:17:50,2012-10-05 22:20:28,25,26,0,0,3,0,0,0,0,0,0,0,0,0,0,0,0,N,N,N
2012-10-05 00:00:00,V,V-6,27154018,20389,8,A,15766,28,FAYA00,11161,2012-10-05 22:19:24,2012-10-05 22:22:03,25,26,1,3,1,0,1,0,1,0,0,1,1,0,0,0,0,N,N,N
2012-10-05 00:00:00,V,V-6,27154018,20389,8,A,15766,29,ENVE00,11524,2012-10-05 22:20:20,2012-10-05 22:23:06,25,26,0,0,1,0,0,0,0,0,0,0,0,0,0,0,0,N,N,N
2012-10-05 00:00:00,V,V-6,27154018,20389,8,A,15766,30,VXBO00,11856,2012-10-05 22:21:18,2012-10-05 22:24:14,25,26,0,0,1,0,0,0,0,0,0,0,0,0,0,0,0,N,N,N
2012-10-05 00:00:00,V,V-6,27154018,20389,8,A,15766,31,VXGA00,12320,2012-10-05 22:22:40,2012-10-05 22:26:05,25,26,5,0,6,2,0,0,0,2,0,1,0,0,0,0,0,N,N,N
2012-10-05 00:00:00,V,V-6,27154018,20389,8,A,15766,32,ALCH00,12782,2012-10-05 22:23:54,2012-10-05 22:26:59,25,26,0,0,6,0,0,0,0,0,0,0,0,0,0,0,0,N,N,N
2012-10-05 00:00:00,V,V-6,27154018,20389,8,A,15766,33,AMAR00,13135,2012-10-05 22:24:50,2012-10-05 22:28:21,25,26,0,1,5,0,1,0,0,0,0,0,0,0,0,0,0,N,N,N
2012-10-05 00:00:00,V,V-6,27154018,20389,8,A,15766,34,PCEA00,13575,2012-10-05 22:26:01,2012-10-05 22:29:42,25,26,0,0,5,0,0,0,0,0,0,0,0,0,0,0,0,N,N,N
2012-10-05 00:00:00,V,V-6,27154018,20389,8,A,15766,35,POCH00,14010,2012-10-05 22:27:11,2012-10-05 22:31:03,25,26,0,0,5,0,0,0,0,0,0,0,0,0,0,0,0,N,N,N
2012-10-05 00:00:00,V,V-6,27154018,20389,8,A,15766,36,MTFL00,14409,2012-10-05 22:28:15,2012-10-05 22:32:41,25,26,0,6,0,0,0,0,2,0,0,0,4,0,0,0,0,N,N,N
2012-10-05 00:00:00,V,V-6,27154018,20389,8,A,15766,37,ECOG00,15187,2012-10-05 22:30:20,2012-10-05 22:34:18,25,26,0,0,0,0,0,0,0,0,0,0,0,0,0,0,0,N,N,N
2012-10-05 00:00:00,V,V-6,27154018,20389,8,A,15766,38,CSLB01,15766,2012-10-05 22:31:20,2012-10-05 22:35:19,25,26,0,0,0,0,0,0,0,0,0,0,0,0,0,0,0,N,N,N
2012-10-05 00:00:00,V,V-6,27154019,20389,9,R,15484,1,CSLB01,0,2012-10-05 22:35:00,2012-10-05 22:36:50,16,16,0,0,0,0,0,0,0,0,0,0,0,0,0,0,0,N,N,N
2012-10-05 00:00:00,V,V-6,27154019,20389,9,R,15484,2,ECOG01,698,2012-10-05 22:37:00,2012-10-05 22:38:19,16,16,0,0,0,0,0,0,0,0,0,0,0,0,0,0,0,N,N,N
2012-10-05 00:00:00,V,V-6,27154019,20389,9,R,15484,3,MTFL01,1506,2012-10-05 22:39:05,2012-10-05 22:40:17,16,16,2,0,2,0,0,0,0,0,0,2,0,0,0,0,0,N,N,N
2012-10-05 00:00:00,V,V-6,27154019,20389,9,R,15484,4,POCH01,1821,2012-10-05 22:39:53,2012-10-05 22:41:10,16,16,0,0,2,0,0,0,0,0,0,0,0,0,0,0,0,N,N,N
2012-10-05 00:00:00,V,V-6,27154019,20389,9,R,15484,5,PCEA01,2338,2012-10-05 22:41:13,2012-10-05 22:42:22,16,16,2,0,4,0,0,0,0,2,0,0,0,0,0,0,0,N,N,N
2012-10-05 00:00:00,V,V-6,27154019,20389,9,R,15484,6,AMAR01,2762,2012-10-05 22:42:19,2012-10-05 22:43:48,16,16,0,1,3,0,0,0,0,0,0,0,1,0,0,0,0,N,N,N
2012-10-05 00:00:00,V,V-6,27154019,20389,9,R,15484,7,ALCH01,3092,2012-10-05 22:43:10,2012-10-05 22:44:30,16,16,0,0,3,0,0,0,0,0,0,0,0,0,0,0,0,N,N,N
2012-10-05 00:00:00,V,V-6,27154019,20389,9,R,15484,8,VXGA01,3540,2012-10-05 22:44:20,2012-10-05 22:45:19,16,16,0,0,3,0,0,0,0,0,0,0,0,0,0,0,0,N,N,N
2012-10-05 00:00:00,V,V-6,27154019,20389,9,R,15484,9,VXBO01,3959,2012-10-05 22:45:37,2012-10-05 22:46:32,16,16,1,0,4,0,0,0,0,1,0,0,0,0,0,0,0,N,N,N
2012-10-05 00:00:00,V,V-6,27154019,20389,9,R,15484,10,ENVE01,4406,2012-10-05 22:47:00,2012-10-05 22:47:46,16,16,0,0,4,0,0,0,0,0,0,0,0,0,0,0,0,N,N,N
2012-10-05 00:00:00,V,V-6,27154019,20389,9,R,15484,11,FAYA01,4683,2012-10-05 22:47:41,2012-10-05 22:48:41,16,16,2,3,3,0,0,1,1,1,0,0,2,0,0,0,0,N,N,N
2012-10-05 00:00:00,V,V-6,27154019,20389,9,R,15484,12,MLGN01,5220,2012-10-05 22:49:01,2012-10-05 22:49:48,16,16,0,0,3,0,0,0,0,0,0,0,0,0,0,0,0,N,N,N
2012-10-05 00:00:00,V,V-6,27154019,20389,9,R,15484,13,PRLA01,5556,2012-10-05 22:49:51,2012-10-05 22:50:23,16,16,0,0,3,0,0,0,0,0,0,0,0,0,0,0,0,N,N,N
2012-10-05 00:00:00,V,V-6,27154019,20389,9,R,15484,14,GTVI01,6020,2012-10-05 22:51:00,2012-10-05 22:51:30,16,16,0,0,3,0,0,0,0,0,0,0,0,0,0,0,0,N,N,N
2012-10-05 00:00:00,V,V-6,27154019,20389,9,R,15484,15,SAGY01,6738,2012-10-05 22:52:32,2012-10-05 22:53:18,16,16,0,0,3,0,0,0,0,0,0,0,0,0,0,0,0,N,N,N
2012-10-05 00:00:00,V,V-6,27154019,20389,9,R,15484,16,GEBE01,7265,2012-10-05 22:53:40,2012-10-05 22:54:15,16,16,0,0,3,0,0,0,0,0,0,0,0,0,0,0,0,N,N,N
2012-10-05 00:00:00,V,V-6,27154019,20389,9,R,15484,17,CNAE01,7573,2012-10-05 22:54:17,2012-10-05 22:54:52,16,16,0,0,3,0,0,0,0,0,0,0,0,0,0,0,0,N,N,N
2012-10-05 00:00:00,V,V-6,27154019,20389,9,R,15484,18,VXVV01,7895,2012-10-05 22:54:57,2012-10-05 22:55:21,16,16,0,0,3,0,0,0,0,0,0,0,0,0,0,0,0,N,N,N
2012-10-05 00:00:00,V,V-6,27154019,20389,9,R,15484,19,VVRA01,8414,2012-10-05 22:56:01,2012-10-05 22:56:28,16,16,0,0,3,0,0,0,0,0,0,0,0,0,0,0,0,N,N,N
2012-10-05 00:00:00,V,V-6,27154019,20389,9,R,15484,20,CHTS01,8918,2012-10-05 22:57:03,2012-10-05 22:57:18,16,16,0,0,3,0,0,0,0,0,0,0,0,0,0,0,0,N,N,N
2012-10-05 00:00:00,V,V-6,27154019,20389,9,R,15484,21,COLO02,9214,2012-10-05 22:57:40,2012-10-05 22:58:03,16,16,0,0,3,0,0,0,0,0,0,0,0,0,0,0,0,N,N,N
2012-10-05 00:00:00,V,V-6,27154019,20389,9,R,15484,22,CLYS01,9810,2012-10-05 22:58:57,2012-10-05 22:58:58,16,16,0,0,3,0,0,0,0,0,0,0,0,0,0,0,0,N,N,N
2012-10-05 00:00:00,V,V-6,27154019,20389,9,R,15484,23,NANT01,10267,2012-10-05 22:59:57,2012-10-05 23:00:32,16,16,5,0,8,5,0,0,0,0,0,0,0,0,0,0,0,N,N,N
2012-10-05 00:00:00,V,V-6,27154019,20389,9,R,15484,24,MACH01,10665,2012-10-05 23:00:49,2012-10-05 23:01:19,16,16,0,0,8,0,0,0,0,0,0,0,0,0,0,0,0,N,N,N
2012-10-05 00:00:00,V,V-6,27154019,20389,9,R,15484,25,FTAI01,11049,2012-10-05 23:01:39,2012-10-05 23:02:03,16,16,0,0,8,0,0,0,0,0,0,0,0,0,0,0,0,N,N,N
2012-10-05 00:00:00,V,V-6,27154019,20389,9,R,15484,26,CARO01,11343,2012-10-05 23:02:18,2012-10-05 23:02:54,16,16,1,0,9,0,0,1,0,0,0,0,0,0,0,0,0,N,N,N
2012-10-05 00:00:00,V,V-6,27154019,20389,9,R,15484,27,CBFO01,11661,2012-10-05 23:03:00,2012-10-05 23:03:42,16,16,0,0,9,0,0,0,0,0,0,0,0,0,0,0,0,N,N,N
2012-10-05 00:00:00,V,V-6,27154019,20389,9,R,15484,28,CBPL01,11841,2012-10-05 23:03:25,2012-10-05 23:04:29,16,16,3,0,12,0,0,0,0,0,0,3,0,0,0,0,0,N,N,N
2012-10-05 00:00:00,V,V-6,27154019,20389,9,R,15484,29,PYMA01,12452,2012-10-05 23:04:53,2012-10-05 23:05:51,16,16,0,0,12,0,0,0,0,0,0,0,0,0,0,0,0,N,N,N
2012-10-05 00:00:00,V,V-6,27154019,20389,9,R,15484,30,PYVI01,12779,2012-10-05 23:05:40,2012-10-05 23:06:39,16,16,0,3,9,0,0,0,0,0,0,0,3,0,0,0,0,N,N,N
2012-10-05 00:00:00,V,V-6,27154019,20389,9,R,15484,31,PENT01,13059,2012-10-05 23:06:16,2012-10-05 23:07:10,16,16,0,0,9,0,0,0,0,0,0,0,0,0,0,0,0,N,N,N
2012-10-05 00:00:00,V,V-6,27154019,20389,9,R,15484,32,FENE01,13329,2012-10-05 23:06:52,2012-10-05 23:07:56,16,16,0,0,9,0,0,0,0,0,0,0,0,0,0,0,0,N,N,N
2012-10-05 00:00:00,V,V-6,27154019,20389,9,R,15484,33,APIA03,13700,2012-10-05 23:07:41,2012-10-05 23:08:36,16,16,0,0,9,0,0,0,0,0,0,0,0,0,0,0,0,N,N,N
2012-10-05 00:00:00,V,V-6,27154019,20389,9,R,15484,34,NATI14,14301,2012-10-05 23:09:00,2012-10-05 23:10:35,16,16,0,1,8,0,1,0,0,0,0,0,0,0,0,0,0,N,N,N
2012-10-05 00:00:00,V,V-6,27154019,20389,9,R,15484,35,VRBE02,14500,2012-10-05 23:09:37,2012-10-05 23:11:16,16,16,0,0,8,0,0,0,0,0,0,0,0,0,0,0,0,N,N,N
2012-10-05 00:00:00,V,V-6,27154019,20389,9,R,15484,36,VLAI01,15000,2012-10-05 23:11:09,2012-10-05 23:12:06,16,16,0,0,8,0,0,0,0,0,0,0,0,0,0,0,0,N,N,N
2012-10-05 00:00:00,V,V-6,27154019,20389,9,R,15484,37,CVIN22,15484,2012-10-05 23:12:40,2012-10-05 23:13:29,16,16,0,8,0,0,1,0,4,0,1,0,2,0,0,0,0,N,N,N
2012-10-05 00:00:00,Z,V-6,27154020,20389,4,A,10163,1,CVIN22,0,2012-10-05 23:20:00,2012-10-05 23:21:16,30,25,16,0,16,0,0,11,0,2,0,3,0,0,0,0,0,N,N,N
2012-10-05 00:00:00,Z,V-6,27154020,20389,4,A,10163,2,POST00,451,2012-10-05 23:21:56,2012-10-05 23:23:12,30,25,0,0,16,0,0,0,0,0,0,0,0,0,0,0,0,N,N,N
2012-10-05 00:00:00,Z,V-6,27154020,20389,4,A,10163,3,VLAI00,832,2012-10-05 23:23:35,2012-10-05 23:24:23,30,25,3,0,19,3,0,0,0,0,0,0,0,0,0,0,0,N,N,N
2012-10-05 00:00:00,Z,V-6,27154020,20389,4,A,10163,4,VRBE01,1280,2012-10-05 23:25:32,2012-10-05 23:25:31,30,25,2,0,21,0,0,1,0,1,0,0,0,0,0,0,0,N,N,N
2012-10-05 00:00:00,Z,V-6,27154020,20389,4,A,10163,5,NATI15,1465,2012-10-05 23:26:20,2012-10-05 23:26:21,30,25,9,0,30,2,0,6,0,0,0,1,0,0,0,0,0,N,N,N
2012-10-05 00:00:00,Z,V-6,27154020,20389,4,A,10163,6,APIA02,2123,2012-10-05 23:28:02,2012-10-05 23:27:55,30,25,0,0,30,0,0,0,0,0,0,0,0,0,0,0,0,N,N,N
2012-10-05 00:00:00,Z,V-6,27154020,20389,4,A,10163,7,FENE00,2490,2012-10-05 23:28:58,2012-10-05 23:28:53,30,25,0,1,29,0,0,0,1,0,0,0,0,0,0,0,0,N,N,N
2012-10-05 00:00:00,Z,V-6,27154020,20389,4,A,10163,8,PENT00,2746,2012-10-05 23:29:38,2012-10-05 23:29:37,30,25,0,0,29,0,0,0,0,0,0,0,0,0,0,0,0,N,N,N
2012-10-05 00:00:00,Z,V-6,27154020,20389,4,A,10163,9,PYVI00,3013,2012-10-05 23:30:20,2012-10-05 23:30:14,30,25,0,0,29,0,0,0,0,0,0,0,0,0,0,0,0,N,N,N
2012-10-05 00:00:00,Z,V-6,27154020,20389,4,A,10163,10,PYMA00,3399,2012-10-05 23:31:19,2012-10-05 23:31:07,30,25,0,0,29,0,0,0,0,0,0,0,0,0,0,0,0,N,N,N
2012-10-05 00:00:00,Z,V-6,27154020,20389,4,A,10163,11,CBPL00,3980,2012-10-05 23:32:49,2012-10-05 23:32:18,30,25,0,0,29,0,0,0,0,0,0,0,0,0,0,0,0,N,N,N
2012-10-05 00:00:00,Z,V-6,27154020,20389,4,A,10163,12,CBFO00,4174,2012-10-05 23:33:20,2012-10-05 23:33:31,30,25,0,6,23,0,2,0,1,0,3,0,0,0,0,0,0,N,N,N
2012-10-05 00:00:00,Z,V-6,27154020,20389,4,A,10163,13,CARO00,4499,2012-10-05 23:34:02,2012-10-05 23:34:23,30,25,0,2,21,0,0,0,2,0,0,0,0,0,0,0,0,N,N,N
2012-10-05 00:00:00,Z,V-6,27154020,20389,4,A,10163,14,FTAI00,4821,2012-10-05 23:34:45,2012-10-05 23:35:59,30,25,0,5,16,0,3,0,2,0,0,0,0,0,0,0,0,N,N,N
2012-10-05 00:00:00,Z,V-6,27154020,20389,4,A,10163,15,MACH00,5174,2012-10-05 23:35:31,2012-10-05 23:36:42,30,25,0,0,16,0,0,0,0,0,0,0,0,0,0,0,0,N,N,N
2012-10-05 00:00:00,Z,V-6,27154020,20389,4,A,10163,16,NANT00,5544,2012-10-05 23:36:20,2012-10-05 23:37:39,30,25,0,4,12,0,0,0,2,0,0,0,2,0,0,0,0,N,N,N
2012-10-05 00:00:00,Z,V-6,27154020,20389,4,A,10163,17,CLYS00,5950,2012-10-05 23:37:13,2012-10-05 23:38:18,30,25,0,0,12,0,0,0,0,0,0,0,0,0,0,0,0,N,N,N
2012-10-05 00:00:00,Z,V-6,27154020,20389,4,A,10163,18,COLO00,6609,2012-10-05 23:38:40,2012-10-05 23:39:12,30,25,0,0,12,0,0,0,0,0,0,0,0,0,0,0,0,N,N,N
2012-10-05 00:00:00,Z,V-6,27154020,20389,4,A,10163,19,PLNT00,7006,2012-10-05 23:39:29,2012-10-05 23:39:59,30,25,0,0,12,0,0,0,0,0,0,0,0,0,0,0,0,N,N,N
2012-10-05 00:00:00,Z,V-6,27154020,20389,4,A,10163,20,VRLP00,7677,2012-10-05 23:40:52,2012-10-05 23:41:22,30,25,0,1,11,0,0,0,0,0,0,0,1,0,0,0,0,N,N,N
2012-10-05 00:00:00,Z,V-6,27154020,20389,4,A,10163,21,PREL00,8090,2012-10-05 23:41:44,2012-10-05 23:42:05,30,25,0,0,11,0,0,0,0,0,0,0,0,0,0,0,0,N,N,N
2012-10-05 00:00:00,Z,V-6,27154020,20389,4,A,10163,22,CXCE00,8540,2012-10-05 23:42:40,2012-10-05 23:43:18,30,25,0,1,10,0,0,0,0,0,0,0,1,0,0,0,0,N,N,N
2012-10-05 00:00:00,Z,V-6,27154020,20389,4,A,10163,23,CXEC00,8927,2012-10-05 23:43:22,2012-10-05 23:44:30,30,25,0,0,10,0,0,0,0,0,0,0,0,0,0,0,0,N,N,N
2012-10-05 00:00:00,Z,V-6,27154020,20389,4,A,10163,24,SCHA00,9220,2012-10-05 23:43:55,2012-10-05 23:44:59,30,25,0,0,10,0,0,0,0,0,0,0,0,0,0,0,0,N,N,N
2012-10-05 00:00:00,Z,V-6,27154020,20389,4,A,10163,25,BOSY00,10163,2012-10-05 23:45:40,2012-10-05 23:46:16,30,25,0,5,5,0,0,0,4,0,0,0,1,0,0,0,0,N,N,N
2012-10-05 00:00:00,V,V-5,27164845,20389,9,R,15484,1,CSLB01,0,2012-10-05 20:25:00,2012-10-05 20:02:55,1,0,1,0,1,0,0,0,0,0,0,1,0,0,0,0,0,N,N,N
2012-10-05 00:00:00,Z,V-5,27140115,20390,4,A,10163,1,CVIN22,0,2012-10-05 00:20:00,2012-10-05 00:21:10,14,11,7,0,7,4,0,1,0,0,0,2,0,0,0,0,0,N,N,N
2012-10-05 00:00:00,Z,V-5,27140115,20390,4,A,10163,2,POST00,451,2012-10-05 00:21:44,2012-10-05 00:22:56,14,11,2,0,9,0,0,2,0,0,0,0,0,0,0,0,0,N,N,N
2012-10-05 00:00:00,Z,V-5,27140115,20390,4,A,10163,3,VLAI00,832,2012-10-05 00:23:13,2012-10-05 00:23:52,14,11,0,0,9,0,0,0,0,0,0,0,0,0,0,0,0,N,N,N
2012-10-05 00:00:00,Z,V-5,27140115,20390,4,A,10163,4,VRBE01,1280,2012-10-05 00:24:57,2012-10-05 00:25:02,14,11,0,1,8,0,0,0,1,0,0,0,0,0,0,0,0,N,N,N
2012-10-05 00:00:00,Z,V-5,27140115,20390,4,A,10163,5,NATI15,1465,2012-10-05 00:25:40,2012-10-05 00:26:55,14,11,5,1,12,2,1,2,0,1,0,0,0,0,0,0,0,N,N,N
2012-10-05 00:00:00,Z,V-5,27140115,20390,4,A,10163,6,APIA02,2123,2012-10-05 00:27:22,2012-10-05 00:29:54,14,11,0,0,12,0,0,0,0,0,0,0,0,0,0,0,0,N,N,N
2012-10-05 00:00:00,Z,V-5,27140115,20390,4,A,10163,7,FENE00,2490,2012-10-05 00:28:18,2012-10-05 00:30:37,14,11,0,0,12,0,0,0,0,0,0,0,0,0,0,0,0,N,N,N
2012-10-05 00:00:00,Z,V-5,27140115,20390,4,A,10163,8,PENT00,2746,2012-10-05 00:28:58,2012-10-05 00:31:01,14,11,0,0,12,0,0,0,0,0,0,0,0,0,0,0,0,N,N,N
2012-10-05 00:00:00,Z,V-5,27140115,20390,4,A,10163,9,PYVI00,3013,2012-10-05 00:29:40,2012-10-05 00:31:29,14,11,0,0,12,0,0,0,0,0,0,0,0,0,0,0,0,N,N,N
2012-10-05 00:00:00,Z,V-5,27140115,20390,4,A,10163,10,PYMA00,3399,2012-10-05 00:30:33,2012-10-05 00:32:15,14,11,0,0,12,0,0,0,0,0,0,0,0,0,0,0,0,N,N,N
2012-10-05 00:00:00,Z,V-5,27140115,20390,4,A,10163,11,CBPL00,3980,2012-10-05 00:31:53,2012-10-05 00:33:21,14,11,0,1,11,0,0,0,1,0,0,0,0,0,0,0,0,N,N,N
2012-10-05 00:00:00,Z,V-5,27140115,20390,4,A,10163,12,CBFO00,4174,2012-10-05 00:32:20,2012-10-05 00:34:02,14,11,0,1,10,0,0,0,1,0,0,0,0,0,0,0,0,N,N,N
2012-10-05 00:00:00,Z,V-5,27140115,20390,4,A,10163,13,CARO00,4499,2012-10-05 00:33:00,2012-10-05 00:34:50,14,11,0,0,10,0,0,0,0,0,0,0,0,0,0,0,0,N,N,N
2012-10-05 00:00:00,Z,V-5,27140115,20390,4,A,10163,14,FTAI00,4821,2012-10-05 00:33:39,2012-10-05 00:35:42,14,11,0,1,9,0,0,0,0,0,0,0,1,0,0,0,0,N,N,N
2012-10-05 00:00:00,Z,V-5,27140115,20390,4,A,10163,15,MACH00,5174,2012-10-05 00:34:23,2012-10-05 00:36:22,14,11,0,0,9,0,0,0,0,0,0,0,0,0,0,0,0,N,N,N
2012-10-05 00:00:00,Z,V-5,27140115,20390,4,A,10163,16,NANT00,5544,2012-10-05 00:35:08,2012-10-05 00:37:19,14,11,0,4,5,0,0,0,2,0,2,0,0,0,0,0,0,N,N,N
2012-10-05 00:00:00,Z,V-5,27140115,20390,4,A,10163,17,CLYS00,5950,2012-10-05 00:35:58,2012-10-05 00:38:09,14,11,0,0,5,0,0,0,0,0,0,0,0,0,0,0,0,N,N,N
2012-10-05 00:00:00,Z,V-5,27140115,20390,4,A,10163,18,COLO00,6609,2012-10-05 00:37:20,2012-10-05 00:39:12,14,11,0,1,4,0,1,0,0,0,0,0,0,0,0,0,0,N,N,N
2012-10-05 00:00:00,Z,V-5,27140115,20390,4,A,10163,19,PLNT00,7006,2012-10-05 00:38:05,2012-10-05 00:40:00,14,11,0,0,4,0,0,0,0,0,0,0,0,0,0,0,0,N,N,N
2012-10-05 00:00:00,Z,V-5,27140115,20390,4,A,10163,20,VRLP00,7677,2012-10-05 00:39:21,2012-10-05 00:41:09,14,11,0,0,4,0,0,0,0,0,0,0,0,0,0,0,0,N,N,N
2012-10-05 00:00:00,Z,V-5,27140115,20390,4,A,10163,21,PREL00,8090,2012-10-05 00:40:08,2012-10-05 00:41:53,14,11,0,0,4,0,0,0,0,0,0,0,0,0,0,0,0,N,N,N
2012-10-05 00:00:00,Z,V-5,27140115,20390,4,A,10163,22,CXCE00,8540,2012-10-05 00:41:00,2012-10-05 00:42:50,14,11,0,0,4,0,0,0,0,0,0,0,0,0,0,0,0,N,N,N
2012-10-05 00:00:00,Z,V-5,27140115,20390,4,A,10163,23,CXEC00,8927,2012-10-05 00:41:38,2012-10-05 00:43:55,14,11,0,0,4,0,0,0,0,0,0,0,0,0,0,0,0,N,N,N
2012-10-05 00:00:00,Z,V-5,27140115,20390,4,A,10163,24,SCHA00,9220,2012-10-05 00:42:07,2012-10-05 00:44:25,14,11,0,0,4,0,0,0,0,0,0,0,0,0,0,0,0,N,N,N
2012-10-05 00:00:00,Z,V-5,27140115,20390,4,A,10163,25,BOSY00,10163,2012-10-05 00:43:40,2012-10-05 00:45:49,14,11,0,1,3,0,0,0,0,0,1,0,0,0,0,0,0,N,N,N
2012-10-05 00:00:00,V,V-4,27153973,20390,9,R,15484,1,CSLB01,0,2012-10-05 05:44:00,2012-10-05 05:48:10,17,22,1,1,0,0,1,0,0,0,0,1,0,0,0,0,0,N,N,N
2012-10-05 00:00:00,V,V-4,27153973,20390,9,R,15484,2,ECOG01,698,2012-10-05 05:46:00,2012-10-05 05:49:52,17,22,0,0,0,0,0,0,0,0,0,0,0,0,0,0,0,N,N,N
2012-10-05 00:00:00,V,V-4,27153973,20390,9,R,15484,3,MTFL01,1506,2012-10-05 05:47:53,2012-10-05 05:51:22,17,22,0,0,0,0,0,0,0,0,0,0,0,0,0,0,0,N,N,N
2012-10-05 00:00:00,V,V-4,27153973,20390,9,R,15484,4,POCH01,1821,2012-10-05 05:48:38,2012-10-05 05:52:07,17,22,0,0,0,0,0,0,0,0,0,0,0,0,0,0,0,N,N,N
2012-10-05 00:00:00,V,V-4,27153973,20390,9,R,15484,5,PCEA01,2338,2012-10-05 05:49:50,2012-10-05 05:53:13,17,22,1,0,1,0,0,1,0,0,0,0,0,0,0,0,0,N,N,N
2012-10-05 00:00:00,V,V-4,27153973,20390,9,R,15484,6,AMAR01,2762,2012-10-05 05:50:50,2012-10-05 05:54:23,17,22,1,0,2,0,0,0,0,1,0,0,0,0,0,0,0,N,N,N
2012-10-05 00:00:00,V,V-4,27153973,20390,9,R,15484,7,ALCH01,3092,2012-10-05 05:51:36,2012-10-05 05:55:03,17,22,0,0,2,0,0,0,0,0,0,0,0,0,0,0,0,N,N,N
2012-10-05 00:00:00,V,V-4,27153973,20390,9,R,15484,8,VXGA01,3540,2012-10-05 05:52:40,2012-10-05 05:55:43,17,22,0,0,2,0,0,0,0,0,0,0,0,0,0,0,0,N,N,N
2012-10-05 00:00:00,V,V-4,27153973,20390,9,R,15484,9,VXBO01,3959,2012-10-05 05:53:47,2012-10-05 05:56:39,17,22,0,0,2,0,0,0,0,0,0,0,0,0,0,0,0,N,N,N
2012-10-05 00:00:00,V,V-4,27153973,20390,9,R,15484,10,ENVE01,4406,2012-10-05 05:55:00,2012-10-05 05:58:11,17,22,1,0,3,0,0,1,0,0,0,0,0,0,0,0,0,N,N,N
2012-10-05 00:00:00,V,V-4,27153973,20390,9,R,15484,11,FAYA01,4683,2012-10-05 05:55:37,2012-10-05 05:59:15,17,22,9,0,12,1,0,6,0,2,0,0,0,0,0,0,0,N,N,N
2012-10-05 00:00:00,V,V-4,27153973,20390,9,R,15484,12,MLGN01,5220,2012-10-05 05:56:50,2012-10-05 06:00:11,17,22,0,0,12,0,0,0,0,0,0,0,0,0,0,0,0,N,N,N
2012-10-05 00:00:00,V,V-4,27153973,20390,9,R,15484,13,PRLA01,5556,2012-10-05 05:57:36,2012-10-05 06:00:39,17,22,0,0,12,0,0,0,0,0,0,0,0,0,0,0,0,N,N,N
2012-10-05 00:00:00,V,V-4,27153973,20390,9,R,15484,14,GTVI01,6020,2012-10-05 05:58:40,2012-10-05 06:01:26,17,22,0,0,12,0,0,0,0,0,0,0,0,0,0,0,0,N,N,N
2012-10-05 00:00:00,V,V-4,27153973,20390,9,R,15484,15,SAGY01,6738,2012-10-05 06:00:12,2012-10-05 06:02:58,17,22,0,0,12,0,0,0,0,0,0,0,0,0,0,0,0,N,N,N
2012-10-05 00:00:00,V,V-4,27153973,20390,9,R,15484,16,GEBE01,7265,2012-10-05 06:01:20,2012-10-05 06:03:45,17,22,0,0,12,0,0,0,0,0,0,0,0,0,0,0,0,N,N,N
2012-10-05 00:00:00,V,V-4,27153973,20390,9,R,15484,17,CNAE01,7573,2012-10-05 06:02:04,2012-10-05 06:04:19,17,22,0,0,12,0,0,0,0,0,0,0,0,0,0,0,0,N,N,N
2012-10-05 00:00:00,V,V-4,27153973,20390,9,R,15484,18,VXVV01,7895,2012-10-05 06:02:50,2012-10-05 06:04:43,17,22,0,0,12,0,0,0,0,0,0,0,0,0,0,0,0,N,N,N
2012-10-05 00:00:00,V,V-4,27153973,20390,9,R,15484,19,VVRA01,8414,2012-10-05 06:04:05,2012-10-05 06:05:37,17,22,0,0,12,0,0,0,0,0,0,0,0,0,0,0,0,N,N,N
2012-10-05 00:00:00,V,V-4,27153973,20390,9,R,15484,20,CHTS01,8918,2012-10-05 06:05:17,2012-10-05 06:06:18,17,22,0,0,12,0,0,0,0,0,0,0,0,0,0,0,0,N,N,N
2012-10-05 00:00:00,V,V-4,27153973,20390,9,R,15484,21,COLO02,9214,2012-10-05 06:06:00,2012-10-05 06:06:48,17,22,0,0,12,0,0,0,0,0,0,0,0,0,0,0,0,N,N,N
2012-10-05 00:00:00,V,V-4,27153973,20390,9,R,15484,22,CLYS01,9810,2012-10-05 06:07:17,2012-10-05 06:07:37,17,22,0,0,12,0,0,0,0,0,0,0,0,0,0,0,0,N,N,N
2012-10-05 00:00:00,V,V-4,27153973,20390,9,R,15484,23,NANT01,10267,2012-10-05 06:08:17,2012-10-05 06:08:10,17,22,0,0,12,0,0,0,0,0,0,0,0,0,0,0,0,N,N,N
2012-10-05 00:00:00,V,V-4,27153973,20390,9,R,15484,24,MACH01,10665,2012-10-05 06:09:09,2012-10-05 06:08:56,17,22,0,0,12,0,0,0,0,0,0,0,0,0,0,0,0,N,N,N
2012-10-05 00:00:00,V,V-4,27153973,20390,9,R,15484,25,FTAI01,11049,2012-10-05 06:09:59,2012-10-05 06:09:55,17,22,3,0,15,1,0,1,0,1,0,0,0,0,0,0,0,N,Y,Y
2012-10-05 00:00:00,V,V-4,27153973,20390,9,R,15484,26,CARO01,11343,2012-10-05 06:10:38,2012-10-05 06:10:40,17,22,0,0,15,0,0,0,0,0,0,0,0,0,0,0,0,N,N,N
2012-10-05 00:00:00,V,V-4,27153973,20390,9,R,15484,27,CBFO01,11661,2012-10-05 06:11:20,2012-10-05 06:11:32,17,22,1,0,16,0,0,0,0,1,0,0,0,0,0,0,0,N,N,N
2012-10-05 00:00:00,V,V-4,27153973,20390,9,R,15484,28,CBPL01,11841,2012-10-05 06:11:45,2012-10-05 06:12:14,17,22,0,0,16,0,0,0,0,0,0,0,0,0,0,0,0,N,N,N
2012-10-05 00:00:00,V,V-4,27153973,20390,9,R,15484,29,PYMA01,12452,2012-10-05 06:13:13,2012-10-05 06:13:20,17,22,0,0,16,0,0,0,0,0,0,0,0,0,0,0,0,N,N,N
2012-10-05 00:00:00,V,V-4,27153973,20390,9,R,15484,30,PYVI01,12779,2012-10-05 06:14:00,2012-10-05 06:13:57,17,22,0,0,16,0,0,0,0,0,0,0,0,0,0,0,0,N,N,N
2012-10-05 00:00:00,V,V-4,27153973,20390,9,R,15484,31,PENT01,13059,2012-10-05 06:14:40,2012-10-05 06:14:26,17,22,0,0,16,0,0,0,0,0,0,0,0,0,0,0,0,N,N,N
2012-10-05 00:00:00,V,V-4,27153973,20390,9,R,15484,32,FENE01,13329,2012-10-05 06:15:19,2012-10-05 06:14:53,17,22,0,0,16,0,0,0,0,0,0,0,0,0,0,0,0,N,N,N
2012-10-05 00:00:00,V,V-4,27153973,20390,9,R,15484,33,APIA03,13700,2012-10-05 06:16:13,2012-10-05 06:15:34,17,22,0,0,16,0,0,0,0,0,0,0,0,0,0,0,0,N,N,N
2012-10-05 00:00:00,V,V-4,27153973,20390,9,R,15484,34,NATI14,14301,2012-10-05 06:17:40,2012-10-05 06:16:43,17,22,0,5,11,0,0,0,1,0,2,0,2,0,0,0,0,N,N,N
2012-10-05 00:00:00,V,V-4,27153973,20390,9,R,15484,35,VRBE02,14500,2012-10-05 06:18:17,2012-10-05 06:17:14,17,22,0,0,11,0,0,0,0,0,0,0,0,0,0,0,0,N,N,N
2012-10-05 00:00:00,V,V-4,27153973,20390,9,R,15484,36,VLAI01,15000,2012-10-05 06:19:49,2012-10-05 06:18:01,17,22,0,0,11,0,0,0,0,0,0,0,0,0,0,0,0,N,N,N
2012-10-05 00:00:00,V,V-4,27153973,20390,9,R,15484,37,CVIN22,15484,2012-10-05 06:21:20,2012-10-05 06:19:17,17,22,0,16,0,0,3,0,12,0,1,0,0,0,0,0,0,N,N,N
2012-10-05 00:00:00,Z,V-4,27153974,20390,3,A,12264,1,CVIN22,0,2012-10-05 06:28:00,2012-10-05 06:28:57,9,10,5,0,5,2,0,1,0,2,0,0,0,0,0,0,0,N,N,N
2012-10-05 00:00:00,Z,V-4,27153974,20390,3,A,12264,2,POST00,451,2012-10-05 06:30:03,2012-10-05 06:30:27,9,10,0,0,5,0,0,0,0,0,0,0,0,0,0,0,0,N,N,N
2012-10-05 00:00:00,Z,V-4,27153974,20390,3,A,12264,3,VLAI00,832,2012-10-05 06:31:47,2012-10-05 06:32:05,9,10,0,0,5,0,0,0,0,0,0,0,0,0,0,0,0,N,N,N
2012-10-05 00:00:00,Z,V-4,27153974,20390,3,A,12264,4,VRBE01,1280,2012-10-05 06:33:49,2012-10-05 06:32:54,9,10,0,0,5,0,0,0,0,0,0,0,0,0,0,0,0,N,N,N
2012-10-05 00:00:00,Z,V-4,27153974,20390,3,A,12264,5,NATI15,1465,2012-10-05 06:34:40,2012-10-05 06:35:31,9,10,3,0,8,1,0,1,0,1,0,0,0,0,0,0,0,N,N,N
2012-10-05 00:00:00,Z,V-4,27153974,20390,3,A,12264,6,APIA02,2123,2012-10-05 06:36:39,2012-10-05 06:37:33,9,10,0,1,7,0,0,0,0,0,1,0,0,0,0,0,0,N,N,N
2012-10-05 00:00:00,Z,V-4,27153974,20390,3,A,12264,7,FENE00,2490,2012-10-05 06:37:45,2012-10-05 06:38:18,9,10,0,0,7,0,0,0,0,0,0,0,0,0,0,0,0,N,N,N
2012-10-05 00:00:00,Z,V-4,27153974,20390,3,A,12264,8,PENT00,2746,2012-10-05 06:38:31,2012-10-05 06:39:14,9,10,0,2,5,0,0,0,1,0,1,0,0,0,0,0,0,N,N,N
2012-10-05 00:00:00,Z,V-4,27153974,20390,3,A,12264,9,PYVI00,3013,2012-10-05 06:39:20,2012-10-05 06:39:50,9,10,0,0,5,0,0,0,0,0,0,0,0,0,0,0,0,N,N,N
2012-10-05 00:00:00,Z,V-4,27153974,20390,3,A,12264,10,PYMA00,3399,2012-10-05 06:40:13,2012-10-05 06:40:36,9,10,0,0,5,0,0,0,0,0,0,0,0,0,0,0,0,N,N,N
2012-10-05 00:00:00,Z,V-4,27153974,20390,3,A,12264,11,CBPL00,3980,2012-10-05 06:41:33,2012-10-05 06:41:33,9,10,0,0,5,0,0,0,0,0,0,0,0,0,0,0,0,N,N,N
2012-10-05 00:00:00,Z,V-4,27153974,20390,3,A,12264,12,CBFO00,4174,2012-10-05 06:42:00,2012-10-05 06:42:07,9,10,0,0,5,0,0,0,0,0,0,0,0,0,0,0,0,N,N,N
2012-10-05 00:00:00,Z,V-4,27153974,20390,3,A,12264,13,CARO00,4499,2012-10-05 06:42:40,2012-10-05 06:43:04,9,10,0,0,5,0,0,0,0,0,0,0,0,0,0,0,0,N,N,N
2012-10-05 00:00:00,Z,V-4,27153974,20390,3,A,12264,14,FTAI00,4821,2012-10-05 06:43:19,2012-10-05 06:43:45,9,10,0,0,5,0,0,0,0,0,0,0,0,0,0,0,0,N,N,N
2012-10-05 00:00:00,Z,V-4,27153974,20390,3,A,12264,15,MACH00,5174,2012-10-05 06:44:03,2012-10-05 06:44:28,9,10,1,1,5,0,0,0,1,1,0,0,0,0,0,0,0,N,N,N
2012-10-05 00:00:00,Z,V-4,27153974,20390,3,A,12264,16,NANT00,5544,2012-10-05 06:44:48,2012-10-05 06:45:18,9,10,0,0,5,0,0,0,0,0,0,0,0,0,0,0,0,N,N,N
2012-10-05 00:00:00,Z,V-4,27153974,20390,3,A,12264,17,CLYS00,5950,2012-10-05 06:45:38,2012-10-05 06:45:52,9,10,0,0,5,0,0,0,0,0,0,0,0,0,0,0,0,N,N,N
2012-10-05 00:00:00,Z,V-4,27153974,20390,3,A,12264,18,COLO00,6609,2012-10-05 06:47:00,2012-10-05 06:46:47,9,10,0,2,3,0,0,0,1,0,0,0,1,0,0,0,0,N,N,N
2012-10-05 00:00:00,Z,V-4,27153974,20390,3,A,12264,19,PLNT00,7006,2012-10-05 06:47:45,2012-10-05 06:47:52,9,10,0,1,2,0,0,0,0,0,1,0,0,0,0,0,0,N,N,N
2012-10-05 00:00:00,Z,V-4,27153974,20390,3,A,12264,20,VRLP00,7677,2012-10-05 06:49:01,2012-10-05 06:49:12,9,10,0,2,0,0,2,0,0,0,0,0,0,0,0,0,0,N,N,N
2012-10-05 00:00:00,Z,V-4,27153974,20390,3,A,12264,21,PREL00,8090,2012-10-05 06:49:48,2012-10-05 06:49:55,9,10,0,0,0,0,0,0,0,0,0,0,0,0,0,0,0,N,N,N
2012-10-05 00:00:00,Z,V-4,27153974,20390,3,A,12264,22,CXCE00,8540,2012-10-05 06:50:40,2012-10-05 06:50:56,9,10,0,0,0,0,0,0,0,0,0,0,0,0,0,0,0,N,N,N
2012-10-05 00:00:00,Z,V-4,27153974,20390,3,A,12264,23,CXEC00,8927,2012-10-05 06:51:30,2012-10-05 06:51:57,9,10,0,0,0,0,0,0,0,0,0,0,0,0,0,0,0,N,N,N
2012-10-05 00:00:00,Z,V-4,27153974,20390,3,A,12264,24,SCHA00,9220,2012-10-05 06:52:08,2012-10-05 06:52:25,9,10,0,0,0,0,0,0,0,0,0,0,0,0,0,0,0,N,N,N
2012-10-05 00:00:00,Z,V-4,27153974,20390,3,A,12264,25,BOSY01,10069,2012-10-05 06:54:00,2012-10-05 06:53:25,9,10,0,0,0,0,0,0,0,0,0,0,0,0,0,0,0,N,N,N
2012-10-05 00:00:00,Z,V-4,27153974,20390,3,A,12264,26,_BSDNF,11261,2012-10-05 06:56:10,2012-10-05 06:54:54,9,10,0,0,0,0,0,0,0,0,0,0,0,0,0,0,0,N,N,N
2012-10-05 00:00:00,Z,V-4,27153974,20390,3,A,12264,27,BOCH00,12264,2012-10-05 06:58:00,2012-10-05 06:55:59,9,10,0,1,0,0,0,0,0,0,0,0,1,0,0,0,0,N,N,N
2012-10-05 00:00:00,Z,V-4,27153975,20390,8,R,11981,1,BOCH00,0,2012-10-05 07:20:00,2012-10-05 07:19:36,91,90,22,0,22,3,0,15,0,3,0,1,0,0,0,0,0,N,N,N
2012-10-05 00:00:00,Z,V-4,27153975,20390,8,R,11981,2,_BSDNS,1044,2012-10-05 07:22:00,2012-10-05 07:21:52,91,90,0,0,22,0,0,0,0,0,0,0,0,0,0,0,0,N,N,N
2012-10-05 00:00:00,Z,V-4,27153975,20390,8,R,11981,3,BOSY00,2259,2012-10-05 07:24:20,2012-10-05 07:24:22,91,90,9,0,31,0,0,3,0,6,0,0,0,0,0,0,0,N,N,N
2012-10-05 00:00:00,Z,V-4,27153975,20390,8,R,11981,4,SCHA01,3119,2012-10-05 07:26:37,2012-10-05 07:25:44,91,90,0,1,30,0,1,0,0,0,0,0,0,0,0,0,0,N,N,N
2012-10-05 00:00:00,Z,V-4,27153975,20390,8,R,11981,5,CXEC01,3392,2012-10-05 07:27:21,2012-10-05 07:26:44,91,90,22,0,52,4,0,7,0,8,0,3,0,0,0,0,0,N,N,N
2012-10-05 00:00:00,Z,V-4,27153975,20390,8,R,11981,6,CXCE01,3755,2012-10-05 07:28:20,2012-10-05 07:29:12,91,90,3,0,55,0,0,0,0,2,0,1,0,0,0,0,0,N,N,N
2012-10-05 00:00:00,Z,V-4,27153975,20390,8,R,11981,7,PREL01,4113,2012-10-05 07:29:12,2012-10-05 07:30:13,91,90,2,0,57,0,0,1,0,1,0,0,0,0,0,0,0,N,N,N
2012-10-05 00:00:00,Z,V-4,27153975,20390,8,R,11981,8,VRLP01,4615,2012-10-05 07:30:25,2012-10-05 07:31:29,91,90,4,0,61,0,0,2,0,2,0,0,0,0,0,0,0,N,Y,Y
2012-10-05 00:00:00,Z,V-4,27153975,20390,8,R,11981,9,PLNT01,5303,2012-10-05 07:32:05,2012-10-05 07:32:50,91,90,1,0,62,1,0,0,0,0,0,0,0,0,0,0,0,N,N,N
2012-10-05 00:00:00,Z,V-4,27153975,20390,8,R,11981,10,COLO01,5674,2012-10-05 07:33:00,2012-10-05 07:33:55,91,90,1,0,63,0,0,0,0,1,0,0,0,0,0,0,0,N,N,N
2012-10-05 00:00:00,Z,V-4,27153975,20390,8,R,11981,11,CLYS01,6307,2012-10-05 07:34:52,2012-10-05 07:35:18,91,90,0,0,63,0,0,0,0,0,0,0,0,0,0,0,0,N,N,N
2012-10-05 00:00:00,Z,V-4,27153975,20390,8,R,11981,12,NANT01,6764,2012-10-05 07:36:13,2012-10-05 07:36:11,91,90,1,0,64,0,0,0,0,1,0,0,0,0,0,0,0,N,N,N
2012-10-05 00:00:00,Z,V-4,27153975,20390,8,R,11981,13,MACH01,7162,2012-10-05 07:37:23,2012-10-05 07:37:32,91,90,3,6,61,0,0,2,3,0,1,1,2,0,0,0,0,N,N,N
2012-10-05 00:00:00,Z,V-4,27153975,20390,8,R,11981,14,FTAI01,7546,2012-10-05 07:38:31,2012-10-05 07:38:23,91,90,4,0,65,0,0,0,0,4,0,0,0,0,0,0,0,N,N,N
2012-10-05 00:00:00,Z,V-4,27153975,20390,8,R,11981,15,CARO01,7840,2012-10-05 07:39:23,2012-10-05 07:39:22,91,90,6,0,71,0,0,4,0,2,0,0,0,0,0,0,0,N,N,N
2012-10-05 00:00:00,Z,V-4,27153975,20390,8,R,11981,16,CBFO01,8158,2012-10-05 07:40:20,2012-10-05 07:40:23,91,90,7,1,77,0,0,5,0,2,1,0,0,0,0,0,0,N,N,N
2012-10-05 00:00:00,Z,V-4,27153975,20390,8,R,11981,17,CBPL01,8338,2012-10-05 07:40:48,2012-10-05 07:41:12,91,90,4,0,81,0,0,0,0,3,0,1,0,0,0,0,0,N,N,N
2012-10-05 00:00:00,Z,V-4,27153975,20390,8,R,11981,18,PYMA01,8949,2012-10-05 07:42:27,2012-10-05 07:42:20,91,90,0,0,81,0,0,0,0,0,0,0,0,0,0,0,0,N,N,N
2012-10-05 00:00:00,Z,V-4,27153975,20390,8,R,11981,19,PYVI01,9276,2012-10-05 07:43:20,2012-10-05 07:43:03,91,90,0,1,80,0,0,0,0,0,1,0,0,0,0,0,0,N,N,N
2012-10-05 00:00:00,Z,V-4,27153975,20390,8,R,11981,20,PENT01,9556,2012-10-05 07:44:04,2012-10-05 07:43:47,91,90,0,2,78,0,0,0,0,0,2,0,0,0,0,0,0,N,N,N
2012-10-05 00:00:00,Z,V-4,27153975,20390,8,R,11981,21,FENE01,9826,2012-10-05 07:44:46,2012-10-05 07:44:48,91,90,0,0,78,0,0,0,0,0,0,0,0,0,0,0,0,N,N,N
2012-10-05 00:00:00,Z,V-4,27153975,20390,8,R,11981,22,APIA03,10197,2012-10-05 07:45:45,2012-10-05 07:45:35,91,90,0,7,71,0,0,0,3,0,4,0,0,0,0,0,0,N,N,N
2012-10-05 00:00:00,Z,V-4,27153975,20390,8,R,11981,23,NATI14,10798,2012-10-05 07:47:20,2012-10-05 07:47:41,91,90,0,46,25,0,2,0,19,0,16,0,9,0,0,0,0,N,N,N
2012-10-05 00:00:00,Z,V-4,27153975,20390,8,R,11981,24,VRBE02,10997,2012-10-05 07:48:00,2012-10-05 07:49:40,91,90,2,0,27,0,0,0,0,2,0,0,0,0,0,0,0,N,N,N
2012-10-05 00:00:00,Z,V-4,27153975,20390,8,R,11981,25,VLAI01,11497,2012-10-05 07:49:41,2012-10-05 07:51:02,91,90,0,0,27,0,0,0,0,0,0,0,0,0,0,0,0,N,N,N
2012-10-05 00:00:00,Z,V-4,27153975,20390,8,R,11981,26,CVIN22,11981,2012-10-05 07:51:20,2012-10-05 07:53:35,91,90,0,26,1,0,4,0,12,0,4,0,6,0,0,0,0,N,N,N
2012-10-05 00:00:00,V,V-4,27153976,20390,8,A,15766,1,CVIN22,0,2012-10-05 08:00:00,2012-10-05 08:00:10,65,67,20,0,20,10,0,6,0,2,0,2,0,0,0,0,0,N,N,N
2012-10-05 00:00:00,V,V-4,27153976,20390,8,A,15766,2,POST00,451,2012-10-05 08:02:21,2012-10-05 08:01:54,65,67,6,0,26,0,0,3,0,1,0,2,0,0,0,0,0,N,N,N
2012-10-05 00:00:00,V,V-4,27153976,20390,8,A,15766,3,VLAI00,832,2012-10-05 08:04:21,2012-10-05 08:04:11,65,67,0,2,24,0,0,0,1,0,1,0,0,0,0,0,0,N,N,N
2012-10-05 00:00:00,V,V-4,27153976,20390,8,A,15766,4,VRBE01,1280,2012-10-05 08:06:41,2012-10-05 08:05:31,65,67,4,5,23,1,1,2,3,1,1,0,0,0,0,0,0,N,N,N
2012-10-05 00:00:00,V,V-4,27153976,20390,8,A,15766,5,NATI15,1465,2012-10-05 08:07:40,2012-10-05 08:07:13,65,67,18,0,41,5,0,10,0,2,0,1,0,0,0,0,0,N,N,N
2012-10-05 00:00:00,V,V-4,27153976,20390,8,A,15766,6,APIA02,2123,2012-10-05 08:10:13,2012-10-05 08:10:51,65,67,2,6,37,0,0,2,0,0,4,0,2,0,0,0,0,N,N,N
2012-10-05 00:00:00,V,V-4,27153976,20390,8,A,15766,7,FENE00,2490,2012-10-05 08:11:38,2012-10-05 08:11:56,65,67,0,1,36,0,0,0,0,0,0,0,1,0,0,0,0,N,N,N
2012-10-05 00:00:00,V,V-4,27153976,20390,8,A,15766,8,PENT00,2746,2012-10-05 08:12:37,2012-10-05 08:12:49,65,67,0,13,23,0,1,0,4,0,8,0,0,0,0,0,0,N,N,N
2012-10-05 00:00:00,V,V-4,27153976,20390,8,A,15766,9,PYVI00,3013,2012-10-05 08:13:40,2012-10-05 08:13:36,65,67,1,0,24,1,0,0,0,0,0,0,0,0,0,0,0,N,N,N
2012-10-05 00:00:00,V,V-4,27153976,20390,8,A,15766,10,PYMA00,3399,2012-10-05 08:14:53,2012-10-05 08:14:35,65,67,0,0,24,0,0,0,0,0,0,0,0,0,0,0,0,N,N,N
2012-10-05 00:00:00,V,V-4,27153976,20390,8,A,15766,11,CBPL00,3980,2012-10-05 08:16:43,2012-10-05 08:16:01,65,67,0,4,20,0,2,0,2,0,0,0,0,0,0,0,0,N,N,N
2012-10-05 00:00:00,V,V-4,27153976,20390,8,A,15766,12,CBFO00,4174,2012-10-05 08:17:20,2012-10-05 08:16:45,65,67,1,1,20,1,0,0,1,0,0,0,0,0,0,0,0,N,N,N
2012-10-05 00:00:00,V,V-4,27153976,20390,8,A,15766,13,CARO00,4499,2012-10-05 08:18:05,2012-10-05 08:17:51,65,67,0,1,19,0,0,0,0,0,1,0,0,0,0,0,0,N,N,N
2012-10-05 00:00:00,V,V-4,27153976,20390,8,A,15766,14,FTAI00,4821,2012-10-05 08:18:50,2012-10-05 08:18:44,65,67,0,3,16,0,2,0,0,0,0,0,1,0,0,0,0,N,N,N
2012-10-05 00:00:00,V,V-4,27153976,20390,8,A,15766,15,MACH00,5174,2012-10-05 08:19:39,2012-10-05 08:19:38,65,67,1,2,15,0,1,1,1,0,0,0,0,0,0,0,0,N,N,N
2012-10-05 00:00:00,V,V-4,27153976,20390,8,A,15766,16,NANT00,5544,2012-10-05 08:20:31,2012-10-05 08:20:55,65,67,0,0,15,0,0,0,0,0,0,0,0,0,0,0,0,N,N,N
2012-10-05 00:00:00,V,V-4,27153976,20390,8,A,15766,17,CLYS00,5950,2012-10-05 08:21:27,2012-10-05 08:21:49,65,67,0,0,15,0,0,0,0,0,0,0,0,0,0,0,0,N,N,N
2012-10-05 00:00:00,V,V-4,27153976,20390,8,A,15766,18,COLO00,6609,2012-10-05 08:23:00,2012-10-05 08:22:39,65,67,0,0,15,0,0,0,0,0,0,0,0,0,0,0,0,N,N,N
2012-10-05 00:00:00,V,V-4,27153976,20390,8,A,15766,19,CHTS00,6962,2012-10-05 08:23:45,2012-10-05 08:23:15,65,67,0,0,15,0,0,0,0,0,0,0,0,0,0,0,0,N,N,N
2012-10-05 00:00:00,V,V-4,27153976,20390,8,A,15766,20,VVRA00,7358,2012-10-05 08:24:36,2012-10-05 08:23:49,65,67,0,0,15,0,0,0,0,0,0,0,0,0,0,0,0,N,N,N
2012-10-05 00:00:00,V,V-4,27153976,20390,8,A,15766,21,VXVV00,7897,2012-10-05 08:25:46,2012-10-05 08:25:10,65,67,0,4,11,0,0,0,2,0,0,0,2,0,0,0,0,N,N,N
2012-10-05 00:00:00,V,V-4,27153976,20390,8,A,15766,22,CNAE00,8277,2012-10-05 08:26:35,2012-10-05 08:25:54,65,67,0,0,11,0,0,0,0,0,0,0,0,0,0,0,0,N,N,N
2012-10-05 00:00:00,V,V-4,27153976,20390,8,A,15766,23,GEBE00,8620,2012-10-05 08:27:20,2012-10-05 08:26:34,65,67,0,0,11,0,0,0,0,0,0,0,0,0,0,0,0,N,N,N
2012-10-05 00:00:00,V,V-4,27153976,20390,8,A,15766,24,SAGY00,9131,2012-10-05 08:28:35,2012-10-05 08:27:22,65,67,0,0,11,0,0,0,0,0,0,0,0,0,0,0,0,N,N,N
2012-10-05 00:00:00,V,V-4,27153976,20390,8,A,15766,25,GTVI00,9834,2012-10-05 08:30:20,2012-10-05 08:30:28,65,67,0,5,6,0,0,0,3,0,2,0,0,0,0,0,0,N,N,N
2012-10-05 00:00:00,V,V-4,27153976,20390,8,A,15766,26,PRLA00,10324,2012-10-05 08:31:46,2012-10-05 08:31:52,65,67,0,1,5,0,0,0,1,0,0,0,0,0,0,0,0,N,N,N
2012-10-05 00:00:00,V,V-4,27153976,20390,8,A,15766,27,MLGN00,10555,2012-10-05 08:32:27,2012-10-05 08:32:35,65,67,0,2,3,0,0,0,1,0,1,0,0,0,0,0,0,N,N,N
2012-10-05 00:00:00,V,V-4,27153976,20390,8,A,15766,28,FAYA00,11161,2012-10-05 08:34:15,2012-10-05 08:34:15,65,67,2,1,4,0,0,0,0,0,0,2,1,0,0,0,0,N,N,N
2012-10-05 00:00:00,V,V-4,27153976,20390,8,A,15766,29,ENVE00,11524,2012-10-05 08:35:20,2012-10-05 08:35:23,65,67,0,0,4,0,0,0,0,0,0,0,0,0,0,0,0,N,N,N
2012-10-05 00:00:00,V,V-4,27153976,20390,8,A,15766,30,VXBO00,11856,2012-10-05 08:36:35,2012-10-05 08:36:33,65,67,0,1,3,0,0,0,1,0,0,0,0,0,0,0,0,N,N,N
2012-10-05 00:00:00,V,V-4,27153976,20390,8,A,15766,31,VXGA00,12320,2012-10-05 08:38:20,2012-10-05 08:38:09,65,67,4,3,4,1,0,1,0,1,0,1,3,0,0,0,0,N,N,N
2012-10-05 00:00:00,V,V-4,27153976,20390,8,A,15766,32,ALCH00,12782,2012-10-05 08:39:43,2012-10-05 08:38:59,65,67,0,0,4,0,0,0,0,0,0,0,0,0,0,0,0,N,N,N
2012-10-05 00:00:00,V,V-4,27153976,20390,8,A,15766,33,AMAR00,13135,2012-10-05 08:40:47,2012-10-05 08:40:36,65,67,5,0,9,5,0,0,0,0,0,0,0,0,0,0,0,N,N,N
2012-10-05 00:00:00,V,V-4,27153976,20390,8,A,15766,34,PCEA00,13575,2012-10-05 08:42:07,2012-10-05 08:41:58,65,67,1,0,10,0,0,1,0,0,0,0,0,0,0,0,0,N,N,N
2012-10-05 00:00:00,V,V-4,27153976,20390,8,A,15766,35,POCH00,14010,2012-10-05 08:43:26,2012-10-05 08:43:13,65,67,0,0,10,0,0,0,0,0,0,0,0,0,0,0,0,N,N,N
2012-10-05 00:00:00,V,V-4,27153976,20390,8,A,15766,36,MTFL00,14409,2012-10-05 08:44:38,2012-10-05 08:45:18,65,67,0,10,0,0,1,0,7,0,2,0,0,0,0,0,0,N,N,N
2012-10-05 00:00:00,V,V-4,27153976,20390,8,A,15766,37,ECOG00,15187,2012-10-05 08:47:00,2012-10-05 08:47:03,65,67,0,0,0,0,0,0,0,0,0,0,0,0,0,0,0,N,N,N
2012-10-05 00:00:00,V,V-4,27153976,20390,8,A,15766,38,CSLB01,15766,2012-10-05 08:48:00,2012-10-05 08:48:00,65,67,0,2,0,0,1,0,0,0,1,0,0,0,0,0,0,N,N,N
2012-10-05 00:00:00,V,V-4,27153977,20390,9,R,15484,1,CSLB01,0,2012-10-05 08:57:00,2012-10-05 08:48:17,53,51,0,0,0,0,0,0,0,0,0,0,0,0,0,0,0,N,N,N
2012-10-05 00:00:00,V,V-4,27153977,20390,9,R,15484,2,ECOG01,698,2012-10-05 08:59:00,2012-10-05 09:00:00,53,51,0,0,0,0,0,0,0,0,0,0,0,0,0,0,0,N,N,N
2012-10-05 00:00:00,V,V-4,27153977,20390,9,R,15484,3,MTFL01,1506,2012-10-05 09:01:22,2012-10-05 09:01:41,53,51,6,0,6,1,0,4,0,1,0,0,0,0,0,0,0,N,N,N
2012-10-05 00:00:00,V,V-4,27153977,20390,9,R,15484,4,POCH01,1821,2012-10-05 09:02:17,2012-10-05 09:02:23,53,51,0,0,6,0,0,0,0,0,0,0,0,0,0,0,0,N,N,N
2012-10-05 00:00:00,V,V-4,27153977,20390,9,R,15484,5,PCEA01,2338,2012-10-05 09:03:48,2012-10-05 09:03:36,53,51,2,3,5,0,0,1,2,0,1,1,0,0,0,0,0,N,N,N
2012-10-05 00:00:00,V,V-4,27153977,20390,9,R,15484,6,AMAR01,2762,2012-10-05 09:05:03,2012-10-05 09:04:50,53,51,0,0,5,0,0,0,0,0,0,0,0,0,0,0,0,N,N,N
2012-10-05 00:00:00,V,V-4,27153977,20390,9,R,15484,7,ALCH01,3092,2012-10-05 09:06:01,2012-10-05 09:05:25,53,51,0,0,5,0,0,0,0,0,0,0,0,0,0,0,0,N,N,N
2012-10-05 00:00:00,V,V-4,27153977,20390,9,R,15484,8,VXGA01,3540,2012-10-05 09:07:20,2012-10-05 09:06:28,53,51,1,3,3,0,0,1,3,0,0,0,0,0,0,0,0,N,N,N
2012-10-05 00:00:00,V,V-4,27153977,20390,9,R,15484,9,VXBO01,3959,2012-10-05 09:08:37,2012-10-05 09:07:43,53,51,4,0,7,0,0,3,0,1,0,0,0,0,0,0,0,N,N,N
2012-10-05 00:00:00,V,V-4,27153977,20390,9,R,15484,10,ENVE01,4406,2012-10-05 09:10:00,2012-10-05 09:08:58,53,51,0,0,7,0,0,0,0,0,0,0,0,0,0,0,0,N,N,N
2012-10-05 00:00:00,V,V-4,27153977,20390,9,R,15484,11,FAYA01,4683,2012-10-05 09:10:44,2012-10-05 09:10:06,53,51,5,3,9,3,0,1,3,1,0,0,0,0,0,0,0,N,N,N
2012-10-05 00:00:00,V,V-4,27153977,20390,9,R,15484,12,MLGN01,5220,2012-10-05 09:12:11,2012-10-05 09:11:29,53,51,1,0,10,0,0,0,0,0,0,1,0,0,0,0,0,N,N,N
2012-10-05 00:00:00,V,V-4,27153977,20390,9,R,15484,13,PRLA01,5556,2012-10-05 09:13:05,2012-10-05 09:12:23,53,51,2,0,12,0,0,1,0,1,0,0,0,0,0,0,0,N,N,N
2012-10-05 00:00:00,V,V-4,27153977,20390,9,R,15484,14,GTVI01,6020,2012-10-05 09:14:20,2012-10-05 09:13:50,53,51,4,0,16,1,0,2,0,1,0,0,0,0,0,0,0,N,N,N
2012-10-05 00:00:00,V,V-4,27153977,20390,9,R,15484,15,SAGY01,6738,2012-10-05 09:15:52,2012-10-05 09:15:38,53,51,0,0,16,0,0,0,0,0,0,0,0,0,0,0,0,N,N,N
2012-10-05 00:00:00,V,V-4,27153977,20390,9,R,15484,16,GEBE01,7265,2012-10-05 09:17:00,2012-10-05 09:16:49,53,51,1,2,15,0,0,1,0,0,2,0,0,0,0,0,0,N,N,N
2012-10-05 00:00:00,V,V-4,27153977,20390,9,R,15484,17,CNAE01,7573,2012-10-05 09:17:44,2012-10-05 09:17:40,53,51,0,0,15,0,0,0,0,0,0,0,0,0,0,0,0,N,N,N
2012-10-05 00:00:00,V,V-4,27153977,20390,9,R,15484,18,VXVV01,7895,2012-10-05 09:18:30,2012-10-05 09:18:29,53,51,2,2,15,0,0,2,2,0,0,0,0,0,0,0,0,N,N,N
2012-10-05 00:00:00,V,V-4,27153977,20390,9,R,15484,19,VVRA01,8414,2012-10-05 09:19:45,2012-10-05 09:19:36,53,51,0,0,15,0,0,0,0,0,0,0,0,0,0,0,0,N,N,N
2012-10-05 00:00:00,V,V-4,27153977,20390,9,R,15484,20,CHTS01,8918,2012-10-05 09:20:57,2012-10-05 09:20:23,53,51,0,0,15,0,0,0,0,0,0,0,0,0,0,0,0,N,N,N
2012-10-05 00:00:00,V,V-4,27153977,20390,9,R,15484,21,COLO02,9214,2012-10-05 09:21:40,2012-10-05 09:21:03,53,51,2,0,17,2,0,0,0,0,0,0,0,0,0,0,0,N,N,N
2012-10-05 00:00:00,V,V-4,27153977,20390,9,R,15484,22,CLYS01,9810,2012-10-05 09:23:12,2012-10-05 09:21:53,53,51,0,0,17,0,0,0,0,0,0,0,0,0,0,0,0,N,N,N
2012-10-05 00:00:00,V,V-4,27153977,20390,9,R,15484,23,NANT01,10267,2012-10-05 09:24:23,2012-10-05 09:22:50,53,51,2,0,19,0,0,0,0,1,0,1,0,0,0,0,0,N,N,N
2012-10-05 00:00:00,V,V-4,27153977,20390,9,R,15484,24,MACH01,10665,2012-10-05 09:25:25,2012-10-05 09:24:08,53,51,5,2,22,0,0,2,2,3,0,0,0,0,0,0,0,N,N,N
2012-10-05 00:00:00,V,V-4,27153977,20390,9,R,15484,25,FTAI01,11049,2012-10-05 09:26:24,2012-10-05 09:25:00,53,51,1,1,22,0,0,1,1,0,0,0,0,0,0,0,0,N,N,N
2012-10-05 00:00:00,V,V-4,27153977,20390,9,R,15484,26,CARO01,11343,2012-10-05 09:27:10,2012-10-05 09:25:55,53,51,6,0,28,1,0,2,0,2,0,1,0,0,0,0,0,N,N,N
2012-10-05 00:00:00,V,V-4,27153977,20390,9,R,15484,27,CBFO01,11661,2012-10-05 09:28:00,2012-10-05 09:26:55,53,51,3,0,31,0,0,1,0,1,0,1,0,0,0,0,0,N,N,N
2012-10-05 00:00:00,V,V-4,27153977,20390,9,R,15484,28,CBPL01,11841,2012-10-05 09:28:28,2012-10-05 09:27:42,53,51,4,0,35,0,0,4,0,0,0,0,0,0,0,0,0,N,N,N
2012-10-05 00:00:00,V,V-4,27153977,20390,9,R,15484,29,PYMA01,12452,2012-10-05 09:30:07,2012-10-05 09:28:44,53,51,0,0,35,0,0,0,0,0,0,0,0,0,0,0,0,N,N,N
2012-10-05 00:00:00,V,V-4,27153977,20390,9,R,15484,30,PYVI01,12779,2012-10-05 09:31:00,2012-10-05 09:29:28,53,51,0,0,35,0,0,0,0,0,0,0,0,0,0,0,0,N,N,N
2012-10-05 00:00:00,V,V-4,27153977,20390,9,R,15484,31,PENT01,13059,2012-10-05 09:31:47,2012-10-05 09:30:11,53,51,2,0,37,0,0,1,0,0,0,1,0,0,0,0,0,N,N,N
2012-10-05 00:00:00,V,V-4,27153977,20390,9,R,15484,32,FENE01,13329,2012-10-05 09:32:33,2012-10-05 09:30:46,53,51,0,0,37,0,0,0,0,0,0,0,0,0,0,0,0,N,N,N
2012-10-05 00:00:00,V,V-4,27153977,20390,9,R,15484,33,APIA03,13700,2012-10-05 09:33:37,2012-10-05 09:31:35,53,51,0,2,35,0,0,0,2,0,0,0,0,0,0,0,0,N,N,N
2012-10-05 00:00:00,V,V-4,27153977,20390,9,R,15484,34,NATI14,14301,2012-10-05 09:35:20,2012-10-05 09:33:46,53,51,0,31,4,0,2,0,10,0,8,0,11,0,0,0,0,N,N,N
2012-10-05 00:00:00,V,V-4,27153977,20390,9,R,15484,35,VRBE02,14500,2012-10-05 09:36:03,2012-10-05 09:35:52,53,51,0,2,2,0,1,0,0,0,1,0,0,0,0,0,0,N,N,N
2012-10-05 00:00:00,V,V-4,27153977,20390,9,R,15484,36,VLAI01,15000,2012-10-05 09:37:53,2012-10-05 09:36:52,53,51,0,0,2,0,0,0,0,0,0,0,0,0,0,0,0,N,N,N
2012-10-05 00:00:00,V,V-4,27153977,20390,9,R,15484,37,CVIN22,15484,2012-10-05 09:39:40,2012-10-05 09:38:00,53,51,0,0,2,0,0,0,0,0,0,0,0,0,0,0,0,N,N,N
2012-10-05 00:00:00,V,V-5,27154000,20390,8,A,15766,1,CVIN22,0,2012-10-05 22:50:00,2012-10-05 22:51:39,32,29,19,0,19,2,0,6,0,7,0,4,0,0,0,0,0,N,N,N
2012-10-05 00:00:00,V,V-5,27154000,20390,8,A,15766,2,POST00,451,2012-10-05 22:51:56,2012-10-05 22:53:37,32,29,1,0,20,0,0,0,0,1,0,0,0,0,0,0,0,N,N,N
2012-10-05 00:00:00,V,V-5,27154000,20390,8,A,15766,3,VLAI00,832,2012-10-05 22:53:35,2012-10-05 22:54:32,32,29,0,0,20,0,0,0,0,0,0,0,0,0,0,0,0,N,N,N
2012-10-05 00:00:00,V,V-5,27154000,20390,8,A,15766,4,VRBE01,1280,2012-10-05 22:55:32,2012-10-05 22:55:40,32,29,5,0,25,0,0,5,0,0,0,0,0,0,0,0,0,N,N,N
2012-10-05 00:00:00,V,V-5,27154000,20390,8,A,15766,5,NATI15,1465,2012-10-05 22:56:20,2012-10-05 22:58:25,32,29,3,0,28,2,0,1,0,0,0,0,0,0,0,0,0,N,N,N
2012-10-05 00:00:00,V,V-5,27154000,20390,8,A,15766,6,APIA02,2123,2012-10-05 22:58:10,2012-10-05 23:01:16,32,29,2,0,30,0,0,2,0,0,0,0,0,0,0,0,0,N,N,N
2012-10-05 00:00:00,V,V-5,27154000,20390,8,A,15766,7,FENE00,2490,2012-10-05 22:59:12,2012-10-05 23:02:09,32,29,0,0,30,0,0,0,0,0,0,0,0,0,0,0,0,N,N,N
2012-10-05 00:00:00,V,V-5,27154000,20390,8,A,15766,8,PENT00,2746,2012-10-05 22:59:55,2012-10-05 23:02:38,32,29,0,0,30,0,0,0,0,0,0,0,0,0,0,0,0,N,N,N
2012-10-05 00:00:00,V,V-5,27154000,20390,8,A,15766,9,PYVI00,3013,2012-10-05 23:00:40,2012-10-05 23:03:15,32,29,0,0,30,0,0,0,0,0,0,0,0,0,0,0,0,N,N,N
2012-10-05 00:00:00,V,V-5,27154000,20390,8,A,15766,10,PYMA00,3399,2012-10-05 23:01:39,2012-10-05 23:04:04,32,29,0,0,30,0,0,0,0,0,0,0,0,0,0,0,0,N,N,N
2012-10-05 00:00:00,V,V-5,27154000,20390,8,A,15766,11,CBPL00,3980,2012-10-05 23:03:09,2012-10-05 23:05:41,32,29,0,1,29,0,0,0,0,0,0,0,1,0,0,0,0,N,N,N
2012-10-05 00:00:00,V,V-5,27154000,20390,8,A,15766,12,CBFO00,4174,2012-10-05 23:03:40,2012-10-05 23:06:20,32,29,0,0,29,0,0,0,0,0,0,0,0,0,0,0,0,N,N,N
2012-10-05 00:00:00,V,V-5,27154000,20390,8,A,15766,13,CARO00,4499,2012-10-05 23:04:22,2012-10-05 23:07:18,32,29,2,4,27,0,0,2,4,0,0,0,0,0,0,0,0,N,N,N
2012-10-05 00:00:00,V,V-5,27154000,20390,8,A,15766,14,FTAI00,4821,2012-10-05 23:05:05,2012-10-05 23:08:17,32,29,0,2,25,0,2,0,0,0,0,0,0,0,0,0,0,N,N,N
2012-10-05 00:00:00,V,V-5,27154000,20390,8,A,15766,15,MACH00,5174,2012-10-05 23:05:51,2012-10-05 23:09:07,32,29,0,0,25,0,0,0,0,0,0,0,0,0,0,0,0,N,N,N
2012-10-05 00:00:00,V,V-5,27154000,20390,8,A,15766,16,NANT00,5544,2012-10-05 23:06:40,2012-10-05 23:10:04,32,29,0,3,22,0,0,0,1,0,1,0,1,0,0,0,0,N,N,N
2012-10-05 00:00:00,V,V-5,27154000,20390,8,A,15766,17,CLYS00,5950,2012-10-05 23:07:33,2012-10-05 23:10:51,32,29,0,0,22,0,0,0,0,0,0,0,0,0,0,0,0,N,N,N
2012-10-05 00:00:00,V,V-5,27154000,20390,8,A,15766,18,COLO00,6609,2012-10-05 23:09:00,2012-10-05 23:11:50,32,29,0,1,21,0,0,0,1,0,0,0,0,0,0,0,0,N,N,N
2012-10-05 00:00:00,V,V-5,27154000,20390,8,A,15766,19,CHTS00,6962,2012-10-05 23:09:45,2012-10-05 23:12:28,32,29,0,0,21,0,0,0,0,0,0,0,0,0,0,0,0,N,N,N
2012-10-05 00:00:00,V,V-5,27154000,20390,8,A,15766,20,VVRA00,7358,2012-10-05 23:10:36,2012-10-05 23:13:14,32,29,0,3,18,0,1,0,0,0,2,0,0,0,0,0,0,N,N,N
2012-10-05 00:00:00,V,V-5,27154000,20390,8,A,15766,21,VXVV00,7897,2012-10-05 23:11:46,2012-10-05 23:14:40,32,29,0,1,17,0,0,0,0,0,1,0,0,0,0,0,0,N,N,N
2012-10-05 00:00:00,V,V-5,27154000,20390,8,A,15766,22,CNAE00,8277,2012-10-05 23:12:35,2012-10-05 23:15:43,32,29,0,1,16,0,0,0,1,0,0,0,0,0,0,0,0,N,N,N
2012-10-05 00:00:00,V,V-5,27154000,20390,8,A,15766,23,GEBE00,8620,2012-10-05 23:13:20,2012-10-05 23:16:45,32,29,0,1,15,0,0,0,0,0,1,0,0,0,0,0,0,N,N,N
2012-10-05 00:00:00,V,V-5,27154000,20390,8,A,15766,24,SAGY00,9131,2012-10-05 23:14:27,2012-10-05 23:17:40,32,29,0,0,15,0,0,0,0,0,0,0,0,0,0,0,0,N,N,N
2012-10-05 00:00:00,V,V-5,27154000,20390,8,A,15766,25,GTVI00,9834,2012-10-05 23:16:00,2012-10-05 23:19:46,32,29,0,2,13,0,0,0,1,0,1,0,0,0,0,0,0,N,N,N
2012-10-05 00:00:00,V,V-5,27154000,20390,8,A,15766,26,PRLA00,10324,2012-10-05 23:17:15,2012-10-05 23:20:48,32,29,0,0,13,0,0,0,0,0,0,0,0,0,0,0,0,N,N,N
2012-10-05 00:00:00,V,V-5,27154000,20390,8,A,15766,27,MLGN00,10555,2012-10-05 23:17:50,2012-10-05 23:21:13,32,29,0,0,13,0,0,0,0,0,0,0,0,0,0,0,0,N,N,N
2012-10-05 00:00:00,V,V-5,27154000,20390,8,A,15766,28,FAYA00,11161,2012-10-05 23:19:24,2012-10-05 23:22:52,32,29,0,7,6,0,0,0,3,0,0,0,4,0,0,0,0,N,N,N
2012-10-05 00:00:00,V,V-5,27154000,20390,8,A,15766,29,ENVE00,11524,2012-10-05 23:20:20,2012-10-05 23:24:00,32,29,0,2,4,0,0,0,2,0,0,0,0,0,0,0,0,N,N,N
2012-10-05 00:00:00,V,V-5,27154000,20390,8,A,15766,30,VXBO00,11856,2012-10-05 23:21:18,2012-10-05 23:25:06,32,29,0,0,4,0,0,0,0,0,0,0,0,0,0,0,0,N,N,N
2012-10-05 00:00:00,V,V-5,27154000,20390,8,A,15766,31,VXGA00,12320,2012-10-05 23:22:40,2012-10-05 23:26:27,32,29,0,0,4,0,0,0,0,0,0,0,0,0,0,0,0,N,N,N
2012-10-05 00:00:00,V,V-5,27154000,20390,8,A,15766,32,ALCH00,12782,2012-10-05 23:23:50,2012-10-05 23:27:30,32,29,0,1,3,0,0,0,1,0,0,0,0,0,0,0,0,N,N,N
2012-10-05 00:00:00,V,V-5,27154000,20390,8,A,15766,33,AMAR00,13135,2012-10-05 23:24:45,2012-10-05 23:28:34,32,29,0,0,3,0,0,0,0,0,0,0,0,0,0,0,0,N,N,N
2012-10-05 00:00:00,V,V-5,27154000,20390,8,A,15766,34,PCEA00,13575,2012-10-05 23:25:52,2012-10-05 23:29:38,32,29,0,0,3,0,0,0,0,0,0,0,0,0,0,0,0,N,N,N
2012-10-05 00:00:00,V,V-5,27154000,20390,8,A,15766,35,POCH00,14010,2012-10-05 23:26:59,2012-10-05 23:30:40,32,29,0,0,3,0,0,0,0,0,0,0,0,0,0,0,0,N,N,N
2012-10-05 00:00:00,V,V-5,27154000,20390,8,A,15766,36,MTFL00,14409,2012-10-05 23:28:00,2012-10-05 23:32:22,32,29,0,0,3,0,0,0,0,0,0,0,0,0,0,0,0,N,N,N
2012-10-05 00:00:00,V,V-5,27154000,20390,8,A,15766,37,ECOG00,15187,2012-10-05 23:30:00,2012-10-05 23:34:15,32,29,0,0,3,0,0,0,0,0,0,0,0,0,0,0,0,N,N,N
2012-10-05 00:00:00,V,V-5,27154000,20390,8,A,15766,38,CSLB01,15766,2012-10-05 23:31:00,2012-10-05 23:35:30,32,29,0,0,3,0,0,0,0,0,0,0,0,0,0,0,0,N,N,N
2012-10-05 00:00:00,V,V-5,27154001,20390,9,R,15484,1,CSLB01,0,2012-10-05 23:35:00,2012-10-05 23:35:59,10,10,1,0,1,0,0,0,0,1,0,0,0,0,0,0,0,N,N,N
2012-10-05 00:00:00,V,V-5,27154001,20390,9,R,15484,2,ECOG01,698,2012-10-05 23:37:00,2012-10-05 23:37:54,10,10,0,0,1,0,0,0,0,0,0,0,0,0,0,0,0,N,N,N
2012-10-05 00:00:00,V,V-5,27154001,20390,9,R,15484,3,MTFL01,1506,2012-10-05 23:38:59,2012-10-05 23:39:52,10,10,1,0,2,0,0,0,0,1,0,0,0,0,0,0,0,N,N,N
2012-10-05 00:00:00,V,V-5,27154001,20390,9,R,15484,4,POCH01,1821,2012-10-05 23:39:45,2012-10-05 23:40:59,10,10,0,0,2,0,0,0,0,0,0,0,0,0,0,0,0,N,N,N
2012-10-05 00:00:00,V,V-5,27154001,20390,9,R,15484,5,PCEA01,2338,2012-10-05 23:41:02,2012-10-05 23:42:06,10,10,0,0,2,0,0,0,0,0,0,0,0,0,0,0,0,N,N,N
2012-10-05 00:00:00,V,V-5,27154001,20390,9,R,15484,6,AMAR01,2762,2012-10-05 23:42:05,2012-10-05 23:43:20,10,10,0,1,1,0,0,0,0,0,1,0,0,0,0,0,0,N,N,N
2012-10-05 00:00:00,V,V-5,27154001,20390,9,R,15484,7,ALCH01,3092,2012-10-05 23:42:53,2012-10-05 23:44:10,10,10,0,0,1,0,0,0,0,0,0,0,0,0,0,0,0,N,N,N
2012-10-05 00:00:00,V,V-5,27154001,20390,9,R,15484,8,VXGA01,3540,2012-10-05 23:44:00,2012-10-05 23:45:03,10,10,0,0,1,0,0,0,0,0,0,0,0,0,0,0,0,N,N,N
2012-10-05 00:00:00,V,V-5,27154001,20390,9,R,15484,9,VXBO01,3959,2012-10-05 23:45:17,2012-10-05 23:46:22,10,10,1,0,2,0,0,0,0,0,0,1,0,0,0,0,0,N,N,N
2012-10-05 00:00:00,V,V-5,27154001,20390,9,R,15484,10,ENVE01,4406,2012-10-05 23:46:40,2012-10-05 23:47:45,10,10,0,0,2,0,0,0,0,0,0,0,0,0,0,0,0,N,N,N
2012-10-05 00:00:00,V,V-5,27154001,20390,9,R,15484,11,FAYA01,4683,2012-10-05 23:47:17,2012-10-05 23:48:44,10,10,1,1,2,0,0,0,0,1,0,0,1,0,0,0,0,N,N,N
2012-10-05 00:00:00,V,V-5,27154001,20390,9,R,15484,12,MLGN01,5220,2012-10-05 23:48:30,2012-10-05 23:49:53,10,10,0,0,2,0,0,0,0,0,0,0,0,0,0,0,0,N,N,N
2012-10-05 00:00:00,V,V-5,27154001,20390,9,R,15484,13,PRLA01,5556,2012-10-05 23:49:16,2012-10-05 23:50:43,10,10,1,0,3,0,0,1,0,0,0,0,0,0,0,0,0,N,N,N
2012-10-05 00:00:00,V,V-5,27154001,20390,9,R,15484,14,GTVI01,6020,2012-10-05 23:50:20,2012-10-05 23:51:58,10,10,0,0,3,0,0,0,0,0,0,0,0,0,0,0,0,N,N,N
2012-10-05 00:00:00,V,V-5,27154001,20390,9,R,15484,15,SAGY01,6738,2012-10-05 23:51:52,2012-10-05 23:53:48,10,10,0,0,3,0,0,0,0,0,0,0,0,0,0,0,0,N,N,N
2012-10-05 00:00:00,V,V-5,27154001,20390,9,R,15484,16,GEBE01,7265,2012-10-05 23:53:00,2012-10-05 23:54:46,10,10,0,0,3,0,0,0,0,0,0,0,0,0,0,0,0,N,N,N
2012-10-05 00:00:00,V,V-5,27154001,20390,9,R,15484,17,CNAE01,7573,2012-10-05 23:53:37,2012-10-05 23:55:27,10,10,0,0,3,0,0,0,0,0,0,0,0,0,0,0,0,N,N,N
2012-10-05 00:00:00,V,V-5,27154001,20390,9,R,15484,18,VXVV01,7895,2012-10-05 23:54:17,2012-10-05 23:55:57,10,10,0,0,3,0,0,0,0,0,0,0,0,0,0,0,0,N,N,N
2012-10-05 00:00:00,V,V-5,27154001,20390,9,R,15484,19,VVRA01,8414,2012-10-05 23:55:21,2012-10-05 23:57:02,10,10,0,0,3,0,0,0,0,0,0,0,0,0,0,0,0,N,N,N
2012-10-05 00:00:00,V,V-5,27154001,20390,9,R,15484,20,CHTS01,8918,2012-10-05 23:56:23,2012-10-05 23:57:51,10,10,0,0,3,0,0,0,0,0,0,0,0,0,0,0,0,N,N,N
2012-10-05 00:00:00,V,V-5,27154001,20390,9,R,15484,21,COLO02,9214,2012-10-05 23:57:00,2012-10-05 23:58:27,10,10,0,0,3,0,0,0,0,0,0,0,0,0,0,0,0,N,N,N
2012-10-05 00:00:00,V,V-5,27154001,20390,9,R,15484,22,CLYS01,9810,2012-10-05 23:58:17,2012-10-05 23:59:21,10,10,0,0,3,0,0,0,0,0,0,0,0,0,0,0,0,N,N,N
2012-10-05 00:00:00,V,V-5,27154001,20390,9,R,15484,23,NANT01,10267,2012-10-05 23:59:17,2012-10-06 00:00:33,10,10,1,0,4,0,0,1,0,0,0,0,0,0,0,0,0,N,N,N
2012-10-05 00:00:00,V,V-5,27154001,20390,9,R,15484,24,MACH01,10665,2012-10-06 00:00:09,2012-10-06 00:01:36,10,10,0,0,4,0,0,0,0,0,0,0,0,0,0,0,0,N,N,N
2012-10-05 00:00:00,V,V-5,27154001,20390,9,R,15484,25,FTAI01,11049,2012-10-06 00:00:59,2012-10-06 00:02:12,10,10,0,0,4,0,0,0,0,0,0,0,0,0,0,0,0,N,N,N
2012-10-05 00:00:00,V,V-5,27154001,20390,9,R,15484,26,CARO01,11343,2012-10-06 00:01:38,2012-10-06 00:02:55,10,10,0,0,4,0,0,0,0,0,0,0,0,0,0,0,0,N,N,N
2012-10-05 00:00:00,V,V-5,27154001,20390,9,R,15484,27,CBFO01,11661,2012-10-06 00:02:20,2012-10-06 00:03:51,10,10,3,0,7,3,0,0,0,0,0,0,0,0,0,0,0,N,N,N
2012-10-05 00:00:00,V,V-5,27154001,20390,9,R,15484,28,CBPL01,11841,2012-10-06 00:02:45,2012-10-06 00:04:35,10,10,0,0,7,0,0,0,0,0,0,0,0,0,0,0,0,N,N,N
2012-10-05 00:00:00,V,V-5,27154001,20390,9,R,15484,29,PYMA01,12452,2012-10-06 00:04:13,2012-10-06 00:05:40,10,10,0,0,7,0,0,0,0,0,0,0,0,0,0,0,0,N,N,N
2012-10-05 00:00:00,V,V-5,27154001,20390,9,R,15484,30,PYVI01,12779,2012-10-06 00:05:00,2012-10-06 00:06:24,10,10,0,0,7,0,0,0,0,0,0,0,0,0,0,0,0,N,N,N
2012-10-05 00:00:00,V,V-5,27154001,20390,9,R,15484,31,PENT01,13059,2012-10-06 00:05:36,2012-10-06 00:07:14,10,10,1,0,8,0,0,1,0,0,0,0,0,0,0,0,0,N,N,N
2012-10-05 00:00:00,V,V-5,27154001,20390,9,R,15484,32,FENE01,13329,2012-10-06 00:06:12,2012-10-06 00:07:57,10,10,0,0,8,0,0,0,0,0,0,0,0,0,0,0,0,N,N,N
2012-10-05 00:00:00,V,V-5,27154001,20390,9,R,15484,33,APIA03,13700,2012-10-06 00:07:01,2012-10-06 00:08:43,10,10,0,0,8,0,0,0,0,0,0,0,0,0,0,0,0,N,N,N
2012-10-05 00:00:00,V,V-5,27154001,20390,9,R,15484,34,NATI14,14301,2012-10-06 00:08:20,2012-10-06 00:10:09,10,10,0,2,6,0,1,0,0,0,0,0,1,0,0,0,0,N,N,N
2012-10-05 00:00:00,V,V-5,27154001,20390,9,R,15484,35,VRBE02,14500,2012-10-06 00:08:53,2012-10-06 00:12:27,10,10,0,0,6,0,0,0,0,0,0,0,0,0,0,0,0,N,N,N
2012-10-05 00:00:00,V,V-5,27154001,20390,9,R,15484,36,VLAI01,15000,2012-10-06 00:10:18,2012-10-06 00:13:39,10,10,0,3,3,0,0,0,0,0,3,0,0,0,0,0,0,N,N,N
2012-10-05 00:00:00,V,V-5,27154001,20390,9,R,15484,37,CVIN22,15484,2012-10-06 00:11:40,2012-10-06 00:15:17,10,10,0,3,0,0,0,0,2,0,1,0,0,0,0,0,0,N,N,N
2012-10-05 00:00:00,V,V-6,27154005,20390,9,R,15484,1,CSLB01,0,2012-10-05 11:57:00,2012-10-05 11:57:32,70,67,2,1,1,2,1,0,0,0,0,0,0,0,0,0,0,N,N,N
2012-10-05 00:00:00,V,V-6,27154005,20390,9,R,15484,2,ECOG01,698,2012-10-05 11:59:00,2012-10-05 11:59:17,70,67,0,0,1,0,0,0,0,0,0,0,0,0,0,0,0,N,N,N
2012-10-05 00:00:00,V,V-6,27154005,20390,9,R,15484,3,MTFL01,1506,2012-10-05 12:01:22,2012-10-05 12:01:23,70,67,6,0,7,0,0,1,0,3,0,2,0,0,0,0,0,N,N,N
2012-10-05 00:00:00,V,V-6,27154005,20390,9,R,15484,4,POCH01,1821,2012-10-05 12:02:17,2012-10-05 12:02:35,70,67,0,0,7,0,0,0,0,0,0,0,0,0,0,0,0,N,N,N
2012-10-05 00:00:00,V,V-6,27154005,20390,9,R,15484,5,PCEA01,2338,2012-10-05 12:03:48,2012-10-05 12:04:12,70,67,0,4,3,0,0,0,0,0,3,0,1,0,0,0,0,N,N,N
2012-10-05 00:00:00,V,V-6,27154005,20390,9,R,15484,6,AMAR01,2762,2012-10-05 12:05:03,2012-10-05 12:05:57,70,67,6,0,9,0,0,1,0,3,0,2,0,0,0,0,0,N,N,N
2012-10-05 00:00:00,V,V-6,27154005,20390,9,R,15484,7,ALCH01,3092,2012-10-05 12:06:01,2012-10-05 12:06:47,70,67,0,0,9,0,0,0,0,0,0,0,0,0,0,0,0,N,N,N
2012-10-05 00:00:00,V,V-6,27154005,20390,9,R,15484,8,VXGA01,3540,2012-10-05 12:07:20,2012-10-05 12:08:01,70,67,15,1,23,7,1,2,0,6,0,0,0,0,0,0,0,N,N,N
2012-10-05 00:00:00,V,V-6,27154005,20390,9,R,15484,9,VXBO01,3959,2012-10-05 12:08:47,2012-10-05 12:09:45,70,67,5,2,26,2,1,3,1,0,0,0,0,0,0,0,0,N,N,N
2012-10-05 00:00:00,V,V-6,27154005,20390,9,R,15484,10,ENVE01,4406,2012-10-05 12:10:20,2012-10-05 12:11:57,70,67,0,2,24,0,0,0,1,0,1,0,0,0,0,0,0,N,N,N
2012-10-05 00:00:00,V,V-6,27154005,20390,9,R,15484,11,FAYA01,4683,2012-10-05 12:11:08,2012-10-05 12:12:55,70,67,4,11,17,0,2,2,0,2,6,0,3,0,0,0,0,N,N,N
2012-10-05 00:00:00,V,V-6,27154005,20390,9,R,15484,12,MLGN01,5220,2012-10-05 12:12:41,2012-10-05 12:14:10,70,67,0,0,17,0,0,0,0,0,0,0,0,0,0,0,0,N,N,N
2012-10-05 00:00:00,V,V-6,27154005,20390,9,R,15484,13,PRLA01,5556,2012-10-05 12:13:39,2012-10-05 12:15:02,70,67,1,1,17,0,0,1,0,0,0,0,1,0,0,0,0,N,N,N
2012-10-05 00:00:00,V,V-6,27154005,20390,9,R,15484,14,GTVI01,6020,2012-10-05 12:15:00,2012-10-05 12:16:29,70,67,1,0,18,0,0,0,0,1,0,0,0,0,0,0,0,N,N,N
2012-10-05 00:00:00,V,V-6,27154005,20390,9,R,15484,15,SAGY01,6738,2012-10-05 12:16:43,2012-10-05 12:18:26,70,67,0,0,18,0,0,0,0,0,0,0,0,0,0,0,0,N,N,N
2012-10-05 00:00:00,V,V-6,27154005,20390,9,R,15484,16,GEBE01,7265,2012-10-05 12:18:00,2012-10-05 12:19:27,70,67,4,1,21,0,0,4,0,0,1,0,0,0,0,0,0,N,N,N
2012-10-05 00:00:00,V,V-6,27154005,20390,9,R,15484,17,CNAE01,7573,2012-10-05 12:18:47,2012-10-05 12:20:26,70,67,2,2,21,0,0,1,2,1,0,0,0,0,0,0,0,N,N,N
2012-10-05 00:00:00,V,V-6,27154005,20390,9,R,15484,18,VXVV01,7895,2012-10-05 12:19:36,2012-10-05 12:21:18,70,67,4,5,20,3,0,1,3,0,0,0,2,0,0,0,0,N,N,N
2012-10-05 00:00:00,V,V-6,27154005,20390,9,R,15484,19,VVRA01,8414,2012-10-05 12:20:56,2012-10-05 12:22:57,70,67,3,3,20,0,1,3,2,0,0,0,0,0,0,0,0,N,N,N
2012-10-05 00:00:00,V,V-6,27154005,20390,9,R,15484,20,CHTS01,8918,2012-10-05 12:22:14,2012-10-05 12:23:41,70,67,0,0,20,0,0,0,0,0,0,0,0,0,0,0,0,N,N,N
2012-10-05 00:00:00,V,V-6,27154005,20390,9,R,15484,21,COLO02,9214,2012-10-05 12:23:00,2012-10-05 12:24:23,70,67,1,0,21,0,0,0,0,0,0,1,0,0,0,0,0,N,N,N
2012-10-05 00:00:00,V,V-6,27154005,20390,9,R,15484,22,CLYS01,9810,2012-10-05 12:24:22,2012-10-05 12:25:27,70,67,0,0,21,0,0,0,0,0,0,0,0,0,0,0,0,N,N,N
2012-10-05 00:00:00,V,V-6,27154005,20390,9,R,15484,23,NANT01,10267,2012-10-05 12:25:26,2012-10-05 12:26:26,70,67,0,1,20,0,0,0,0,0,0,0,1,0,0,0,0,N,N,N
2012-10-05 00:00:00,V,V-6,27154005,20390,9,R,15484,24,MACH01,10665,2012-10-05 12:26:21,2012-10-05 12:27:39,70,67,2,1,21,0,0,0,0,1,1,1,0,0,0,0,0,N,N,N
2012-10-05 00:00:00,V,V-6,27154005,20390,9,R,15484,25,FTAI01,11049,2012-10-05 12:27:14,2012-10-05 12:28:32,70,67,1,0,22,0,0,1,0,0,0,0,0,0,0,0,0,N,N,N
2012-10-05 00:00:00,V,V-6,27154005,20390,9,R,15484,26,CARO01,11343,2012-10-05 12:27:55,2012-10-05 12:29:23,70,67,1,0,23,0,0,0,0,1,0,0,0,0,0,0,0,N,N,N
2012-10-05 00:00:00,V,V-6,27154005,20390,9,R,15484,27,CBFO01,11661,2012-10-05 12:28:40,2012-10-05 12:30:17,70,67,5,0,28,0,0,2,0,3,0,0,0,0,0,0,0,N,N,N
2012-10-05 00:00:00,V,V-6,27154005,20390,9,R,15484,28,CBPL01,11841,2012-10-05 12:29:05,2012-10-05 12:31:02,70,67,1,0,29,0,0,0,0,1,0,0,0,0,0,0,0,N,N,N
2012-10-05 00:00:00,V,V-6,27154005,20390,9,R,15484,29,PYMA01,12452,2012-10-05 12:30:33,2012-10-05 12:32:09,70,67,0,0,29,0,0,0,0,0,0,0,0,0,0,0,0,N,N,N
2012-10-05 00:00:00,V,V-6,27154005,20390,9,R,15484,30,PYVI01,12779,2012-10-05 12:31:20,2012-10-05 12:32:55,70,67,1,0,30,0,0,1,0,0,0,0,0,0,0,0,0,N,N,N
2012-10-05 00:00:00,V,V-6,27154005,20390,9,R,15484,31,PENT01,13059,2012-10-05 12:32:07,2012-10-05 12:33:43,70,67,2,0,32,0,0,2,0,0,0,0,0,0,0,0,0,N,N,N
2012-10-05 00:00:00,V,V-6,27154005,20390,9,R,15484,32,FENE01,13329,2012-10-05 12:32:53,2012-10-05 12:34:46,70,67,1,0,33,1,0,0,0,0,0,0,0,0,0,0,0,N,N,N
2012-10-05 00:00:00,V,V-6,27154005,20390,9,R,15484,33,APIA03,13700,2012-10-05 12:33:57,2012-10-05 12:35:47,70,67,1,1,33,0,0,0,0,0,0,1,1,0,0,0,0,N,N,N
2012-10-05 00:00:00,V,V-6,27154005,20390,9,R,15484,34,NATI14,14301,2012-10-05 12:35:40,2012-10-05 12:37:32,70,67,1,9,25,1,1,0,3,0,2,0,3,0,0,0,0,N,N,N
2012-10-05 00:00:00,V,V-6,27154005,20390,9,R,15484,35,VRBE02,14500,2012-10-05 12:36:23,2012-10-05 12:39:20,70,67,0,0,25,0,0,0,0,0,0,0,0,0,0,0,0,N,N,N
2012-10-05 00:00:00,V,V-6,27154005,20390,9,R,15484,36,VLAI01,15000,2012-10-05 12:38:13,2012-10-05 12:40:29,70,67,0,1,24,0,0,0,1,0,0,0,0,0,0,0,0,N,N,N
2012-10-05 00:00:00,V,V-6,27154005,20390,9,R,15484,37,CVIN22,15484,2012-10-05 12:40:00,2012-10-05 12:41:55,70,67,0,21,3,0,3,0,8,0,7,0,3,0,0,0,0,N,N,N
2012-10-05 00:00:00,Z,V-6,27154006,20390,3,A,12264,1,CVIN22,0,2012-10-05 12:45:00,2012-10-05 12:45:58,28,28,13,0,13,4,0,5,0,3,0,1,0,0,0,0,0,N,N,N
2012-10-05 00:00:00,Z,V-6,27154006,20390,3,A,12264,2,POST00,451,2012-10-05 12:47:09,2012-10-05 12:49:42,28,28,2,0,15,0,0,1,0,1,0,0,0,0,0,0,0,N,N,N
2012-10-05 00:00:00,Z,V-6,27154006,20390,3,A,12264,3,VLAI00,832,2012-10-05 12:48:58,2012-10-05 12:51:49,28,28,0,0,15,0,0,0,0,0,0,0,0,0,0,0,0,N,N,N
2012-10-05 00:00:00,Z,V-6,27154006,20390,3,A,12264,4,VRBE01,1280,2012-10-05 12:51:06,2012-10-05 12:53:02,28,28,4,0,19,0,0,3,0,1,0,0,0,0,0,0,0,N,N,N
2012-10-05 00:00:00,Z,V-6,27154006,20390,3,A,12264,5,NATI15,1465,2012-10-05 12:52:00,2012-10-05 12:55:34,28,28,7,0,26,3,0,3,0,1,0,0,0,0,0,0,0,N,N,N
2012-10-05 00:00:00,Z,V-6,27154006,20390,3,A,12264,6,APIA02,2123,2012-10-05 12:54:16,2012-10-05 12:57:52,28,28,1,1,26,0,1,0,0,1,0,0,0,0,0,0,0,N,N,N
2012-10-05 00:00:00,Z,V-6,27154006,20390,3,A,12264,7,FENE00,2490,2012-10-05 12:55:31,2012-10-05 12:58:40,28,28,0,0,26,0,0,0,0,0,0,0,0,0,0,0,0,N,N,N
2012-10-05 00:00:00,Z,V-6,27154006,20390,3,A,12264,8,PENT00,2746,2012-10-05 12:56:24,2012-10-05 12:59:24,28,28,0,1,25,0,0,0,1,0,0,0,0,0,0,0,0,N,N,N
2012-10-05 00:00:00,Z,V-6,27154006,20390,3,A,12264,9,PYVI00,3013,2012-10-05 12:57:20,2012-10-05 13:00:09,28,28,0,0,25,0,0,0,0,0,0,0,0,0,0,0,0,N,N,N
2012-10-05 00:00:00,Z,V-6,27154006,20390,3,A,12264,10,PYMA00,3399,2012-10-05 12:58:19,2012-10-05 13:01:16,28,28,0,1,24,0,0,0,0,0,1,0,0,0,0,0,0,N,N,N
2012-10-05 00:00:00,Z,V-6,27154006,20390,3,A,12264,11,CBPL00,3980,2012-10-05 12:59:49,2012-10-05 13:02:25,28,28,0,0,24,0,0,0,0,0,0,0,0,0,0,0,0,N,N,N
2012-10-05 00:00:00,Z,V-6,27154006,20390,3,A,12264,12,CBFO00,4174,2012-10-05 13:00:20,2012-10-05 13:03:08,28,28,0,1,23,0,1,0,0,0,0,0,0,0,0,0,0,N,N,N
2012-10-05 00:00:00,Z,V-6,27154006,20390,3,A,12264,13,CARO00,4499,2012-10-05 13:01:02,2012-10-05 13:04:05,28,28,0,4,19,0,1,0,3,0,0,0,0,0,0,0,0,N,N,N
2012-10-05 00:00:00,Z,V-6,27154006,20390,3,A,12264,14,FTAI00,4821,2012-10-05 13:01:45,2012-10-05 13:04:55,28,28,0,1,18,0,0,0,0,0,1,0,0,0,0,0,0,N,N,N
2012-10-05 00:00:00,Z,V-6,27154006,20390,3,A,12264,15,MACH00,5174,2012-10-05 13:02:31,2012-10-05 13:05:49,28,28,1,1,18,0,0,1,1,0,0,0,0,0,0,0,0,N,N,N
2012-10-05 00:00:00,Z,V-6,27154006,20390,3,A,12264,16,NANT00,5544,2012-10-05 13:03:20,2012-10-05 13:06:48,28,28,0,2,16,0,0,0,0,0,1,0,1,0,0,0,0,N,N,N
2012-10-05 00:00:00,Z,V-6,27154006,20390,3,A,12264,17,CLYS00,5950,2012-10-05 13:04:13,2012-10-05 13:07:36,28,28,0,0,16,0,0,0,0,0,0,0,0,0,0,0,0,N,N,N
2012-10-05 00:00:00,Z,V-6,27154006,20390,3,A,12264,18,COLO00,6609,2012-10-05 13:05:40,2012-10-05 13:08:30,28,28,0,5,11,0,0,0,1,0,2,0,2,0,0,0,0,N,N,N
2012-10-05 00:00:00,Z,V-6,27154006,20390,3,A,12264,19,PLNT00,7006,2012-10-05 13:06:33,2012-10-05 13:09:16,28,28,0,0,11,0,0,0,0,0,0,0,0,0,0,0,0,N,N,N
2012-10-05 00:00:00,Z,V-6,27154006,20390,3,A,12264,20,VRLP00,7677,2012-10-05 13:08:03,2012-10-05 13:10:30,28,28,0,2,9,0,0,0,0,0,2,0,0,0,0,0,0,N,N,N
2012-10-05 00:00:00,Z,V-6,27154006,20390,3,A,12264,21,PREL00,8090,2012-10-05 13:08:59,2012-10-05 13:11:19,28,28,0,1,8,0,1,0,0,0,0,0,0,0,0,0,0,N,Y,Y
2012-10-05 00:00:00,Z,V-6,27154006,20390,3,A,12264,22,CXCE00,8540,2012-10-05 13:10:00,2012-10-05 13:12:24,28,28,0,0,8,0,0,0,0,0,0,0,0,0,0,0,0,N,N,N
2012-10-05 00:00:00,Z,V-6,27154006,20390,3,A,12264,23,CXEC00,8927,2012-10-05 13:10:50,2012-10-05 13:13:34,28,28,0,5,3,0,0,0,3,0,0,0,2,0,0,0,0,N,N,N
2012-10-05 00:00:00,Z,V-6,27154006,20390,3,A,12264,24,SCHA00,9220,2012-10-05 13:11:28,2012-10-05 13:14:04,28,28,0,0,3,0,0,0,0,0,0,0,0,0,0,0,0,N,N,N
2012-10-05 00:00:00,Z,V-6,27154006,20390,3,A,12264,25,BOSY01,10069,2012-10-05 13:13:20,2012-10-05 13:15:13,28,28,0,1,2,0,0,0,1,0,0,0,0,0,0,0,0,N,N,N
2012-10-05 00:00:00,Z,V-6,27154006,20390,3,A,12264,26,_BSDNF,11261,2012-10-05 13:15:30,2012-10-05 13:16:54,28,28,0,0,2,0,0,0,0,0,0,0,0,0,0,0,0,N,N,N
2012-10-05 00:00:00,Z,V-6,27154006,20390,3,A,12264,27,BOCH00,12264,2012-10-05 13:17:20,2012-10-05 13:17:55,28,28,0,2,0,0,1,0,1,0,0,0,0,0,0,0,0,N,N,N
2012-10-05 00:00:00,Z,V-6,27154007,20390,8,R,11981,1,BOCH00,0,2012-10-05 13:22:00,2012-10-05 13:22:14,5,2,2,0,2,1,0,1,0,0,0,0,0,0,0,0,0,N,N,N
2012-10-05 00:00:00,Z,V-6,27154007,20390,8,R,11981,2,_BSDNS,1044,2012-10-05 13:24:00,2012-10-05 13:24:15,5,2,0,0,2,0,0,0,0,0,0,0,0,0,0,0,0,N,N,N
2012-10-05 00:00:00,Z,V-6,27154007,20390,8,R,11981,3,BOSY00,2259,2012-10-05 13:26:20,2012-10-05 13:26:24,5,2,3,2,3,0,0,2,2,0,0,1,0,0,0,0,0,N,N,N
2012-10-05 00:00:00,Z,V-5,27164858,20390,9,R,9722,1,BOSY00,0,2012-10-05 22:20:00,2012-10-05 22:20:33,3,4,0,0,0,0,0,0,0,0,0,0,0,0,0,0,0,N,N,N
2012-10-05 00:00:00,Z,V-5,27164858,20390,9,R,9722,2,SCHA01,860,2012-10-05 22:21:43,2012-10-05 22:21:47,3,4,0,0,0,0,0,0,0,0,0,0,0,0,0,0,0,N,N,N
2012-10-05 00:00:00,Z,V-5,27164858,20390,9,R,9722,3,CXEC01,1133,2012-10-05 22:22:16,2012-10-05 22:22:52,3,4,0,0,0,0,0,0,0,0,0,0,0,0,0,0,0,N,N,N
2012-10-05 00:00:00,Z,V-5,27164858,20390,9,R,9722,4,CXCE01,1496,2012-10-05 22:23:00,2012-10-05 22:24:03,3,4,0,0,0,0,0,0,0,0,0,0,0,0,0,0,0,N,N,N
2012-10-05 00:00:00,Z,V-5,27164858,20390,9,R,9722,5,PREL01,1854,2012-10-05 22:23:44,2012-10-05 22:24:53,3,4,0,0,0,0,0,0,0,0,0,0,0,0,0,0,0,N,N,N
2012-10-05 00:00:00,Z,V-5,27164858,20390,9,R,9722,6,VRLP01,2356,2012-10-05 22:24:47,2012-10-05 22:25:51,3,4,0,0,0,0,0,0,0,0,0,0,0,0,0,0,0,N,N,N
2012-10-05 00:00:00,Z,V-5,27164858,20390,9,R,9722,7,PLNT01,3044,2012-10-05 22:26:13,2012-10-05 22:26:57,3,4,0,0,0,0,0,0,0,0,0,0,0,0,0,0,0,N,N,N
2012-10-05 00:00:00,Z,V-5,27164858,20390,9,R,9722,8,COLO01,3415,2012-10-05 22:27:00,2012-10-05 22:27:53,3,4,0,0,0,0,0,0,0,0,0,0,0,0,0,0,0,N,N,N
2012-10-05 00:00:00,Z,V-5,27164858,20390,9,R,9722,9,CLYS01,4048,2012-10-05 22:28:26,2012-10-05 22:29:02,3,4,0,0,0,0,0,0,0,0,0,0,0,0,0,0,0,N,N,N
2012-10-05 00:00:00,Z,V-5,27164858,20390,9,R,9722,10,NANT01,4505,2012-10-05 22:29:29,2012-10-05 22:30:06,3,4,1,0,1,0,0,0,0,1,0,0,0,0,0,0,0,N,N,N
2012-10-05 00:00:00,Z,V-5,27164858,20390,9,R,9722,11,MACH01,4903,2012-10-05 22:30:23,2012-10-05 22:31:11,3,4,0,0,1,0,0,0,0,0,0,0,0,0,0,0,0,N,N,N
2012-10-05 00:00:00,Z,V-5,27164858,20390,9,R,9722,12,FTAI01,5287,2012-10-05 22:31:16,2012-10-05 22:31:49,3,4,0,0,1,0,0,0,0,0,0,0,0,0,0,0,0,N,N,N
2012-10-05 00:00:00,Z,V-5,27164858,20390,9,R,9722,13,CARO01,5581,2012-10-05 22:31:56,2012-10-05 22:32:36,3,4,0,0,1,0,0,0,0,0,0,0,0,0,0,0,0,N,N,N
2012-10-05 00:00:00,Z,V-5,27164858,20390,9,R,9722,14,CBFO01,5899,2012-10-05 22:32:40,2012-10-05 22:33:29,3,4,0,0,1,0,0,0,0,0,0,0,0,0,0,0,0,N,N,N
2012-10-05 00:00:00,Z,V-5,27164858,20390,9,R,9722,15,CBPL01,6079,2012-10-05 22:33:05,2012-10-05 22:34:15,3,4,1,0,2,0,0,1,0,0,0,0,0,0,0,0,0,N,N,N
2012-10-05 00:00:00,Z,V-5,27164858,20390,9,R,9722,16,PYMA01,6690,2012-10-05 22:34:33,2012-10-05 22:35:23,3,4,0,0,2,0,0,0,0,0,0,0,0,0,0,0,0,N,N,N
2012-10-05 00:00:00,Z,V-5,27164858,20390,9,R,9722,17,PYVI01,7017,2012-10-05 22:35:20,2012-10-05 22:36:08,3,4,0,0,2,0,0,0,0,0,0,0,0,0,0,0,0,N,N,N
2012-10-05 00:00:00,Z,V-5,27164858,20390,9,R,9722,18,PENT01,7297,2012-10-05 22:35:56,2012-10-05 22:36:54,3,4,1,0,3,1,0,0,0,0,0,0,0,0,0,0,0,N,N,N
2012-10-05 00:00:00,Z,V-5,27164858,20390,9,R,9722,19,FENE01,7567,2012-10-05 22:36:32,2012-10-05 22:37:31,3,4,0,0,3,0,0,0,0,0,0,0,0,0,0,0,0,N,N,N
2012-10-05 00:00:00,Z,V-5,27164858,20390,9,R,9722,20,APIA03,7938,2012-10-05 22:37:21,2012-10-05 22:38:19,3,4,0,0,3,0,0,0,0,0,0,0,0,0,0,0,0,N,N,N
2012-10-05 00:00:00,Z,V-5,27164858,20390,9,R,9722,21,NATI14,8539,2012-10-05 22:38:40,2012-10-05 22:39:55,3,4,0,0,3,0,0,0,0,0,0,0,0,0,0,0,0,N,N,N
2012-10-05 00:00:00,Z,V-5,27164858,20390,9,R,9722,22,VRBE02,8738,2012-10-05 22:39:17,2012-10-05 22:41:53,3,4,0,0,3,0,0,0,0,0,0,0,0,0,0,0,0,N,N,N
2012-10-05 00:00:00,Z,V-5,27164858,20390,9,R,9722,23,VLAI01,9238,2012-10-05 22:40:49,2012-10-05 22:43:00,3,4,0,0,3,0,0,0,0,0,0,0,0,0,0,0,0,N,N,N
2012-10-05 00:00:00,Z,V-5,27164858,20390,9,R,9722,24,CVIN22,9722,2012-10-05 22:42:20,2012-10-05 22:44:11,3,4,0,4,0,0,1,0,3,0,0,0,0,0,0,0,0,N,N,N
2012-10-05 00:00:00,28,28-3,27146989,20481,4,A,11388,1,JARB02,0,2012-10-05 05:57:00,2012-10-05 05:57:23,7,9,2,1,1,1,1,1,0,0,0,0,0,0,0,0,0,N,N,N
2012-10-05 00:00:00,28,28-3,27146989,20481,4,A,11388,2,RIGO00,198,2012-10-05 05:57:29,2012-10-05 05:58:13,7,9,1,0,2,0,0,1,0,0,0,0,0,0,0,0,0,N,N,N
2012-10-05 00:00:00,28,28-3,27146989,20481,4,A,11388,3,NATI18,545,2012-10-05 05:58:20,2012-10-05 05:59:01,7,9,0,0,2,0,0,0,0,0,0,0,0,0,0,0,0,N,N,N
2012-10-05 00:00:00,28,28-3,27146989,20481,4,A,11388,4,APIA01,1162,2012-10-05 05:59:46,2012-10-05 06:00:20,7,9,0,0,2,0,0,0,0,0,0,0,0,0,0,0,0,N,N,N
2012-10-05 00:00:00,28,28-3,27146989,20481,4,A,11388,5,BIT01,1655,2012-10-05 06:00:55,2012-10-05 06:01:22,7,9,0,0,2,0,0,0,0,0,0,0,0,0,0,0,0,N,N,N
2012-10-05 00:00:00,28,28-3,27146989,20481,4,A,11388,6,VICH00,1899,2012-10-05 06:01:29,2012-10-05 06:02:09,7,9,0,0,2,0,0,0,0,0,0,0,0,0,0,0,0,N,N,N
2012-10-05 00:00:00,28,28-3,27146989,20481,4,A,11388,7,MORL00,2423,2012-10-05 06:02:42,2012-10-05 06:03:15,7,9,0,0,2,0,0,0,0,0,0,0,0,0,0,0,0,N,N,N
2012-10-05 00:00:00,28,28-3,27146989,20481,4,A,11388,8,POMI00,2717,2012-10-05 06:03:23,2012-10-05 06:03:48,7,9,0,0,2,0,0,0,0,0,0,0,0,0,0,0,0,N,N,N
2012-10-05 00:00:00,28,28-3,27146989,20481,4,A,11388,9,GSAC00,3120,2012-10-05 06:04:20,2012-10-05 06:04:41,7,9,1,0,3,0,0,0,0,1,0,0,0,0,0,0,0,N,N,N
2012-10-05 00:00:00,28,28-3,27146989,20481,4,A,11388,10,SUSE00,3627,2012-10-05 06:05:30,2012-10-05 06:05:48,7,9,0,0,3,0,0,0,0,0,0,0,0,0,0,0,0,N,N,N
2012-10-05 00:00:00,28,28-3,27146989,20481,4,A,11388,11,PR4700,3747,2012-10-05 06:05:47,2012-10-05 06:06:19,7,9,1,0,4,1,0,0,0,0,0,0,0,0,0,0,0,N,Y,Y
2012-10-05 00:00:00,28,28-3,27146989,20481,4,A,11388,12,TRTI00,4459,2012-10-05 06:07:26,2012-10-05 06:08:05,7,9,0,0,4,0,0,0,0,0,0,0,0,0,0,0,0,N,N,N
2012-10-05 00:00:00,28,28-3,27146989,20481,4,A,11388,13,FRET00,5228,2012-10-05 06:09:13,2012-10-05 06:09:22,7,9,0,0,4,0,0,0,0,0,0,0,0,0,0,0,0,N,N,N
2012-10-05 00:00:00,28,28-3,27146989,20481,4,A,11388,14,BTAI00,5551,2012-10-05 06:09:58,2012-10-05 06:10:10,7,9,0,0,4,0,0,0,0,0,0,0,0,0,0,0,0,N,N,N
2012-10-05 00:00:00,28,28-3,27146989,20481,4,A,11388,15,AREN00,5948,2012-10-05 06:10:53,2012-10-05 06:10:59,7,9,0,0,4,0,0,0,0,0,0,0,0,0,0,0,0,N,N,N
2012-10-05 00:00:00,28,28-3,27146989,20481,4,A,11388,16,AERO05,6282,2012-10-05 06:11:40,2012-10-05 06:12:20,7,9,0,2,2,0,0,0,1,0,1,0,0,0,0,0,0,N,N,N
2012-10-05 00:00:00,28,28-3,27146989,20481,4,A,11388,17,WTC00,6665,2012-10-05 06:12:55,2012-10-05 06:13:50,7,9,0,0,2,0,0,0,0,0,0,0,0,0,0,0,0,N,N,N
2012-10-05 00:00:00,28,28-3,27146989,20481,4,A,11388,18,TOCO00,6878,2012-10-05 06:13:36,2012-10-05 06:14:38,7,9,1,0,3,0,0,1,0,0,0,0,0,0,0,0,0,N,N,N
2012-10-05 00:00:00,28,28-3,27146989,20481,4,A,11388,19,ICC00,7237,2012-10-05 06:14:47,2012-10-05 06:15:35,7,9,0,0,3,0,0,0,0,0,0,0,0,0,0,0,0,N,N,N
2012-10-05 00:00:00,28,28-3,27146989,20481,4,A,11388,20,GDHA00,7477,2012-10-05 06:15:34,2012-10-05 06:16:10,7,9,0,0,3,0,0,0,0,0,0,0,0,0,0,0,0,N,N,N
2012-10-05 00:00:00,28,28-3,27146989,20481,4,A,11388,21,BLDO01,7813,2012-10-05 06:16:40,2012-10-05 06:17:21,7,9,1,1,3,0,1,1,0,0,0,0,0,0,0,0,0,N,N,N
2012-10-05 00:00:00,28,28-3,27146989,20481,4,A,11388,22,RENF00,8145,2012-10-05 06:17:40,2012-10-05 06:18:55,7,9,0,0,3,0,0,0,0,0,0,0,0,0,0,0,0,N,N,N
2012-10-05 00:00:00,28,28-3,27146989,20481,4,A,11388,23,CROI00,8418,2012-10-05 06:19:00,2012-10-05 06:20:14,7,9,0,0,3,0,0,0,0,0,0,0,0,0,0,0,0,N,N,N
2012-10-05 00:00:00,28,28-3,27146989,20481,4,A,11388,24,CHCL00,8776,2012-10-05 06:19:53,2012-10-05 06:21:10,7,9,0,0,3,0,0,0,0,0,0,0,0,0,0,0,0,N,N,N
2012-10-05 00:00:00,28,28-3,27146989,20481,4,A,11388,25,VEEC00,9090,2012-10-05 06:20:40,2012-10-05 06:21:56,7,9,0,0,3,0,0,0,0,0,0,0,0,0,0,0,0,N,N,N
2012-10-05 00:00:00,28,28-3,27146989,20481,4,A,11388,26,VEMA00,9464,2012-10-05 06:21:52,2012-10-05 06:22:55,7,9,0,0,3,0,0,0,0,0,0,0,0,0,0,0,0,N,N,N
2012-10-05 00:00:00,28,28-3,27146989,20481,4,A,11388,27,VEVI02,9814,2012-10-05 06:23:00,2012-10-05 06:23:46,7,9,0,1,2,0,0,0,1,0,0,0,0,0,0,0,0,N,Y,Y
2012-10-05 00:00:00,28,28-3,27146989,20481,4,A,11388,28,PRGR01,10191,2012-10-05 06:23:33,2012-10-05 06:24:28,7,9,0,0,2,0,0,0,0,0,0,0,0,0,0,0,0,N,N,N
2012-10-05 00:00:00,28,28-3,27146989,20481,4,A,11388,29,BOLX01,10358,2012-10-05 06:23:48,2012-10-05 06:24:42,7,9,0,0,2,0,0,0,0,0,0,0,0,0,0,0,0,N,N,N
2012-10-05 00:00:00,28,28-3,27146989,20481,4,A,11388,30,CEBE00,10834,2012-10-05 06:24:30,2012-10-05 06:25:31,7,9,0,0,2,0,0,0,0,0,0,0,0,0,0,0,0,N,N,N
2012-10-05 00:00:00,28,28-3,27146989,20481,4,A,11388,31,PFUM00,11388,2012-10-05 06:25:20,2012-10-05 06:26:28,7,9,0,4,0,0,1,0,2,0,1,0,0,0,0,0,0,N,N,N
2012-10-05 00:00:00,28,28-3,27146990,20481,7,R,12355,1,PFUM00,0,2012-10-05 06:39:00,2012-10-05 06:39:25,27,24,2,0,2,1,0,0,0,1,0,0,0,0,0,0,0,N,N,N
2012-10-05 00:00:00,28,28-3,27146990,20481,7,R,12355,2,CEBE01,614,2012-10-05 06:40:32,2012-10-05 06:40:55,27,24,0,0,2,0,0,0,0,0,0,0,0,0,0,0,0,N,N,N
2012-10-05 00:00:00,28,28-3,27146990,20481,7,R,12355,3,BOLX00,1095,2012-10-05 06:41:45,2012-10-05 06:42:00,27,24,0,0,2,0,0,0,0,0,0,0,0,0,0,0,0,N,N,N
2012-10-05 00:00:00,28,28-3,27146990,20481,7,R,12355,4,PRGR00,1278,2012-10-05 06:42:12,2012-10-05 06:42:19,27,24,0,0,2,0,0,0,0,0,0,0,0,0,0,0,0,N,N,N
2012-10-05 00:00:00,28,28-3,27146990,20481,7,R,12355,5,VEVI00,1590,2012-10-05 06:43:00,2012-10-05 06:43:11,27,24,4,0,6,0,0,4,0,0,0,0,0,0,0,0,0,N,N,N
2012-10-05 00:00:00,28,28-3,27146990,20481,7,R,12355,6,VEMA01,1940,2012-10-05 06:44:04,2012-10-05 06:44:11,27,24,1,0,7,0,0,1,0,0,0,0,0,0,0,0,0,N,N,N
2012-10-05 00:00:00,28,28-3,27146990,20481,7,R,12355,7,VEEC01,2350,2012-10-05 06:45:20,2012-10-05 06:45:27,27,24,1,0,8,0,0,0,0,1,0,0,0,0,0,0,0,N,N,N
2012-10-05 00:00:00,28,28-3,27146990,20481,7,R,12355,8,CHCL01,2639,2012-10-05 06:46:13,2012-10-05 06:46:23,27,24,1,0,9,0,0,1,0,0,0,0,0,0,0,0,0,N,N,N
2012-10-05 00:00:00,28,28-3,27146990,20481,7,R,12355,9,CROI01,3001,2012-10-05 06:47:20,2012-10-05 06:47:20,27,24,0,0,9,0,0,0,0,0,0,0,0,0,0,0,0,N,N,N
2012-10-05 00:00:00,28,28-3,27146990,20481,7,R,12355,10,RENF02,3272,2012-10-05 06:49:40,2012-10-05 06:49:37,27,24,0,0,9,0,0,0,0,0,0,0,0,0,0,0,0,N,N,N
2012-10-05 00:00:00,28,28-3,27146990,20481,7,R,12355,11,BLDO02,3612,2012-10-05 06:51:20,2012-10-05 06:51:24,27,24,6,4,11,0,1,4,2,2,1,0,0,0,0,0,0,N,N,N
2012-10-05 00:00:00,28,28-3,27146990,20481,7,R,12355,12,GDHA01,3934,2012-10-05 06:52:23,2012-10-05 06:52:35,27,24,0,2,9,0,0,0,1,0,1,0,0,0,0,0,0,N,N,N
2012-10-05 00:00:00,28,28-3,27146990,20481,7,R,12355,13,ICC01,4194,2012-10-05 06:53:14,2012-10-05 06:53:12,27,24,0,0,9,0,0,0,0,0,0,0,0,0,0,0,0,N,N,N
2012-10-05 00:00:00,28,28-3,27146990,20481,7,R,12355,14,TOCO01,4527,2012-10-05 06:54:20,2012-10-05 06:54:15,27,24,0,1,8,0,0,0,0,0,1,0,0,0,0,0,0,N,N,N
2012-10-05 00:00:00,28,28-3,27146990,20481,7,R,12355,15,WTC01,4751,2012-10-05 06:55:04,2012-10-05 06:55:13,27,24,0,1,7,0,0,0,1,0,0,0,0,0,0,0,0,N,N,N
2012-10-05 00:00:00,28,28-3,27146990,20481,7,R,12355,16,AERO02,5131,2012-10-05 06:56:20,2012-10-05 06:56:45,27,24,2,2,7,0,0,1,1,1,1,0,0,0,0,0,0,N,N,N
2012-10-05 00:00:00,28,28-3,27146990,20481,7,R,12355,17,AREN01,5432,2012-10-05 06:57:05,2012-10-05 06:58:05,27,24,2,0,9,0,0,0,0,2,0,0,0,0,0,0,0,N,N,N
2012-10-05 00:00:00,28,28-3,27146990,20481,7,R,12355,18,PXPO04,6008,2012-10-05 06:58:33,2012-10-05 06:59:39,27,24,0,1,8,0,0,0,1,0,0,0,0,0,0,0,0,N,N,N
2012-10-05 00:00:00,28,28-3,27146990,20481,7,R,12355,19,FRET01,7133,2012-10-05 07:01:24,2012-10-05 07:01:54,27,24,0,4,4,0,0,0,2,0,2,0,0,0,0,0,0,N,N,N
2012-10-05 00:00:00,28,28-3,27146990,20481,7,R,12355,20,TRTI01,7873,2012-10-05 07:03:17,2012-10-05 07:05:18,27,24,6,4,6,6,3,0,1,0,0,0,0,0,0,0,0,N,N,N
2012-10-05 00:00:00,28,28-3,27146990,20481,7,R,12355,21,PR4701,8564,2012-10-05 07:05:02,2012-10-05 07:07:25,27,24,0,1,5,0,0,0,1,0,0,0,0,0,0,0,0,N,N,N
2012-10-05 00:00:00,28,28-3,27146990,20481,7,R,12355,22,SUSE01,8775,2012-10-05 07:05:35,2012-10-05 07:08:04,27,24,1,0,6,0,0,1,0,0,0,0,0,0,0,0,0,N,N,N
2012-10-05 00:00:00,28,28-3,27146990,20481,7,R,12355,23,GSAC01,9201,2012-10-05 07:06:40,2012-10-05 07:10:21,27,24,1,0,7,0,0,0,0,1,0,0,0,0,0,0,0,N,N,N
2012-10-05 00:00:00,28,28-3,27146990,20481,7,R,12355,24,POMI01,9531,2012-10-05 07:07:27,2012-10-05 07:11:26,27,24,0,0,7,0,0,0,0,0,0,0,0,0,0,0,0,N,N,N
2012-10-05 00:00:00,28,28-3,27146990,20481,7,R,12355,25,MORL01,9977,2012-10-05 07:08:30,2012-10-05 07:12:13,27,24,0,0,7,0,0,0,0,0,0,0,0,0,0,0,0,N,N,N
2012-10-05 00:00:00,28,28-3,27146990,20481,7,R,12355,26,VICH01,10396,2012-10-05 07:09:30,2012-10-05 07:13:02,27,24,0,0,7,0,0,0,0,0,0,0,0,0,0,0,0,N,N,N
2012-10-05 00:00:00,28,28-3,27146990,20481,7,R,12355,27,BIT00,10666,2012-10-05 07:10:08,2012-10-05 07:13:45,27,24,0,0,7,0,0,0,0,0,0,0,0,0,0,0,0,N,N,N
2012-10-05 00:00:00,28,28-3,27146990,20481,7,R,12355,28,APIA00,11175,2012-10-05 07:11:21,2012-10-05 07:14:44,27,24,0,0,7,0,0,0,0,0,0,0,0,0,0,0,0,N,N,N
2012-10-05 00:00:00,28,28-3,27146990,20481,7,R,12355,29,NATI12,11727,2012-10-05 07:12:40,2012-10-05 07:16:10,27,24,0,1,6,0,0,0,0,0,1,0,0,0,0,0,0,N,N,N
2012-10-05 00:00:00,28,28-3,27146990,20481,7,R,12355,30,RIGO01,12120,2012-10-05 07:13:17,2012-10-05 07:17:07,27,24,0,1,5,0,0,0,1,0,0,0,0,0,0,0,0,N,N,N
2012-10-05 00:00:00,28,28-3,27146990,20481,7,R,12355,31,JARB01,12355,2012-10-05 07:13:40,2012-10-05 07:17:36,27,24,0,2,3,0,2,0,0,0,0,0,0,0,0,0,0,N,N,N
2012-10-05 00:00:00,28,28-3,27146992,20481,4,A,11388,1,JARB02,0,2012-10-05 07:30:00,2012-10-05 07:30:23,33,32,4,0,4,2,0,1,0,1,0,0,0,0,0,0,0,N,N,N
2012-10-05 00:00:00,28,28-3,27146992,20481,4,A,11388,2,RIGO00,198,2012-10-05 07:30:36,2012-10-05 07:31:10,33,32,2,0,6,0,0,2,0,0,0,0,0,0,0,0,0,N,N,N
2012-10-05 00:00:00,28,28-3,27146992,20481,4,A,11388,3,NATI18,545,2012-10-05 07:31:40,2012-10-05 07:32:12,33,32,2,0,8,0,0,1,0,1,0,0,0,0,0,0,0,N,N,N
2012-10-05 00:00:00,28,28-3,27146992,20481,4,A,11388,4,APIA01,1162,2012-10-05 07:33:35,2012-10-05 07:34:14,33,32,0,2,6,0,0,0,2,0,0,0,0,0,0,0,0,N,N,N
2012-10-05 00:00:00,28,28-3,27146992,20481,4,A,11388,5,BIT01,1655,2012-10-05 07:35:06,2012-10-05 07:35:27,33,32,1,0,7,0,0,0,0,1,0,0,0,0,0,0,0,N,N,N
2012-10-05 00:00:00,28,28-3,27146992,20481,4,A,11388,6,VICH00,1899,2012-10-05 07:35:52,2012-10-05 07:36:17,33,32,0,1,6,0,0,0,0,0,1,0,0,0,0,0,0,N,N,N
2012-10-05 00:00:00,28,28-3,27146992,20481,4,A,11388,7,MORL00,2423,2012-10-05 07:37:30,2012-10-05 07:37:25,33,32,0,0,6,0,0,0,0,0,0,0,0,0,0,0,0,N,N,N
2012-10-05 00:00:00,28,28-3,27146992,20481,4,A,11388,8,POMI00,2717,2012-10-05 07:38:24,2012-10-05 07:38:27,33,32,1,0,7,0,0,1,0,0,0,0,0,0,0,0,0,N,N,N
2012-10-05 00:00:00,28,28-3,27146992,20481,4,A,11388,9,GSAC00,3120,2012-10-05 07:39:40,2012-10-05 07:39:34,33,32,0,0,7,0,0,0,0,0,0,0,0,0,0,0,0,N,N,N
2012-10-05 00:00:00,28,28-3,27146992,20481,4,A,11388,10,SUSE00,3627,2012-10-05 07:41:00,2012-10-05 07:40:49,33,32,0,0,7,0,0,0,0,0,0,0,0,0,0,0,0,N,N,N
2012-10-05 00:00:00,28,28-3,27146992,20481,4,A,11388,11,PR4700,3747,2012-10-05 07:41:19,2012-10-05 07:41:09,33,32,0,0,7,0,0,0,0,0,0,0,0,0,0,0,0,N,N,N
2012-10-05 00:00:00,28,28-3,27146992,20481,4,A,11388,12,TRTI00,4459,2012-10-05 07:43:11,2012-10-05 07:44:21,33,32,3,0,10,0,0,2,0,1,0,0,0,0,0,0,0,N,N,N
2012-10-05 00:00:00,28,28-3,27146992,20481,4,A,11388,13,FRET00,5228,2012-10-05 07:45:13,2012-10-05 07:45:47,33,32,0,3,7,0,0,0,0,0,3,0,0,0,0,0,0,N,N,N
2012-10-05 00:00:00,28,28-3,27146992,20481,4,A,11388,14,BTAI00,5551,2012-10-05 07:46:04,2012-10-05 07:46:36,33,32,0,0,7,0,0,0,0,0,0,0,0,0,0,0,0,N,N,N
2012-10-05 00:00:00,28,28-3,27146992,20481,4,A,11388,15,AREN00,5948,2012-10-05 07:47:07,2012-10-05 07:47:25,33,32,0,0,7,0,0,0,0,0,0,0,0,0,0,0,0,N,N,N
2012-10-05 00:00:00,28,28-3,27146992,20481,4,A,11388,16,AERO05,6282,2012-10-05 07:48:00,2012-10-05 07:48:47,33,32,1,3,5,1,0,0,2,0,1,0,0,0,0,0,0,N,N,N
2012-10-05 00:00:00,28,28-3,27146992,20481,4,A,11388,17,WTC00,6665,2012-10-05 07:49:25,2012-10-05 07:50:58,33,32,5,6,4,4,0,1,6,0,0,0,0,0,0,0,0,N,N,N
2012-10-05 00:00:00,28,28-3,27146992,20481,4,A,11388,18,TOCO00,6878,,2012-10-05 07:51:50,33,32,3,0,7,0,0,2,0,1,0,0,0,0,0,0,0,N,Y,Y
2012-10-05 00:00:00,28,28-3,27146992,20481,4,A,11388,19,ICC00,7237,2012-10-05 07:51:32,2012-10-05 07:52:50,33,32,1,1,7,0,0,1,1,0,0,0,0,0,0,0,0,N,N,N
2012-10-05 00:00:00,28,28-3,27146992,20481,4,A,11388,20,GDHA00,7477,2012-10-05 07:52:25,2012-10-05 07:53:19,33,32,0,0,7,0,0,0,0,0,0,0,0,0,0,0,0,N,N,N
2012-10-05 00:00:00,28,28-3,27146992,20481,4,A,11388,21,BLDO01,7813,2012-10-05 07:53:40,2012-10-05 07:55:00,33,32,1,1,7,0,0,0,1,1,0,0,0,0,0,0,0,N,N,N
2012-10-05 00:00:00,28,28-3,27146992,20481,4,A,11388,22,RENF00,8145,2012-10-05 07:55:00,2012-10-05 07:55:47,33,32,0,0,7,0,0,0,0,0,0,0,0,0,0,0,0,N,N,N
2012-10-05 00:00:00,28,28-3,27146992,20481,4,A,11388,23,CROI00,8418,2012-10-05 07:56:40,2012-10-05 07:58:41,33,32,6,0,13,0,0,1,0,5,0,0,0,0,0,0,0,N,N,N
2012-10-05 00:00:00,28,28-3,27146992,20481,4,A,11388,24,CHCL00,8776,2012-10-05 07:57:43,2012-10-05 07:59:56,33,32,1,2,12,0,0,1,1,0,1,0,0,0,0,0,0,N,N,N
2012-10-05 00:00:00,28,28-3,27146992,20481,4,A,11388,25,VEEC00,9090,2012-10-05 07:58:40,2012-10-05 08:01:13,33,32,1,6,7,0,0,0,2,1,4,0,0,0,0,0,0,N,N,N
2012-10-05 00:00:00,28,28-3,27146992,20481,4,A,11388,26,VEMA00,9464,2012-10-05 08:00:02,2012-10-05 08:02:15,33,32,0,0,7,0,0,0,0,0,0,0,0,0,0,0,0,N,N,N
2012-10-05 00:00:00,28,28-3,27146992,20481,4,A,11388,27,VEVI02,9814,2012-10-05 08:01:20,2012-10-05 08:03:23,33,32,1,0,8,0,0,1,0,0,0,0,0,0,0,0,0,N,Y,Y
2012-10-05 00:00:00,28,28-3,27146992,20481,4,A,11388,28,PRGR01,10191,2012-10-05 08:01:58,2012-10-05 08:04:01,33,32,0,0,8,0,0,0,0,0,0,0,0,0,0,0,0,N,N,N
2012-10-05 00:00:00,28,28-3,27146992,20481,4,A,11388,29,BOLX01,10358,2012-10-05 08:02:15,2012-10-05 08:04:15,33,32,0,0,8,0,0,0,0,0,0,0,0,0,0,0,0,N,N,N
2012-10-05 00:00:00,28,28-3,27146992,20481,4,A,11388,30,CEBE00,10834,2012-10-05 08:03:03,2012-10-05 08:05:06,33,32,0,0,8,0,0,0,0,0,0,0,0,0,0,0,0,N,N,N
2012-10-05 00:00:00,28,28-3,27146992,20481,4,A,11388,31,PFUM00,11388,2012-10-05 08:04:00,2012-10-05 08:05:57,33,32,0,7,1,0,0,0,5,0,2,0,0,0,0,0,0,N,N,N
2012-10-05 00:00:00,28,28-3,27146993,20481,7,R,12355,1,PFUM00,0,2012-10-05 08:09:00,2012-10-05 08:09:24,47,47,1,0,1,0,0,0,0,1,0,0,0,0,0,0,0,N,N,N
2012-10-05 00:00:00,28,28-3,27146993,20481,7,R,12355,2,CEBE01,614,2012-10-05 08:10:40,2012-10-05 08:11:06,47,47,1,0,2,0,0,0,0,1,0,0,0,0,0,0,0,N,N,N
2012-10-05 00:00:00,28,28-3,27146993,20481,7,R,12355,3,BOLX00,1095,,2012-10-05 08:12:45,47,47,1,0,3,0,0,1,0,0,0,0,0,0,0,0,0,N,Y,Y
2012-10-05 00:00:00,28,28-3,27146993,20481,7,R,12355,4,PRGR00,1278,2012-10-05 08:12:28,2012-10-05 08:13:22,47,47,2,0,5,0,0,1,0,1,0,0,0,0,0,0,0,N,N,N
2012-10-05 00:00:00,28,28-3,27146993,20481,7,R,12355,5,VEVI00,1590,2012-10-05 08:13:20,2012-10-05 08:14:13,47,47,1,2,4,0,0,1,1,0,1,0,0,0,0,0,0,N,N,N
2012-10-05 00:00:00,28,28-3,27146993,20481,7,R,12355,6,VEMA01,1940,2012-10-05 08:14:33,2012-10-05 08:15:32,47,47,3,0,7,0,0,2,0,1,0,0,0,0,0,0,0,N,N,N
2012-10-05 00:00:00,28,28-3,27146993,20481,7,R,12355,7,VEEC01,2350,2012-10-05 08:16:00,2012-10-05 08:16:44,47,47,2,0,9,0,0,1,0,1,0,0,0,0,0,0,0,N,N,N
2012-10-05 00:00:00,28,28-3,27146993,20481,7,R,12355,8,CHCL01,2639,2012-10-05 08:17:11,2012-10-05 08:17:53,47,47,2,0,11,0,0,1,0,1,0,0,0,0,0,0,0,N,N,N
2012-10-05 00:00:00,28,28-3,27146993,20481,7,R,12355,9,CROI01,3001,2012-10-05 08:18:40,2012-10-05 08:18:45,47,47,1,0,12,1,0,0,0,0,0,0,0,0,0,0,0,N,N,N
2012-10-05 00:00:00,28,28-3,27146993,20481,7,R,12355,10,RENF02,3272,2012-10-05 08:21:20,2012-10-05 08:21:16,47,47,1,0,13,0,0,1,0,0,0,0,0,0,0,0,0,N,N,N
2012-10-05 00:00:00,28,28-3,27146993,20481,7,R,12355,11,BLDO02,3612,2012-10-05 08:23:20,2012-10-05 08:23:47,47,47,3,6,10,0,1,2,5,1,0,0,0,0,0,0,0,N,N,N
2012-10-05 00:00:00,28,28-3,27146993,20481,7,R,12355,12,GDHA01,3934,2012-10-05 08:24:36,2012-10-05 08:24:56,47,47,12,1,21,1,0,4,1,7,0,0,0,0,0,0,0,N,N,N
2012-10-05 00:00:00,28,28-3,27146993,20481,7,R,12355,13,ICC01,4194,2012-10-05 08:25:37,2012-10-05 08:25:33,47,47,0,0,21,0,0,0,0,0,0,0,0,0,0,0,0,N,N,N
2012-10-05 00:00:00,28,28-3,27146993,20481,7,R,12355,14,TOCO01,4527,2012-10-05 08:26:56,2012-10-05 08:26:42,47,47,0,0,21,0,0,0,0,0,0,0,0,0,0,0,0,N,N,N
2012-10-05 00:00:00,28,28-3,27146993,20481,7,R,12355,15,WTC01,4751,2012-10-05 08:27:49,2012-10-05 08:27:39,47,47,1,0,22,0,0,1,0,0,0,0,0,0,0,0,0,N,N,N
2012-10-05 00:00:00,28,28-3,27146993,20481,7,R,12355,16,AERO02,5131,2012-10-05 08:29:20,2012-10-05 08:29:19,47,47,2,0,24,0,0,2,0,0,0,0,0,0,0,0,0,N,N,N
2012-10-05 00:00:00,28,28-3,27146993,20481,7,R,12355,17,AREN01,5432,2012-10-05 08:30:08,2012-10-05 08:30:53,47,47,4,0,28,0,0,4,0,0,0,0,0,0,0,0,0,N,N,N
2012-10-05 00:00:00,28,28-3,27146993,20481,7,R,12355,18,PXPO04,6008,2012-10-05 08:31:42,2012-10-05 08:32:35,47,47,0,13,15,0,0,0,8,0,5,0,0,0,0,0,0,N,N,N
2012-10-05 00:00:00,28,28-3,27146993,20481,7,R,12355,19,FRET01,7133,2012-10-05 08:34:44,2012-10-05 08:34:53,47,47,0,4,11,0,1,0,3,0,0,0,0,0,0,0,0,N,N,N
2012-10-05 00:00:00,28,28-3,27146993,20481,7,R,12355,20,TRTI01,7873,2012-10-05 08:36:44,2012-10-05 08:36:27,47,47,0,1,10,0,1,0,0,0,0,0,0,0,0,0,0,N,N,N
2012-10-05 00:00:00,28,28-3,27146993,20481,7,R,12355,21,PR4701,8564,2012-10-05 08:38:36,2012-10-05 08:38:28,47,47,1,0,11,0,0,1,0,0,0,0,0,0,0,0,0,N,N,N
2012-10-05 00:00:00,28,28-3,27146993,20481,7,R,12355,22,SUSE01,8775,2012-10-05 08:39:10,2012-10-05 08:39:15,47,47,4,1,14,0,0,2,0,2,1,0,0,0,0,0,0,N,N,N
2012-10-05 00:00:00,28,28-3,27146993,20481,7,R,12355,23,GSAC01,9201,2012-10-05 08:40:20,2012-10-05 08:41:04,47,47,3,0,17,0,0,3,0,0,0,0,0,0,0,0,0,N,N,N
2012-10-05 00:00:00,28,28-3,27146993,20481,7,R,12355,24,POMI01,9531,2012-10-05 08:41:33,2012-10-05 08:42:39,47,47,1,1,17,0,0,0,1,1,0,0,0,0,0,0,0,N,N,N
2012-10-05 00:00:00,28,28-3,27146993,20481,7,R,12355,25,MORL01,9977,2012-10-05 08:43:12,2012-10-05 08:43:32,47,47,0,0,17,0,0,0,0,0,0,0,0,0,0,0,0,N,N,N
2012-10-05 00:00:00,28,28-3,27146993,20481,7,R,12355,26,VICH01,10396,2012-10-05 08:44:44,2012-10-05 08:44:31,47,47,0,5,12,0,0,0,2,0,3,0,0,0,0,0,0,N,N,N
2012-10-05 00:00:00,28,28-3,27146993,20481,7,R,12355,27,BIT00,10666,2012-10-05 08:45:44,2012-10-05 08:45:30,47,47,0,3,9,0,1,0,2,0,0,0,0,0,0,0,0,N,N,N
2012-10-05 00:00:00,28,28-3,27146993,20481,7,R,12355,28,APIA00,11175,2012-10-05 08:47:37,2012-10-05 08:47:20,47,47,1,0,10,0,0,1,0,0,0,0,0,0,0,0,0,N,N,N
2012-10-05 00:00:00,28,28-3,27146993,20481,7,R,12355,29,NATI12,11727,2012-10-05 08:49:40,2012-10-05 08:50:03,47,47,0,3,7,0,1,0,2,0,0,0,0,0,0,0,0,N,N,N
2012-10-05 00:00:00,28,28-3,27146993,20481,7,R,12355,30,RIGO01,12120,2012-10-05 08:50:30,2012-10-05 08:51:00,47,47,0,1,6,0,0,0,0,0,1,0,0,0,0,0,0,N,N,N
2012-10-05 00:00:00,28,28-3,27146993,20481,7,R,12355,31,JARB01,12355,2012-10-05 08:51:00,2012-10-05 08:51:34,47,47,0,6,0,0,1,0,2,0,3,0,0,0,0,0,0,N,N,N
2012-10-05 00:00:00,28,28-3,27146995,20481,4,A,11388,1,JARB02,0,2012-10-05 09:00:00,2012-10-05 09:00:27,27,26,8,0,8,1,0,3,0,4,0,0,0,0,0,0,0,N,N,N
2012-10-05 00:00:00,28,28-3,27146995,20481,4,A,11388,2,RIGO00,198,2012-10-05 09:00:36,2012-10-05 09:01:15,27,26,0,0,8,0,0,0,0,0,0,0,0,0,0,0,0,N,N,N
2012-10-05 00:00:00,28,28-3,27146995,20481,4,A,11388,3,NATI18,545,2012-10-05 09:01:40,2012-10-05 09:02:18,27,26,2,0,10,1,0,1,0,0,0,0,0,0,0,0,0,N,N,N
2012-10-05 00:00:00,28,28-3,27146995,20481,4,A,11388,4,APIA01,1162,2012-10-05 09:03:35,2012-10-05 09:04:03,27,26,0,1,9,0,0,0,0,0,1,0,0,0,0,0,0,N,N,N
2012-10-05 00:00:00,28,28-3,27146995,20481,4,A,11388,5,BIT01,1655,2012-10-05 09:05:06,2012-10-05 09:05:13,27,26,0,2,7,0,0,0,2,0,0,0,0,0,0,0,0,N,N,N
2012-10-05 00:00:00,28,28-3,27146995,20481,4,A,11388,6,VICH00,1899,2012-10-05 09:05:52,2012-10-05 09:06:17,27,26,0,5,2,0,2,0,3,0,0,0,0,0,0,0,0,N,N,N
2012-10-05 00:00:00,28,28-3,27146995,20481,4,A,11388,7,MORL00,2423,2012-10-05 09:07:30,2012-10-05 09:07:31,27,26,0,0,2,0,0,0,0,0,0,0,0,0,0,0,0,N,N,N
2012-10-05 00:00:00,28,28-3,27146995,20481,4,A,11388,8,POMI00,2717,2012-10-05 09:08:24,2012-10-05 09:08:56,27,26,1,0,3,0,0,1,0,0,0,0,0,0,0,0,0,N,N,N
2012-10-05 00:00:00,28,28-3,27146995,20481,4,A,11388,9,GSAC00,3120,2012-10-05 09:09:40,2012-10-05 09:10:44,27,26,3,0,6,0,0,2,0,1,0,0,0,0,0,0,0,N,N,N
2012-10-05 00:00:00,28,28-3,27146995,20481,4,A,11388,10,SUSE00,3627,2012-10-05 09:11:03,2012-10-05 09:12:12,27,26,3,2,7,1,0,1,1,1,1,0,0,0,0,0,0,N,N,N
2012-10-05 00:00:00,28,28-3,27146995,20481,4,A,11388,11,PR4700,3747,2012-10-05 09:11:23,2012-10-05 09:12:51,27,26,1,0,8,0,0,1,0,0,0,0,0,0,0,0,0,N,Y,Y
2012-10-05 00:00:00,28,28-3,27146995,20481,4,A,11388,12,TRTI00,4459,2012-10-05 09:13:20,2012-10-05 09:14:49,27,26,1,0,9,0,0,1,0,0,0,0,0,0,0,0,0,N,N,N
2012-10-05 00:00:00,28,28-3,27146995,20481,4,A,11388,13,FRET00,5228,2012-10-05 09:15:26,2012-10-05 09:16:15,27,26,0,1,8,0,0,0,1,0,0,0,0,0,0,0,0,N,N,N
2012-10-05 00:00:00,28,28-3,27146995,20481,4,A,11388,14,BTAI00,5551,2012-10-05 09:16:19,2012-10-05 09:17:05,27,26,0,0,8,0,0,0,0,0,0,0,0,0,0,0,0,N,N,N
2012-10-05 00:00:00,28,28-3,27146995,20481,4,A,11388,15,AREN00,5948,2012-10-05 09:17:25,2012-10-05 09:18:19,27,26,0,0,8,0,0,0,0,0,0,0,0,0,0,0,0,N,N,N
2012-10-05 00:00:00,28,28-3,27146995,20481,4,A,11388,16,AERO05,6282,2012-10-05 09:18:20,2012-10-05 09:19:39,27,26,1,1,8,0,0,1,1,0,0,0,0,0,0,0,0,N,N,N
2012-10-05 00:00:00,28,28-3,27146995,20481,4,A,11388,17,WTC00,6665,2012-10-05 09:19:45,2012-10-05 09:21:06,27,26,1,3,6,1,0,0,3,0,0,0,0,0,0,0,0,N,N,N
2012-10-05 00:00:00,28,28-3,27146995,20481,4,A,11388,18,TOCO00,6878,,2012-10-05 09:22:01,27,26,0,1,5,0,1,0,0,0,0,0,0,0,0,0,0,N,Y,Y
2012-10-05 00:00:00,28,28-3,27146995,20481,4,A,11388,19,ICC00,7237,2012-10-05 09:21:52,2012-10-05 09:22:45,27,26,0,1,4,0,0,0,0,0,1,0,0,0,0,0,0,N,N,N
2012-10-05 00:00:00,28,28-3,27146995,20481,4,A,11388,20,GDHA00,7477,2012-10-05 09:22:45,2012-10-05 09:23:42,27,26,0,1,3,0,0,0,1,0,0,0,0,0,0,0,0,N,N,N
2012-10-05 00:00:00,28,28-3,27146995,20481,4,A,11388,21,BLDO01,7813,2012-10-05 09:24:00,2012-10-05 09:25:08,27,26,1,3,1,0,1,0,2,1,0,0,0,0,0,0,0,N,N,N
2012-10-05 00:00:00,28,28-3,27146995,20481,4,A,11388,22,RENF00,8145,2012-10-05 09:25:20,2012-10-05 09:25:54,27,26,0,0,1,0,0,0,0,0,0,0,0,0,0,0,0,N,N,N
2012-10-05 00:00:00,28,28-3,27146995,20481,4,A,11388,23,CROI00,8418,2012-10-05 09:27:00,2012-10-05 09:27:09,27,26,4,0,5,0,0,3,0,1,0,0,0,0,0,0,0,N,N,N
2012-10-05 00:00:00,28,28-3,27146995,20481,4,A,11388,24,CHCL00,8776,2012-10-05 09:28:03,2012-10-05 09:28:19,27,26,1,0,6,0,0,0,0,1,0,0,0,0,0,0,0,N,N,N
2012-10-05 00:00:00,28,28-3,27146995,20481,4,A,11388,25,VEEC00,9090,2012-10-05 09:29:00,2012-10-05 09:29:28,27,26,0,4,2,0,1,0,3,0,0,0,0,0,0,0,0,N,N,N
2012-10-05 00:00:00,28,28-3,27146995,20481,4,A,11388,26,VEMA00,9464,2012-10-05 09:30:12,2012-10-05 09:30:27,27,26,0,0,2,0,0,0,0,0,0,0,0,0,0,0,0,N,N,N
2012-10-05 00:00:00,28,28-3,27146995,20481,4,A,11388,27,VEVI02,9814,2012-10-05 09:31:20,2012-10-05 09:31:21,27,26,0,0,2,0,0,0,0,0,0,0,0,0,0,0,0,N,Y,Y
2012-10-05 00:00:00,28,28-3,27146995,20481,4,A,11388,28,PRGR01,10191,2012-10-05 09:31:58,2012-10-05 09:32:01,27,26,0,0,2,0,0,0,0,0,0,0,0,0,0,0,0,N,N,N
2012-10-05 00:00:00,28,28-3,27146995,20481,4,A,11388,29,BOLX01,10358,2012-10-05 09:32:15,2012-10-05 09:32:16,27,26,0,0,2,0,0,0,0,0,0,0,0,0,0,0,0,N,N,N
2012-10-05 00:00:00,28,28-3,27146995,20481,4,A,11388,30,CEBE00,10834,2012-10-05 09:33:03,2012-10-05 09:33:16,27,26,0,1,1,0,0,0,0,0,1,0,0,0,0,0,0,N,N,N
2012-10-05 00:00:00,28,28-3,27146995,20481,4,A,11388,31,PFUM00,11388,2012-10-05 09:34:00,2012-10-05 09:34:09,27,26,0,0,1,0,0,0,0,0,0,0,0,0,0,0,0,N,N,N
2012-10-05 00:00:00,28,28-7,27147093,20481,7,R,12355,1,PFUM00,0,2012-10-05 15:33:00,2012-10-05 15:34:55,44,45,9,4,5,9,4,0,0,0,0,0,0,0,0,0,0,N,N,N
2012-10-05 00:00:00,28,28-7,27147093,20481,7,R,12355,2,CEBE01,614,2012-10-05 15:34:24,2012-10-05 15:36:17,44,45,0,0,5,0,0,0,0,0,0,0,0,0,0,0,0,N,N,N
2012-10-05 00:00:00,28,28-7,27147093,20481,7,R,12355,3,BOLX00,1095,,2012-10-05 15:37:28,44,45,2,0,7,0,0,2,0,0,0,0,0,0,0,0,0,N,Y,Y
2012-10-05 00:00:00,28,28-7,27147093,20481,7,R,12355,4,PRGR00,1278,2012-10-05 15:35:56,2012-10-05 15:37:51,44,45,0,0,7,0,0,0,0,0,0,0,0,0,0,0,0,N,N,N
2012-10-05 00:00:00,28,28-7,27147093,20481,7,R,12355,5,VEVI00,1590,2012-10-05 15:36:40,2012-10-05 15:38:34,44,45,1,1,7,0,0,1,1,0,0,0,0,0,0,0,0,N,N,N
2012-10-05 00:00:00,28,28-7,27147093,20481,7,R,12355,6,VEMA01,1940,2012-10-05 15:37:44,2012-10-05 15:39:43,44,45,2,0,9,0,0,2,0,0,0,0,0,0,0,0,0,N,N,N
2012-10-05 00:00:00,28,28-7,27147093,20481,7,R,12355,7,VEEC01,2350,2012-10-05 15:39:00,2012-10-05 15:40:54,44,45,5,0,14,1,0,3,0,1,0,0,0,0,0,0,0,N,N,N
2012-10-05 00:00:00,28,28-7,27147093,20481,7,R,12355,8,CHCL01,2639,2012-10-05 15:40:02,2012-10-05 15:41:50,44,45,3,0,17,0,0,2,0,1,0,0,0,0,0,0,0,N,N,N
2012-10-05 00:00:00,28,28-7,27147093,20481,7,R,12355,9,CROI01,3001,2012-10-05 15:41:20,2012-10-05 15:42:57,44,45,2,1,18,0,0,2,0,0,1,0,0,0,0,0,0,N,N,N
2012-10-05 00:00:00,28,28-7,27147093,20481,7,R,12355,10,RENF02,3272,2012-10-05 15:44:00,2012-10-05 15:45:16,44,45,2,1,19,0,0,2,1,0,0,0,0,0,0,0,0,N,N,N
2012-10-05 00:00:00,28,28-7,27147093,20481,7,R,12355,11,BLDO02,3612,2012-10-05 15:46:00,2012-10-05 15:47:19,44,45,7,10,16,1,0,5,7,1,3,0,0,0,0,0,0,N,N,N
2012-10-05 00:00:00,28,28-7,27147093,20481,7,R,12355,12,GDHA01,3934,2012-10-05 15:47:12,2012-10-05 15:47:59,44,45,0,0,16,0,0,0,0,0,0,0,0,0,0,0,0,N,N,N
2012-10-05 00:00:00,28,28-7,27147093,20481,7,R,12355,13,ICC01,4194,2012-10-05 15:48:10,2012-10-05 15:48:54,44,45,2,0,18,0,0,1,0,1,0,0,0,0,0,0,0,N,N,N
2012-10-05 00:00:00,28,28-7,27147093,20481,7,R,12355,14,TOCO01,4527,2012-10-05 15:49:24,2012-10-05 15:50:31,44,45,1,1,18,0,0,1,0,0,1,0,0,0,0,0,0,N,N,N
2012-10-05 00:00:00,28,28-7,27147093,20481,7,R,12355,15,WTC01,4751,2012-10-05 15:50:14,2012-10-05 15:51:28,44,45,0,5,13,0,0,0,4,0,1,0,0,0,0,0,0,N,N,N
2012-10-05 00:00:00,28,28-7,27147093,20481,7,R,12355,16,AERO02,5131,2012-10-05 15:51:40,2012-10-05 15:52:59,44,45,0,8,5,0,0,0,7,0,1,0,0,0,0,0,0,N,N,N
2012-10-05 00:00:00,28,28-7,27147093,20481,7,R,12355,17,AREN01,5432,2012-10-05 15:52:25,2012-10-05 15:54:14,44,45,0,0,5,0,0,0,0,0,0,0,0,0,0,0,0,N,N,N
2012-10-05 00:00:00,28,28-7,27147093,20481,7,R,12355,18,PXPO04,6008,2012-10-05 15:53:53,2012-10-05 15:55:52,44,45,0,0,5,0,0,0,0,0,0,0,0,0,0,0,0,N,N,N
2012-10-05 00:00:00,28,28-7,27147093,20481,7,R,12355,19,FRET01,7133,2012-10-05 15:56:44,2012-10-05 15:58:15,44,45,0,0,5,0,0,0,0,0,0,0,0,0,0,0,0,N,N,N
2012-10-05 00:00:00,28,28-7,27147093,20481,7,R,12355,20,TRTI01,7873,2012-10-05 15:58:37,2012-10-05 16:00:09,44,45,0,0,5,0,0,0,0,0,0,0,0,0,0,0,0,N,N,N
2012-10-05 00:00:00,28,28-7,27147093,20481,7,R,12355,21,PR4701,8564,2012-10-05 16:00:22,2012-10-05 16:01:57,44,45,3,0,8,0,0,3,0,0,0,0,0,0,0,0,0,N,N,N
2012-10-05 00:00:00,28,28-7,27147093,20481,7,R,12355,22,SUSE01,8775,2012-10-05 16:00:55,2012-10-05 16:02:31,44,45,0,0,8,0,0,0,0,0,0,0,0,0,0,0,0,N,N,N
2012-10-05 00:00:00,28,28-7,27147093,20481,7,R,12355,23,GSAC01,9201,2012-10-05 16:02:00,2012-10-05 16:03:49,44,45,2,1,9,0,0,1,1,1,0,0,0,0,0,0,0,N,N,N
2012-10-05 00:00:00,28,28-7,27147093,20481,7,R,12355,24,POMI01,9531,2012-10-05 16:02:57,2012-10-05 16:04:46,44,45,1,2,8,0,0,1,1,0,1,0,0,0,0,0,0,N,N,N
2012-10-05 00:00:00,28,28-7,27147093,20481,7,R,12355,25,MORL01,9977,2012-10-05 16:04:15,2012-10-05 16:05:42,44,45,0,0,8,0,0,0,0,0,0,0,0,0,0,0,0,N,N,N
2012-10-05 00:00:00,28,28-7,27147093,20481,7,R,12355,26,VICH01,10396,2012-10-05 16:05:28,2012-10-05 16:06:37,44,45,1,0,9,0,0,0,0,1,0,0,0,0,0,0,0,N,N,N
2012-10-05 00:00:00,28,28-7,27147093,20481,7,R,12355,27,BIT00,10666,2012-10-05 16:06:15,2012-10-05 16:07:27,44,45,1,1,9,0,0,0,0,1,1,0,0,0,0,0,0,N,N,N
2012-10-05 00:00:00,28,28-7,27147093,20481,7,R,12355,28,APIA00,11175,2012-10-05 16:07:43,2012-10-05 16:08:17,44,45,0,1,8,0,1,0,0,0,0,0,0,0,0,0,0,N,N,N
2012-10-05 00:00:00,28,28-7,27147093,20481,7,R,12355,29,NATI12,11727,2012-10-05 16:09:20,2012-10-05 16:10:15,44,45,0,6,2,0,2,0,2,0,2,0,0,0,0,0,0,N,N,N
2012-10-05 00:00:00,28,28-7,27147093,20481,7,R,12355,30,RIGO01,12120,2012-10-05 16:10:10,2012-10-05 16:10:57,44,45,0,0,2,0,0,0,0,0,0,0,0,0,0,0,0,N,N,N
2012-10-05 00:00:00,28,28-7,27147093,20481,7,R,12355,31,JARB01,12355,2012-10-05 16:10:40,2012-10-05 16:11:27,44,45,0,3,0,0,3,0,0,0,0,0,0,0,0,0,0,N,N,N
2012-10-05 00:00:00,28,28-7,27147095,20481,4,A,11388,1,JARB02,0,2012-10-05 16:21:00,2012-10-05 16:21:27,40,39,13,0,13,7,0,4,0,2,0,0,0,0,0,0,0,N,N,N
2012-10-05 00:00:00,28,28-7,27147095,20481,4,A,11388,2,RIGO00,198,2012-10-05 16:21:36,2012-10-05 16:22:07,40,39,0,0,13,0,0,0,0,0,0,0,0,0,0,0,0,N,N,N
2012-10-05 00:00:00,28,28-7,27147095,20481,4,A,11388,3,NATI18,545,2012-10-05 16:22:40,2012-10-05 16:23:00,40,39,1,1,13,0,0,1,1,0,0,0,0,0,0,0,0,N,N,N
2012-10-05 00:00:00,28,28-7,27147095,20481,4,A,11388,4,APIA01,1162,2012-10-05 16:24:35,2012-10-05 16:24:47,40,39,0,0,13,0,0,0,0,0,0,0,0,0,0,0,0,N,N,N
2012-10-05 00:00:00,28,28-7,27147095,20481,4,A,11388,5,BIT01,1655,2012-10-05 16:26:06,2012-10-05 16:25:58,40,39,1,0,14,0,0,1,0,0,0,0,0,0,0,0,0,N,N,N
2012-10-05 00:00:00,28,28-7,27147095,20481,4,A,11388,6,VICH00,1899,2012-10-05 16:26:52,2012-10-05 16:27:21,40,39,5,0,19,0,0,4,0,1,0,0,0,0,0,0,0,N,N,N
2012-10-05 00:00:00,28,28-7,27147095,20481,4,A,11388,7,MORL00,2423,2012-10-05 16:28:30,2012-10-05 16:29:02,40,39,1,3,17,1,0,0,3,0,0,0,0,0,0,0,0,N,N,N
2012-10-05 00:00:00,28,28-7,27147095,20481,4,A,11388,8,POMI00,2717,2012-10-05 16:29:24,2012-10-05 16:29:48,40,39,0,0,17,0,0,0,0,0,0,0,0,0,0,0,0,N,N,N
2012-10-05 00:00:00,28,28-7,27147095,20481,4,A,11388,9,GSAC00,3120,2012-10-05 16:30:40,2012-10-05 16:33:40,40,39,1,1,17,1,0,0,1,0,0,0,0,0,0,0,0,N,N,N
2012-10-05 00:00:00,28,28-7,27147095,20481,4,A,11388,10,SUSE00,3627,2012-10-05 16:32:06,2012-10-05 16:35:07,40,39,0,3,14,0,0,0,1,0,2,0,0,0,0,0,0,N,N,N
2012-10-05 00:00:00,28,28-7,27147095,20481,4,A,11388,11,PR4700,3747,2012-10-05 16:32:27,2012-10-05 16:35:47,40,39,1,0,15,0,0,1,0,0,0,0,0,0,0,0,0,N,Y,Y
2012-10-05 00:00:00,28,28-7,27147095,20481,4,A,11388,12,TRTI00,4459,2012-10-05 16:34:28,2012-10-05 16:37:30,40,39,0,0,15,0,0,0,0,0,0,0,0,0,0,0,0,N,N,N
2012-10-05 00:00:00,28,28-7,27147095,20481,4,A,11388,13,FRET00,5228,2012-10-05 16:36:40,2012-10-05 16:38:41,40,39,0,0,15,0,0,0,0,0,0,0,0,0,0,0,0,N,N,N
2012-10-05 00:00:00,28,28-7,27147095,20481,4,A,11388,14,BTAI00,5551,2012-10-05 16:37:35,2012-10-05 16:39:18,40,39,0,0,15,0,0,0,0,0,0,0,0,0,0,0,0,N,N,N
2012-10-05 00:00:00,28,28-7,27147095,20481,4,A,11388,15,AREN00,5948,2012-10-05 16:38:42,2012-10-05 16:39:58,40,39,0,0,15,0,0,0,0,0,0,0,0,0,0,0,0,N,N,N
2012-10-05 00:00:00,28,28-7,27147095,20481,4,A,11388,16,AERO05,6282,2012-10-05 16:39:40,2012-10-05 16:41:41,40,39,0,7,8,0,2,0,2,0,3,0,0,0,0,0,0,N,N,N
2012-10-05 00:00:00,28,28-7,27147095,20481,4,A,11388,17,WTC00,6665,2012-10-05 16:41:05,2012-10-05 16:43:19,40,39,0,0,8,0,0,0,0,0,0,0,0,0,0,0,0,N,N,N
2012-10-05 00:00:00,28,28-7,27147095,20481,4,A,11388,18,TOCO00,6878,2012-10-05 16:41:52,2012-10-05 16:43:51,40,39,0,0,8,0,0,0,0,0,0,0,0,0,0,0,0,N,N,N
2012-10-05 00:00:00,28,28-7,27147095,20481,4,A,11388,19,ICC00,7237,2012-10-05 16:43:12,2012-10-05 16:44:39,40,39,0,0,8,0,0,0,0,0,0,0,0,0,0,0,0,N,N,N
2012-10-05 00:00:00,28,28-7,27147095,20481,4,A,11388,20,GDHA00,7477,2012-10-05 16:44:05,2012-10-05 16:45:16,40,39,0,0,8,0,0,0,0,0,0,0,0,0,0,0,0,N,N,N
2012-10-05 00:00:00,28,28-7,27147095,20481,4,A,11388,21,BLDO01,7813,2012-10-05 16:45:20,2012-10-05 16:46:27,40,39,5,4,9,4,0,1,3,0,1,0,0,0,0,0,0,N,N,N
2012-10-05 00:00:00,28,28-7,27147095,20481,4,A,11388,22,RENF00,8145,2012-10-05 16:47:40,2012-10-05 16:48:57,40,39,0,3,6,0,1,0,2,0,0,0,0,0,0,0,0,N,N,N
2012-10-05 00:00:00,28,28-7,27147095,20481,4,A,11388,23,CROI00,8418,2012-10-05 16:49:20,2012-10-05 16:50:12,40,39,4,1,9,1,1,3,0,0,0,0,0,0,0,0,0,N,N,N
2012-10-05 00:00:00,28,28-7,27147095,20481,4,A,11388,24,CHCL00,8776,2012-10-05 16:50:23,2012-10-05 16:51:10,40,39,1,3,7,1,0,0,3,0,0,0,0,0,0,0,0,N,N,N
2012-10-05 00:00:00,28,28-7,27147095,20481,4,A,11388,25,VEEC00,9090,2012-10-05 16:51:20,2012-10-05 16:52:02,40,39,1,2,6,0,1,0,1,1,0,0,0,0,0,0,0,N,N,N
2012-10-05 00:00:00,28,28-7,27147095,20481,4,A,11388,26,VEMA00,9464,2012-10-05 16:52:42,2012-10-05 16:53:30,40,39,2,3,5,0,1,2,1,0,1,0,0,0,0,0,0,N,N,N
2012-10-05 00:00:00,28,28-7,27147095,20481,4,A,11388,27,VEVI02,9814,2012-10-05 16:54:00,2012-10-05 16:54:27,40,39,3,1,7,0,0,2,1,1,0,0,0,0,0,0,0,N,N,N
2012-10-05 00:00:00,28,28-7,27147095,20481,4,A,11388,28,PRGR01,10191,2012-10-05 16:54:38,2012-10-05 16:55:07,40,39,1,0,8,1,0,0,0,0,0,0,0,0,0,0,0,N,N,N
2012-10-05 00:00:00,28,28-7,27147095,20481,4,A,11388,29,BOLX01,10358,2012-10-05 16:54:55,2012-10-05 16:55:53,40,39,0,4,4,0,0,0,4,0,0,0,0,0,0,0,0,N,N,N
2012-10-05 00:00:00,28,28-7,27147095,20481,4,A,11388,30,CEBE00,10834,2012-10-05 16:55:43,2012-10-05 16:56:58,40,39,0,2,2,0,0,0,0,0,2,0,0,0,0,0,0,N,N,N
2012-10-05 00:00:00,28,28-7,27147095,20481,4,A,11388,31,PFUM00,11388,2012-10-05 16:56:40,2012-10-05 16:57:44,40,39,0,1,1,0,1,0,0,0,0,0,0,0,0,0,0,N,N,N
2012-10-05 00:00:00,28,28-7,27147096,20481,7,R,12355,1,PFUM00,0,2012-10-05 17:02:00,2012-10-05 17:05:21,36,40,5,0,5,4,0,1,0,0,0,0,0,0,0,0,0,N,N,N
2012-10-05 00:00:00,28,28-7,27147096,20481,7,R,12355,2,CEBE01,614,2012-10-05 17:03:32,2012-10-05 17:06:47,36,40,3,0,8,0,0,3,0,0,0,0,0,0,0,0,0,N,N,N
2012-10-05 00:00:00,28,28-7,27147096,20481,7,R,12355,3,BOLX00,1095,,2012-10-05 17:08:09,36,40,3,0,11,0,0,2,0,1,0,0,0,0,0,0,0,N,Y,Y
2012-10-05 00:00:00,28,28-7,27147096,20481,7,R,12355,4,PRGR00,1278,2012-10-05 17:05:12,2012-10-05 17:08:31,36,40,0,0,11,0,0,0,0,0,0,0,0,0,0,0,0,N,N,N
2012-10-05 00:00:00,28,28-7,27147096,20481,7,R,12355,5,VEVI00,1590,2012-10-05 17:06:00,2012-10-05 17:09:16,36,40,1,2,10,1,0,0,2,0,0,0,0,0,0,0,0,N,N,N
2012-10-05 00:00:00,28,28-7,27147096,20481,7,R,12355,6,VEMA01,1940,2012-10-05 17:07:04,2012-10-05 17:10:00,36,40,0,0,10,0,0,0,0,0,0,0,0,0,0,0,0,N,N,N
2012-10-05 00:00:00,28,28-7,27147096,20481,7,R,12355,7,VEEC01,2350,2012-10-05 17:08:20,2012-10-05 17:11:13,36,40,1,3,8,0,0,0,3,1,0,0,0,0,0,0,0,N,N,N
2012-10-05 00:00:00,28,28-7,27147096,20481,7,R,12355,8,CHCL01,2639,2012-10-05 17:09:31,2012-10-05 17:12:13,36,40,4,1,11,1,0,2,0,1,1,0,0,0,0,0,0,N,N,N
2012-10-05 00:00:00,28,28-7,27147096,20481,7,R,12355,9,CROI01,3001,2012-10-05 17:11:00,2012-10-05 17:13:05,36,40,0,0,11,0,0,0,0,0,0,0,0,0,0,0,0,N,N,N
2012-10-05 00:00:00,28,28-7,27147096,20481,7,R,12355,10,RENF02,3272,2012-10-05 17:14:20,2012-10-05 17:15:16,36,40,0,0,11,0,0,0,0,0,0,0,0,0,0,0,0,N,N,N
2012-10-05 00:00:00,28,28-7,27147096,20481,7,R,12355,11,BLDO02,3612,2012-10-05 17:16:20,2012-10-05 17:17:16,36,40,3,4,10,0,0,3,4,0,0,0,0,0,0,0,0,N,N,N
2012-10-05 00:00:00,28,28-7,27147096,20481,7,R,12355,12,GDHA01,3934,2012-10-05 17:17:36,2012-10-05 17:19:15,36,40,0,0,10,0,0,0,0,0,0,0,0,0,0,0,0,N,N,N
2012-10-05 00:00:00,28,28-7,27147096,20481,7,R,12355,13,ICC01,4194,2012-10-05 17:18:37,2012-10-05 17:19:49,36,40,0,0,10,0,0,0,0,0,0,0,0,0,0,0,0,N,N,N
2012-10-05 00:00:00,28,28-7,27147096,20481,7,R,12355,14,TOCO01,4527,2012-10-05 17:19:56,2012-10-05 17:21:01,36,40,0,1,9,0,0,0,0,0,1,0,0,0,0,0,0,N,N,N
2012-10-05 00:00:00,28,28-7,27147096,20481,7,R,12355,15,WTC01,4751,2012-10-05 17:20:49,2012-10-05 17:21:47,36,40,0,1,8,0,0,0,0,0,1,0,0,0,0,0,0,N,N,N
2012-10-05 00:00:00,28,28-7,27147096,20481,7,R,12355,16,AERO02,5131,2012-10-05 17:22:20,2012-10-05 17:23:40,36,40,1,6,3,0,1,1,4,0,1,0,0,0,0,0,0,N,N,N
2012-10-05 00:00:00,28,28-7,27147096,20481,7,R,12355,17,AREN01,5432,2012-10-05 17:23:08,2012-10-05 17:25:15,36,40,0,0,3,0,0,0,0,0,0,0,0,0,0,0,0,N,N,N
2012-10-05 00:00:00,28,28-7,27147096,20481,7,R,12355,18,PXPO04,6008,2012-10-05 17:24:42,2012-10-05 17:26:26,36,40,0,0,3,0,0,0,0,0,0,0,0,0,0,0,0,N,N,N
2012-10-05 00:00:00,28,28-7,27147096,20481,7,R,12355,19,FRET01,7133,2012-10-05 17:27:44,2012-10-05 17:28:36,36,40,1,1,3,1,0,0,1,0,0,0,0,0,0,0,0,N,N,N
2012-10-05 00:00:00,28,28-7,27147096,20481,7,R,12355,20,TRTI01,7873,2012-10-05 17:29:44,2012-10-05 17:30:07,36,40,0,1,2,0,0,0,1,0,0,0,0,0,0,0,0,N,N,N
2012-10-05 00:00:00,28,28-7,27147096,20481,7,R,12355,21,PR4701,8564,2012-10-05 17:31:36,2012-10-05 17:31:48,36,40,0,0,2,0,0,0,0,0,0,0,0,0,0,0,0,N,N,N
2012-10-05 00:00:00,28,28-7,27147096,20481,7,R,12355,22,SUSE01,8775,2012-10-05 17:32:10,2012-10-05 17:32:21,36,40,0,0,2,0,0,0,0,0,0,0,0,0,0,0,0,N,N,N
2012-10-05 00:00:00,28,28-7,27147096,20481,7,R,12355,23,GSAC01,9201,2012-10-05 17:33:20,2012-10-05 17:34:29,36,40,0,2,0,0,1,0,1,0,0,0,0,0,0,0,0,N,N,N
2012-10-05 00:00:00,28,28-7,27147096,20481,7,R,12355,24,POMI01,9531,2012-10-05 17:34:22,2012-10-05 17:35:31,36,40,0,1,0,0,0,0,1,0,0,0,0,0,0,0,0,N,N,N
2012-10-05 00:00:00,28,28-7,27147096,20481,7,R,12355,25,MORL01,9977,2012-10-05 17:35:47,2012-10-05 17:36:44,36,40,0,0,0,0,0,0,0,0,0,0,0,0,0,0,0,N,N,N
2012-10-05 00:00:00,28,28-7,27147096,20481,7,R,12355,26,VICH01,10396,2012-10-05 17:37:07,2012-10-05 17:38:30,36,40,8,0,8,0,0,3,0,5,0,0,0,0,0,0,0,N,N,N
2012-10-05 00:00:00,28,28-7,27147096,20481,7,R,12355,27,BIT00,10666,2012-10-05 17:37:58,2012-10-05 17:39:21,36,40,2,1,9,0,0,1,1,1,0,0,0,0,0,0,0,N,N,N
2012-10-05 00:00:00,28,28-7,27147096,20481,7,R,12355,28,APIA00,11175,2012-10-05 17:39:35,2012-10-05 17:40:22,36,40,2,2,9,0,0,2,2,0,0,0,0,0,0,0,0,N,N,N
2012-10-05 00:00:00,28,28-7,27147096,20481,7,R,12355,29,NATI12,11727,2012-10-05 17:41:20,2012-10-05 17:42:45,36,40,2,7,4,2,0,0,4,0,3,0,0,0,0,0,0,N,N,N
2012-10-05 00:00:00,28,28-7,27147096,20481,7,R,12355,30,RIGO01,12120,2012-10-05 17:42:10,2012-10-05 17:43:36,36,40,0,0,4,0,0,0,0,0,0,0,0,0,0,0,0,N,N,N
2012-10-05 00:00:00,28,28-7,27147096,20481,7,R,12355,31,JARB01,12355,2012-10-05 17:42:40,2012-10-05 17:44:31,36,40,0,7,0,0,5,0,1,0,1,0,0,0,0,0,0,N,N,N
2012-10-05 00:00:00,28,28-7,27147098,20481,4,A,11388,1,JARB02,0,2012-10-05 17:51:00,2012-10-05 17:52:00,48,44,13,0,13,2,0,9,0,2,0,0,0,0,0,0,0,N,N,N
2012-10-05 00:00:00,28,28-7,27147098,20481,4,A,11388,2,RIGO00,198,2012-10-05 17:51:36,2012-10-05 17:52:49,48,44,3,0,16,0,0,2,0,1,0,0,0,0,0,0,0,N,N,N
2012-10-05 00:00:00,28,28-7,27147098,20481,4,A,11388,3,NATI18,545,2012-10-05 17:52:40,2012-10-05 17:53:46,48,44,0,1,15,0,0,0,0,0,1,0,0,0,0,0,0,N,N,N
2012-10-05 00:00:00,28,28-7,27147098,20481,4,A,11388,4,APIA01,1162,2012-10-05 17:54:39,2012-10-05 17:55:26,48,44,1,2,14,1,0,0,0,0,2,0,0,0,0,0,0,N,N,N
2012-10-05 00:00:00,28,28-7,27147098,20481,4,A,11388,5,BIT01,1655,2012-10-05 17:56:15,2012-10-05 17:56:29,48,44,2,0,16,1,0,1,0,0,0,0,0,0,0,0,0,N,N,N
2012-10-05 00:00:00,28,28-7,27147098,20481,4,A,11388,6,VICH00,1899,2012-10-05 17:57:02,2012-10-05 17:57:29,48,44,1,1,16,0,0,1,1,0,0,0,0,0,0,0,0,N,N,N
2012-10-05 00:00:00,28,28-7,27147098,20481,4,A,11388,7,MORL00,2423,2012-10-05 17:58:44,2012-10-05 17:58:41,48,44,0,0,16,0,0,0,0,0,0,0,0,0,0,0,0,N,N,N
2012-10-05 00:00:00,28,28-7,27147098,20481,4,A,11388,8,POMI00,2717,2012-10-05 17:59:41,2012-10-05 17:59:31,48,44,1,0,17,0,0,0,0,1,0,0,0,0,0,0,0,N,N,N
2012-10-05 00:00:00,28,28-7,27147098,20481,4,A,11388,9,GSAC00,3120,2012-10-05 18:01:00,2012-10-05 18:02:11,48,44,1,4,14,0,1,1,1,0,2,0,0,0,0,0,0,N,N,N
2012-10-05 00:00:00,28,28-7,27147098,20481,4,A,11388,10,SUSE00,3627,2012-10-05 18:02:26,2012-10-05 18:04:22,48,44,0,1,13,0,1,0,0,0,0,0,0,0,0,0,0,N,N,N
2012-10-05 00:00:00,28,28-7,27147098,20481,4,A,11388,11,PR4700,3747,2012-10-05 18:02:47,2012-10-05 18:06:15,48,44,1,0,14,0,0,0,0,1,0,0,0,0,0,0,0,N,Y,N
2012-10-05 00:00:00,28,28-7,27147098,20481,4,A,11388,12,TRTI00,4459,2012-10-05 18:04:48,2012-10-05 18:10:18,48,44,3,0,17,0,0,3,0,0,0,0,0,0,0,0,0,N,N,Y
2012-10-05 00:00:00,28,28-7,27147098,20481,4,A,11388,13,FRET00,5228,2012-10-05 18:07:00,2012-10-05 18:11:47,48,44,3,0,20,1,0,0,0,2,0,0,0,0,0,0,0,N,N,N
2012-10-05 00:00:00,28,28-7,27147098,20481,4,A,11388,14,BTAI00,5551,2012-10-05 18:07:55,2012-10-05 18:12:23,48,44,0,0,20,0,0,0,0,0,0,0,0,0,0,0,0,N,N,N
2012-10-05 00:00:00,28,28-7,27147098,20481,4,A,11388,15,AREN00,5948,2012-10-05 18:09:02,2012-10-05 18:13:10,48,44,0,1,19,0,1,0,0,0,0,0,0,0,0,0,0,N,N,N
2012-10-05 00:00:00,28,28-7,27147098,20481,4,A,11388,16,AERO05,6282,2012-10-05 18:10:00,2012-10-05 18:15:07,48,44,10,9,20,3,1,6,6,1,2,0,0,0,0,0,0,N,N,N
2012-10-05 00:00:00,28,28-7,27147098,20481,4,A,11388,17,WTC00,6665,2012-10-05 18:11:45,2012-10-05 18:16:44,48,44,1,1,20,0,0,1,1,0,0,0,0,0,0,0,0,N,N,N
2012-10-05 00:00:00,28,28-7,27147098,20481,4,A,11388,18,TOCO00,6878,,2012-10-05 18:17:20,48,44,0,1,19,0,0,0,0,0,1,0,0,0,0,0,0,N,Y,Y
2012-10-05 00:00:00,28,28-7,27147098,20481,4,A,11388,19,ICC00,7237,2012-10-05 18:14:21,2012-10-05 18:18:12,48,44,0,1,18,0,0,0,1,0,0,0,0,0,0,0,0,N,N,N
2012-10-05 00:00:00,28,28-7,27147098,20481,4,A,11388,20,GDHA00,7477,2012-10-05 18:15:27,2012-10-05 18:18:50,48,44,0,0,18,0,0,0,0,0,0,0,0,0,0,0,0,N,N,N
2012-10-05 00:00:00,28,28-7,27147098,20481,4,A,11388,21,BLDO01,7813,2012-10-05 18:17:00,2012-10-05 18:21:05,48,44,8,7,19,2,2,4,2,2,3,0,0,0,0,0,0,N,N,N
2012-10-05 00:00:00,28,28-7,27147098,20481,4,A,11388,22,RENF00,8145,2012-10-05 18:19:20,2012-10-05 18:23:08,48,44,0,2,17,0,0,0,2,0,0,0,0,0,0,0,0,N,N,N
2012-10-05 00:00:00,28,28-7,27147098,20481,4,A,11388,23,CROI00,8418,2012-10-05 18:21:00,2012-10-05 18:24:39,48,44,0,2,15,0,1,0,1,0,0,0,0,0,0,0,0,N,N,N
2012-10-05 00:00:00,28,28-7,27147098,20481,4,A,11388,24,CHCL00,8776,2012-10-05 18:22:03,2012-10-05 18:26:21,48,44,0,4,11,0,0,0,4,0,0,0,0,0,0,0,0,N,N,N
2012-10-05 00:00:00,28,28-7,27147098,20481,4,A,11388,25,VEEC00,9090,2012-10-05 18:23:00,2012-10-05 18:27:29,48,44,0,1,10,0,0,0,0,0,1,0,0,0,0,0,0,N,N,N
2012-10-05 00:00:00,28,28-7,27147098,20481,4,A,11388,26,VEMA00,9464,2012-10-05 18:24:22,2012-10-05 18:28:32,48,44,0,0,10,0,0,0,0,0,0,0,0,0,0,0,0,N,N,N
2012-10-05 00:00:00,28,28-7,27147098,20481,4,A,11388,27,VEVI02,9814,2012-10-05 18:25:40,2012-10-05 18:29:17,48,44,0,4,6,0,1,0,2,0,1,0,0,0,0,0,0,N,Y,Y
2012-10-05 00:00:00,28,28-7,27147098,20481,4,A,11388,28,PRGR01,10191,2012-10-05 18:26:18,2012-10-05 18:29:48,48,44,0,0,6,0,0,0,0,0,0,0,0,0,0,0,0,N,N,N
2012-10-05 00:00:00,28,28-7,27147098,20481,4,A,11388,29,BOLX01,10358,2012-10-05 18:26:35,2012-10-05 18:30:13,48,44,0,2,4,0,0,0,2,0,0,0,0,0,0,0,0,N,N,N
2012-10-05 00:00:00,28,28-7,27147098,20481,4,A,11388,30,CEBE00,10834,2012-10-05 18:27:23,2012-10-05 18:31:00,48,44,0,0,4,0,0,0,0,0,0,0,0,0,0,0,0,N,N,N
2012-10-05 00:00:00,28,28-7,27147098,20481,4,A,11388,31,PFUM00,11388,2012-10-05 18:28:20,2012-10-05 18:31:38,48,44,0,0,4,0,0,0,0,0,0,0,0,0,0,0,0,N,N,N
2012-10-05 00:00:00,28,28-7,27147099,20481,7,R,12355,1,PFUM00,0,2012-10-05 18:33:00,2012-10-05 18:33:53,25,28,1,0,1,1,0,0,0,0,0,0,0,0,0,0,0,N,N,N
2012-10-05 00:00:00,28,28-7,27147099,20481,7,R,12355,2,CEBE01,614,2012-10-05 18:34:32,2012-10-05 18:35:04,25,28,0,0,1,0,0,0,0,0,0,0,0,0,0,0,0,N,N,N
2012-10-05 00:00:00,28,28-7,27147099,20481,7,R,12355,3,BOLX00,1095,,2012-10-05 18:36:19,25,28,2,0,3,1,0,0,0,1,0,0,0,0,0,0,0,N,Y,Y
2012-10-05 00:00:00,28,28-7,27147099,20481,7,R,12355,4,PRGR00,1278,2012-10-05 18:36:12,2012-10-05 18:36:47,25,28,0,0,3,0,0,0,0,0,0,0,0,0,0,0,0,N,N,N
2012-10-05 00:00:00,28,28-7,27147099,20481,7,R,12355,5,VEVI00,1590,2012-10-05 18:37:00,2012-10-05 18:37:43,25,28,2,2,3,2,0,0,1,0,1,0,0,0,0,0,0,N,N,N
2012-10-05 00:00:00,28,28-7,27147099,20481,7,R,12355,6,VEMA01,1940,2012-10-05 18:38:04,2012-10-05 18:38:38,25,28,2,0,5,0,0,0,0,2,0,0,0,0,0,0,0,N,N,N
2012-10-05 00:00:00,28,28-7,27147099,20481,7,R,12355,7,VEEC01,2350,2012-10-05 18:39:20,2012-10-05 18:39:39,25,28,2,1,6,0,0,0,0,2,1,0,0,0,0,0,0,N,N,N
2012-10-05 00:00:00,28,28-7,27147099,20481,7,R,12355,8,CHCL01,2639,2012-10-05 18:40:13,2012-10-05 18:40:21,25,28,0,0,6,0,0,0,0,0,0,0,0,0,0,0,0,N,N,N
2012-10-05 00:00:00,28,28-7,27147099,20481,7,R,12355,9,CROI01,3001,2012-10-05 18:41:20,2012-10-05 18:41:16,25,28,0,0,6,0,0,0,0,0,0,0,0,0,0,0,0,N,N,N
2012-10-05 00:00:00,28,28-7,27147099,20481,7,R,12355,10,RENF02,3272,2012-10-05 18:44:00,2012-10-05 18:44:08,25,28,1,0,7,0,0,1,0,0,0,0,0,0,0,0,0,N,N,N
2012-10-05 00:00:00,28,28-7,27147099,20481,7,R,12355,11,BLDO02,3612,2012-10-05 18:46:00,2012-10-05 18:46:23,25,28,8,3,12,1,0,4,1,3,2,0,0,0,0,0,0,N,N,N
2012-10-05 00:00:00,28,28-7,27147099,20481,7,R,12355,12,GDHA01,3934,2012-10-05 18:47:16,2012-10-05 18:47:40,25,28,1,3,10,0,0,1,3,0,0,0,0,0,0,0,0,N,N,N
2012-10-05 00:00:00,28,28-7,27147099,20481,7,R,12355,13,ICC01,4194,2012-10-05 18:48:17,2012-10-05 18:49:19,25,28,1,0,11,0,0,0,0,1,0,0,0,0,0,0,0,N,N,N
2012-10-05 00:00:00,28,28-7,27147099,20481,7,R,12355,14,TOCO01,4527,2012-10-05 18:49:36,2012-10-05 18:50:22,25,28,0,0,11,0,0,0,0,0,0,0,0,0,0,0,0,N,N,N
2012-10-05 00:00:00,28,28-7,27147099,20481,7,R,12355,15,WTC01,4751,2012-10-05 18:50:29,2012-10-05 18:51:08,25,28,0,3,8,0,0,0,3,0,0,0,0,0,0,0,0,N,N,N
2012-10-05 00:00:00,28,28-7,27147099,20481,7,R,12355,16,AERO02,5131,2012-10-05 18:52:00,2012-10-05 18:52:42,25,28,1,5,4,0,1,1,1,0,3,0,0,0,0,0,0,N,N,N
2012-10-05 00:00:00,28,28-7,27147099,20481,7,R,12355,17,AREN01,5432,2012-10-05 18:52:47,2012-10-05 18:54:00,25,28,0,0,4,0,0,0,0,0,0,0,0,0,0,0,0,N,N,N
2012-10-05 00:00:00,28,28-7,27147099,20481,7,R,12355,18,PXPO04,6008,2012-10-05 18:54:17,2012-10-05 18:55:14,25,28,0,0,4,0,0,0,0,0,0,0,0,0,0,0,0,N,N,N
2012-10-05 00:00:00,28,28-7,27147099,20481,7,R,12355,19,FRET01,7133,2012-10-05 18:57:14,2012-10-05 18:57:59,25,28,0,0,4,0,0,0,0,0,0,0,0,0,0,0,0,N,N,N
2012-10-05 00:00:00,28,28-7,27147099,20481,7,R,12355,20,TRTI01,7873,2012-10-05 18:59:11,2012-10-05 18:59:49,25,28,0,0,4,0,0,0,0,0,0,0,0,0,0,0,0,N,N,N
2012-10-05 00:00:00,28,28-7,27147099,20481,7,R,12355,21,PR4701,8564,2012-10-05 19:00:59,2012-10-05 19:01:30,25,28,1,0,5,0,0,1,0,0,0,0,0,0,0,0,0,N,N,N
2012-10-05 00:00:00,28,28-7,27147099,20481,7,R,12355,22,SUSE01,8775,2012-10-05 19:01:33,2012-10-05 19:02:18,25,28,2,0,7,1,0,1,0,0,0,0,0,0,0,0,0,N,N,N
2012-10-05 00:00:00,28,28-7,27147099,20481,7,R,12355,23,GSAC01,9201,2012-10-05 19:02:40,2012-10-05 19:04:16,25,28,0,3,4,0,2,0,1,0,0,0,0,0,0,0,0,N,N,N
2012-10-05 00:00:00,28,28-7,27147099,20481,7,R,12355,24,POMI01,9531,2012-10-05 19:03:34,2012-10-05 19:04:59,25,28,0,0,4,0,0,0,0,0,0,0,0,0,0,0,0,N,N,N
2012-10-05 00:00:00,28,28-7,27147099,20481,7,R,12355,25,MORL01,9977,2012-10-05 19:04:49,2012-10-05 19:06:14,25,28,0,0,4,0,0,0,0,0,0,0,0,0,0,0,0,N,N,N
2012-10-05 00:00:00,28,28-7,27147099,20481,7,R,12355,26,VICH01,10396,2012-10-05 19:05:58,2012-10-05 19:07:13,25,28,0,0,4,0,0,0,0,0,0,0,0,0,0,0,0,N,N,N
2012-10-05 00:00:00,28,28-7,27147099,20481,7,R,12355,27,BIT00,10666,2012-10-05 19:06:43,2012-10-05 19:08:00,25,28,0,1,3,0,0,0,1,0,0,0,0,0,0,0,0,N,N,N
2012-10-05 00:00:00,28,28-7,27147099,20481,7,R,12355,28,APIA00,11175,2012-10-05 19:08:08,2012-10-05 19:08:59,25,28,1,3,1,0,0,1,0,0,3,0,0,0,0,0,0,N,N,N
2012-10-05 00:00:00,28,28-7,27147099,20481,7,R,12355,29,NATI12,11727,2012-10-05 19:09:40,2012-10-05 19:11:12,25,28,0,2,0,0,0,0,2,0,0,0,0,0,0,0,0,N,N,N
2012-10-05 00:00:00,28,28-7,27147099,20481,7,R,12355,30,RIGO01,12120,2012-10-05 19:10:30,2012-10-05 19:11:48,25,28,0,0,0,0,0,0,0,0,0,0,0,0,0,0,0,N,N,N
2012-10-05 00:00:00,28,28-7,27147099,20481,7,R,12355,31,JARB01,12355,2012-10-05 19:11:00,2012-10-05 19:12:07,25,28,0,2,0,0,1,0,1,0,0,0,0,0,0,0,0,N,N,N
2012-10-05 00:00:00,28,28-7,27147101,20481,4,A,11388,1,JARB02,0,2012-10-05 19:18:00,2012-10-05 19:18:43,31,33,7,0,7,3,0,2,0,2,0,0,0,0,0,0,0,N,N,N
2012-10-05 00:00:00,28,28-7,27147101,20481,4,A,11388,2,RIGO00,198,2012-10-05 19:18:29,2012-10-05 19:19:26,31,33,0,0,7,0,0,0,0,0,0,0,0,0,0,0,0,N,N,N
2012-10-05 00:00:00,28,28-7,27147101,20481,4,A,11388,3,NATI18,545,2012-10-05 19:19:20,2012-10-05 19:20:24,31,33,1,3,5,0,0,1,3,0,0,0,0,0,0,0,0,N,N,N
2012-10-05 00:00:00,28,28-7,27147101,20481,4,A,11388,4,APIA01,1162,2012-10-05 19:21:10,2012-10-05 19:21:56,31,33,1,0,6,0,0,1,0,0,0,0,0,0,0,0,0,N,N,N
2012-10-05 00:00:00,28,28-7,27147101,20481,4,A,11388,5,BIT01,1655,2012-10-05 19:22:38,2012-10-05 19:23:02,31,33,3,0,9,1,0,2,0,0,0,0,0,0,0,0,0,N,N,N
2012-10-05 00:00:00,28,28-7,27147101,20481,4,A,11388,6,VICH00,1899,2012-10-05 19:23:21,2012-10-05 19:23:58,31,33,1,0,10,0,0,1,0,0,0,0,0,0,0,0,0,N,N,N
2012-10-05 00:00:00,28,28-7,27147101,20481,4,A,11388,7,MORL00,2423,2012-10-05 19:24:55,2012-10-05 19:25:37,31,33,0,1,9,0,0,0,1,0,0,0,0,0,0,0,0,N,N,N
2012-10-05 00:00:00,28,28-7,27147101,20481,4,A,11388,8,POMI00,2717,2012-10-05 19:25:48,2012-10-05 19:26:58,31,33,1,2,8,1,1,0,0,0,1,0,0,0,0,0,0,N,N,N
2012-10-05 00:00:00,28,28-7,27147101,20481,4,A,11388,9,GSAC00,3120,2012-10-05 19:27:00,2012-10-05 19:28:04,31,33,0,1,7,0,0,0,1,0,0,0,0,0,0,0,0,N,N,N
2012-10-05 00:00:00,28,28-7,27147101,20481,4,A,11388,10,SUSE00,3627,2012-10-05 19:28:23,2012-10-05 19:29:21,31,33,0,0,7,0,0,0,0,0,0,0,0,0,0,0,0,N,N,N
2012-10-05 00:00:00,28,28-7,27147101,20481,4,A,11388,11,PR4700,3747,2012-10-05 19:28:43,2012-10-05 19:29:42,31,33,0,0,7,0,0,0,0,0,0,0,0,0,0,0,0,N,N,N
2012-10-05 00:00:00,28,28-7,27147101,20481,4,A,11388,12,TRTI00,4459,2012-10-05 19:30:40,2012-10-05 19:31:15,31,33,0,1,6,0,0,0,0,0,1,0,0,0,0,0,0,N,N,N
2012-10-05 00:00:00,28,28-7,27147101,20481,4,A,11388,13,FRET00,5228,2012-10-05 19:32:46,2012-10-05 19:32:43,31,33,1,0,7,0,0,1,0,0,0,0,0,0,0,0,0,N,N,N
2012-10-05 00:00:00,28,28-7,27147101,20481,4,A,11388,14,BTAI00,5551,2012-10-05 19:33:39,2012-10-05 19:33:27,31,33,0,0,7,0,0,0,0,0,0,0,0,0,0,0,0,N,N,N
2012-10-05 00:00:00,28,28-7,27147101,20481,4,A,11388,15,AREN00,5948,2012-10-05 19:34:45,2012-10-05 19:34:14,31,33,0,0,7,0,0,0,0,0,0,0,0,0,0,0,0,N,N,N
2012-10-05 00:00:00,28,28-7,27147101,20481,4,A,11388,16,AERO05,6282,2012-10-05 19:35:40,2012-10-05 19:35:41,31,33,3,6,4,0,1,2,5,1,0,0,0,0,0,0,0,N,N,N
2012-10-05 00:00:00,28,28-7,27147101,20481,4,A,11388,17,WTC00,6665,2012-10-05 19:37:10,2012-10-05 19:37:09,31,33,1,0,5,0,0,1,0,0,0,0,0,0,0,0,0,N,N,N
2012-10-05 00:00:00,28,28-7,27147101,20481,4,A,11388,18,TOCO00,6878,2012-10-05 19:38:00,2012-10-05 19:39:05,31,33,4,0,9,3,0,0,0,1,0,0,0,0,0,0,0,N,N,N
2012-10-05 00:00:00,28,28-7,27147101,20481,4,A,11388,19,ICC00,7237,2012-10-05 19:39:24,2012-10-05 19:39:59,31,33,0,0,9,0,0,0,0,0,0,0,0,0,0,0,0,N,N,N
2012-10-05 00:00:00,28,28-7,27147101,20481,4,A,11388,20,GDHA00,7477,2012-10-05 19:40:20,2012-10-05 19:40:48,31,33,0,2,7,0,2,0,0,0,0,0,0,0,0,0,0,N,N,N
2012-10-05 00:00:00,28,28-7,27147101,20481,4,A,11388,21,BLDO01,7813,2012-10-05 19:41:40,2012-10-05 19:42:40,31,33,3,3,7,0,0,2,2,1,1,0,0,0,0,0,0,N,N,N
2012-10-05 00:00:00,28,28-7,27147101,20481,4,A,11388,22,RENF00,8145,2012-10-05 19:43:20,2012-10-05 19:44:43,31,33,2,1,8,0,0,1,0,1,1,0,0,0,0,0,0,N,N,N
2012-10-05 00:00:00,28,28-7,27147101,20481,4,A,11388,23,CROI00,8418,2012-10-05 19:44:40,2012-10-05 19:45:34,31,33,0,0,8,0,0,0,0,0,0,0,0,0,0,0,0,N,N,N
2012-10-05 00:00:00,28,28-7,27147101,20481,4,A,11388,24,CHCL00,8776,2012-10-05 19:45:43,2012-10-05 19:46:34,31,33,1,2,7,0,0,1,2,0,0,0,0,0,0,0,0,N,N,N
2012-10-05 00:00:00,28,28-7,27147101,20481,4,A,11388,25,VEEC00,9090,2012-10-05 19:46:40,2012-10-05 19:47:27,31,33,1,2,6,1,0,0,1,0,1,0,0,0,0,0,0,N,N,N
2012-10-05 00:00:00,28,28-7,27147101,20481,4,A,11388,26,VEMA00,9464,2012-10-05 19:47:52,2012-10-05 19:48:40,31,33,0,1,5,0,0,0,1,0,0,0,0,0,0,0,0,N,N,N
2012-10-05 00:00:00,28,28-7,27147101,20481,4,A,11388,27,VEVI02,9814,2012-10-05 19:49:00,2012-10-05 19:49:48,31,33,1,0,6,0,0,1,0,0,0,0,0,0,0,0,0,N,Y,Y
2012-10-05 00:00:00,28,28-7,27147101,20481,4,A,11388,28,PRGR01,10191,2012-10-05 19:49:38,2012-10-05 19:50:39,31,33,0,0,6,0,0,0,0,0,0,0,0,0,0,0,0,N,N,N
2012-10-05 00:00:00,28,28-7,27147101,20481,4,A,11388,29,BOLX01,10358,2012-10-05 19:49:55,2012-10-05 19:51:32,31,33,0,4,2,0,2,0,0,0,2,0,0,0,0,0,0,N,Y,Y
2012-10-05 00:00:00,28,28-7,27147101,20481,4,A,11388,30,CEBE00,10834,2012-10-05 19:50:43,2012-10-05 19:53:12,31,33,0,1,1,0,0,0,1,0,0,0,0,0,0,0,0,N,N,N
2012-10-05 00:00:00,28,28-7,27147101,20481,4,A,11388,31,PFUM00,11388,2012-10-05 19:51:40,2012-10-05 19:54:03,31,33,0,3,0,0,3,0,0,0,0,0,0,0,0,0,0,N,N,N
2012-10-05 00:00:00,28,28-7,27147102,20481,7,R,12355,1,PFUM00,0,2012-10-05 19:58:00,2012-10-05 20:02:26,28,27,4,0,4,4,0,0,0,0,0,0,0,0,0,0,0,N,N,N
2012-10-05 00:00:00,28,28-7,27147102,20481,7,R,12355,2,CEBE01,614,2012-10-05 19:59:24,2012-10-05 20:03:35,28,27,1,0,5,0,0,1,0,0,0,0,0,0,0,0,0,N,N,N
2012-10-05 00:00:00,28,28-7,27147102,20481,7,R,12355,3,BOLX00,1095,,2012-10-05 20:04:36,28,27,1,0,6,0,0,1,0,0,0,0,0,0,0,0,0,N,Y,Y
2012-10-05 00:00:00,28,28-7,27147102,20481,7,R,12355,4,PRGR00,1278,2012-10-05 20:00:56,2012-10-05 20:04:56,28,27,0,0,6,0,0,0,0,0,0,0,0,0,0,0,0,N,N,N
2012-10-05 00:00:00,28,28-7,27147102,20481,7,R,12355,5,VEVI00,1590,2012-10-05 20:01:40,2012-10-05 20:05:38,28,27,1,0,7,0,0,0,0,1,0,0,0,0,0,0,0,N,N,N
2012-10-05 00:00:00,28,28-7,27147102,20481,7,R,12355,6,VEMA01,1940,2012-10-05 20:02:35,2012-10-05 20:06:29,28,27,0,2,5,0,1,0,1,0,0,0,0,0,0,0,0,N,N,N
2012-10-05 00:00:00,28,28-7,27147102,20481,7,R,12355,7,VEEC01,2350,2012-10-05 20:03:40,2012-10-05 20:07:24,28,27,3,0,8,0,0,2,0,1,0,0,0,0,0,0,0,N,N,N
2012-10-05 00:00:00,28,28-7,27147102,20481,7,R,12355,8,CHCL01,2639,2012-10-05 20:04:33,2012-10-05 20:08:08,28,27,1,2,7,0,0,0,1,1,1,0,0,0,0,0,0,N,N,N
2012-10-05 00:00:00,28,28-7,27147102,20481,7,R,12355,9,CROI01,3001,2012-10-05 20:05:40,2012-10-05 20:09:06,28,27,2,0,9,2,0,0,0,0,0,0,0,0,0,0,0,N,N,N
2012-10-05 00:00:00,28,28-7,27147102,20481,7,R,12355,10,RENF02,3272,2012-10-05 20:08:00,2012-10-05 20:12:28,28,27,1,2,8,1,2,0,0,0,0,0,0,0,0,0,0,N,N,N
2012-10-05 00:00:00,28,28-7,27147102,20481,7,R,12355,11,BLDO02,3612,2012-10-05 20:09:40,2012-10-05 20:14:02,28,27,4,2,10,0,0,3,0,1,2,0,0,0,0,0,0,N,N,N
2012-10-05 00:00:00,28,28-7,27147102,20481,7,R,12355,12,GDHA01,3934,2012-10-05 20:10:52,2012-10-05 20:15:14,28,27,0,3,7,0,0,0,3,0,0,0,0,0,0,0,0,N,N,N
2012-10-05 00:00:00,28,28-7,27147102,20481,7,R,12355,13,ICC01,4194,2012-10-05 20:11:50,2012-10-05 20:16:53,28,27,1,0,8,0,0,0,0,1,0,0,0,0,0,0,0,N,N,N
2012-10-05 00:00:00,28,28-7,27147102,20481,7,R,12355,14,TOCO01,4527,2012-10-05 20:13:04,2012-10-05 20:17:58,28,27,0,0,8,0,0,0,0,0,0,0,0,0,0,0,0,N,N,N
2012-10-05 00:00:00,28,28-7,27147102,20481,7,R,12355,15,WTC01,4751,2012-10-05 20:13:54,2012-10-05 20:18:52,28,27,0,0,8,0,0,0,0,0,0,0,0,0,0,0,0,N,N,N
2012-10-05 00:00:00,28,28-7,27147102,20481,7,R,12355,16,AERO02,5131,2012-10-05 20:15:20,2012-10-05 20:20:21,28,27,3,3,8,0,0,3,3,0,0,0,0,0,0,0,0,N,N,N
2012-10-05 00:00:00,28,28-7,27147102,20481,7,R,12355,17,AREN01,5432,2012-10-05 20:16:02,2012-10-05 20:21:26,28,27,0,0,8,0,0,0,0,0,0,0,0,0,0,0,0,N,N,N
2012-10-05 00:00:00,28,28-7,27147102,20481,7,R,12355,18,PXPO04,6008,2012-10-05 20:17:24,2012-10-05 20:22:34,28,27,0,0,8,0,0,0,0,0,0,0,0,0,0,0,0,N,N,N
2012-10-05 00:00:00,28,28-7,27147102,20481,7,R,12355,19,FRET01,7133,2012-10-05 20:20:05,2012-10-05 20:24:35,28,27,1,0,9,0,0,0,0,1,0,0,0,0,0,0,0,N,N,N
2012-10-05 00:00:00,28,28-7,27147102,20481,7,R,12355,20,TRTI01,7873,2012-10-05 20:21:50,2012-10-05 20:25:59,28,27,1,2,8,1,2,0,0,0,0,0,0,0,0,0,0,N,N,N
2012-10-05 00:00:00,28,28-7,27147102,20481,7,R,12355,21,PR4701,8564,2012-10-05 20:23:29,2012-10-05 20:27:38,28,27,0,0,8,0,0,0,0,0,0,0,0,0,0,0,0,N,N,N
2012-10-05 00:00:00,28,28-7,27147102,20481,7,R,12355,22,SUSE01,8775,2012-10-05 20:23:59,2012-10-05 20:28:03,28,27,0,0,8,0,0,0,0,0,0,0,0,0,0,0,0,N,N,N
2012-10-05 00:00:00,28,28-7,27147102,20481,7,R,12355,23,GSAC01,9201,2012-10-05 20:25:00,2012-10-05 20:29:10,28,27,2,3,7,0,0,1,2,1,1,0,0,0,0,0,0,N,N,N
2012-10-05 00:00:00,28,28-7,27147102,20481,7,R,12355,24,POMI01,9531,2012-10-05 20:25:49,2012-10-05 20:30:31,28,27,1,2,6,0,1,0,1,1,0,0,0,0,0,0,0,N,N,N
2012-10-05 00:00:00,28,28-7,27147102,20481,7,R,12355,25,MORL01,9977,2012-10-05 20:26:56,2012-10-05 20:31:15,28,27,0,0,6,0,0,0,0,0,0,0,0,0,0,0,0,N,N,N
2012-10-05 00:00:00,28,28-7,27147102,20481,7,R,12355,26,VICH01,10396,2012-10-05 20:27:59,2012-10-05 20:32:00,28,27,0,0,6,0,0,0,0,0,0,0,0,0,0,0,0,N,N,N
2012-10-05 00:00:00,28,28-7,27147102,20481,7,R,12355,27,BIT00,10666,2012-10-05 20:28:40,2012-10-05 20:32:39,28,27,0,0,6,0,0,0,0,0,0,0,0,0,0,0,0,N,N,N
2012-10-05 00:00:00,28,28-7,27147102,20481,7,R,12355,28,APIA00,11175,2012-10-05 20:29:56,2012-10-05 20:33:40,28,27,0,1,5,0,0,0,1,0,0,0,0,0,0,0,0,N,N,N
2012-10-05 00:00:00,28,28-7,27147102,20481,7,R,12355,29,NATI12,11727,2012-10-05 20:31:20,2012-10-05 20:35:00,28,27,1,4,2,0,0,1,2,0,2,0,0,0,0,0,0,N,N,N
2012-10-05 00:00:00,28,28-7,27147102,20481,7,R,12355,30,RIGO01,12120,2012-10-05 20:31:57,2012-10-05 20:35:41,28,27,0,0,2,0,0,0,0,0,0,0,0,0,0,0,0,N,N,N
2012-10-05 00:00:00,28,28-7,27147102,20481,7,R,12355,31,JARB01,12355,2012-10-05 20:32:20,2012-10-05 20:36:03,28,27,0,1,1,0,0,0,1,0,0,0,0,0,0,0,0,N,N,N
2012-10-05 00:00:00,28,28-7,27147104,20481,4,A,11388,1,JARB02,0,2012-10-05 20:38:00,2012-10-05 20:38:05,14,16,0,0,0,0,0,0,0,0,0,0,0,0,0,0,0,N,N,N
2012-10-05 00:00:00,28,28-7,27147104,20481,4,A,11388,2,RIGO00,198,2012-10-05 20:38:29,2012-10-05 20:39:01,14,16,1,0,1,0,0,0,0,1,0,0,0,0,0,0,0,N,N,N
2012-10-05 00:00:00,28,28-7,27147104,20481,4,A,11388,3,NATI18,545,2012-10-05 20:39:20,2012-10-05 20:40:00,14,16,2,0,3,0,0,2,0,0,0,0,0,0,0,0,0,N,N,N
2012-10-05 00:00:00,28,28-7,27147104,20481,4,A,11388,4,APIA01,1162,2012-10-05 20:41:00,2012-10-05 20:41:08,14,16,0,0,3,0,0,0,0,0,0,0,0,0,0,0,0,N,N,N
2012-10-05 00:00:00,28,28-7,27147104,20481,4,A,11388,5,BIT01,1655,2012-10-05 20:42:21,2012-10-05 20:42:12,14,16,1,0,4,0,0,1,0,0,0,0,0,0,0,0,0,N,N,N
2012-10-05 00:00:00,28,28-7,27147104,20481,4,A,11388,6,VICH00,1899,2012-10-05 20:43:00,2012-10-05 20:42:59,14,16,0,1,3,0,0,0,1,0,0,0,0,0,0,0,0,N,N,N
2012-10-05 00:00:00,28,28-7,27147104,20481,4,A,11388,7,MORL00,2423,2012-10-05 20:44:26,2012-10-05 20:44:02,14,16,0,0,3,0,0,0,0,0,0,0,0,0,0,0,0,N,N,N
2012-10-05 00:00:00,28,28-7,27147104,20481,4,A,11388,8,POMI00,2717,2012-10-05 20:45:14,2012-10-05 20:44:36,14,16,0,0,3,0,0,0,0,0,0,0,0,0,0,0,0,N,N,N
2012-10-05 00:00:00,28,28-7,27147104,20481,4,A,11388,9,GSAC00,3120,2012-10-05 20:46:20,2012-10-05 20:45:44,14,16,2,1,4,0,0,1,1,1,0,0,0,0,0,0,0,N,N,N
2012-10-05 00:00:00,28,28-7,27147104,20481,4,A,11388,10,SUSE00,3627,2012-10-05 20:47:33,2012-10-05 20:47:30,14,16,0,1,3,0,0,0,0,0,1,0,0,0,0,0,0,N,N,N
2012-10-05 00:00:00,28,28-7,27147104,20481,4,A,11388,11,PR4700,3747,2012-10-05 20:47:51,2012-10-05 20:47:50,14,16,0,0,3,0,0,0,0,0,0,0,0,0,0,0,0,N,N,N
2012-10-05 00:00:00,28,28-7,27147104,20481,4,A,11388,12,TRTI00,4459,2012-10-05 20:49:34,2012-10-05 20:49:37,14,16,3,0,6,3,0,0,0,0,0,0,0,0,0,0,0,N,N,N
2012-10-05 00:00:00,28,28-7,27147104,20481,4,A,11388,13,FRET00,5228,2012-10-05 20:51:26,2012-10-05 20:50:59,14,16,0,0,6,0,0,0,0,0,0,0,0,0,0,0,0,N,N,N
2012-10-05 00:00:00,28,28-7,27147104,20481,4,A,11388,14,BTAI00,5551,2012-10-05 20:52:13,2012-10-05 20:51:47,14,16,0,0,6,0,0,0,0,0,0,0,0,0,0,0,0,N,N,N
2012-10-05 00:00:00,28,28-7,27147104,20481,4,A,11388,15,AREN00,5948,2012-10-05 20:53:11,2012-10-05 20:52:42,14,16,0,0,6,0,0,0,0,0,0,0,0,0,0,0,0,N,N,N
2012-10-05 00:00:00,28,28-7,27147104,20481,4,A,11388,16,AERO05,6282,2012-10-05 20:54:00,2012-10-05 20:54:14,14,16,1,0,7,0,0,1,0,0,0,0,0,0,0,0,0,N,N,N
2012-10-05 00:00:00,28,28-7,27147104,20481,4,A,11388,17,WTC00,6665,2012-10-05 20:55:20,2012-10-05 20:55:41,14,16,0,1,6,0,0,0,1,0,0,0,0,0,0,0,0,N,N,N
2012-10-05 00:00:00,28,28-7,27147104,20481,4,A,11388,18,TOCO00,6878,2012-10-05 20:56:04,2012-10-05 20:56:18,14,16,0,0,6,0,0,0,0,0,0,0,0,0,0,0,0,N,N,N
2012-10-05 00:00:00,28,28-7,27147104,20481,4,A,11388,19,ICC00,7237,2012-10-05 20:57:19,2012-10-05 20:57:19,14,16,1,1,6,0,0,1,0,0,1,0,0,0,0,0,0,N,N,N
2012-10-05 00:00:00,28,28-7,27147104,20481,4,A,11388,20,GDHA00,7477,2012-10-05 20:58:09,2012-10-05 20:57:49,14,16,0,0,6,0,0,0,0,0,0,0,0,0,0,0,0,N,N,N
2012-10-05 00:00:00,28,28-7,27147104,20481,4,A,11388,21,BLDO01,7813,2012-10-05 20:59:20,2012-10-05 20:58:52,14,16,1,1,6,0,0,0,1,1,0,0,0,0,0,0,0,N,N,N
2012-10-05 00:00:00,28,28-7,27147104,20481,4,A,11388,22,RENF00,8145,2012-10-05 21:00:20,2012-10-05 20:59:52,14,16,1,3,4,0,3,0,0,1,0,0,0,0,0,0,0,N,N,N
2012-10-05 00:00:00,28,28-7,27147104,20481,4,A,11388,23,CROI00,8418,2012-10-05 21:01:40,2012-10-05 21:01:24,14,16,0,1,3,0,0,0,1,0,0,0,0,0,0,0,0,N,N,N
2012-10-05 00:00:00,28,28-7,27147104,20481,4,A,11388,24,CHCL00,8776,2012-10-05 21:02:43,2012-10-05 21:02:26,14,16,0,0,3,0,0,0,0,0,0,0,0,0,0,0,0,N,N,N
2012-10-05 00:00:00,28,28-7,27147104,20481,4,A,11388,25,VEEC00,9090,2012-10-05 21:03:40,2012-10-05 21:03:22,14,16,0,0,3,0,0,0,0,0,0,0,0,0,0,0,0,N,N,N
2012-10-05 00:00:00,28,28-7,27147104,20481,4,A,11388,26,VEMA00,9464,2012-10-05 21:04:52,2012-10-05 21:04:25,14,16,0,3,0,0,0,0,0,0,3,0,0,0,0,0,0,N,N,N
2012-10-05 00:00:00,28,28-7,27147104,20481,4,A,11388,27,VEVI02,9814,2012-10-05 21:06:00,2012-10-05 21:05:20,14,16,1,0,1,0,0,1,0,0,0,0,0,0,0,0,0,N,Y,Y
2012-10-05 00:00:00,28,28-7,27147104,20481,4,A,11388,28,PRGR01,10191,2012-10-05 21:06:38,2012-10-05 21:05:56,14,16,0,0,1,0,0,0,0,0,0,0,0,0,0,0,0,N,N,N
2012-10-05 00:00:00,28,28-7,27147104,20481,4,A,11388,29,BOLX01,10358,2012-10-05 21:06:55,2012-10-05 21:06:27,14,16,0,1,0,0,0,0,1,0,0,0,0,0,0,0,0,N,N,N
2012-10-05 00:00:00,28,28-7,27147104,20481,4,A,11388,30,CEBE00,10834,2012-10-05 21:07:43,2012-10-05 21:07:23,14,16,0,0,0,0,0,0,0,0,0,0,0,0,0,0,0,N,N,N
2012-10-05 00:00:00,28,28-7,27147104,20481,4,A,11388,31,PFUM00,11388,2012-10-05 21:08:40,2012-10-05 21:08:14,14,16,0,2,0,0,2,0,0,0,0,0,0,0,0,0,0,N,N,N
2012-10-05 00:00:00,28,28-7,27147105,20481,7,R,12355,1,PFUM00,0,2012-10-05 21:17:00,2012-10-05 21:16:06,24,20,2,0,2,1,0,0,0,1,0,0,0,0,0,0,0,N,N,N
2012-10-05 00:00:00,28,28-7,27147105,20481,7,R,12355,2,CEBE01,614,2012-10-05 21:18:24,2012-10-05 21:18:19,24,20,0,0,2,0,0,0,0,0,0,0,0,0,0,0,0,N,N,N
2012-10-05 00:00:00,28,28-7,27147105,20481,7,R,12355,3,BOLX00,1095,,2012-10-05 21:19:38,24,20,4,0,6,0,0,0,0,4,0,0,0,0,0,0,0,N,Y,Y
2012-10-05 00:00:00,28,28-7,27147105,20481,7,R,12355,4,PRGR00,1278,2012-10-05 21:19:56,2012-10-05 21:20:03,24,20,0,0,6,0,0,0,0,0,0,0,0,0,0,0,0,N,N,N
2012-10-05 00:00:00,28,28-7,27147105,20481,7,R,12355,5,VEVI00,1590,2012-10-05 21:20:40,2012-10-05 21:20:47,24,20,3,0,9,2,0,1,0,0,0,0,0,0,0,0,0,N,N,N
2012-10-05 00:00:00,28,28-7,27147105,20481,7,R,12355,6,VEMA01,1940,2012-10-05 21:21:35,2012-10-05 21:21:52,24,20,1,0,10,0,0,0,0,1,0,0,0,0,0,0,0,N,N,N
2012-10-05 00:00:00,28,28-7,27147105,20481,7,R,12355,7,VEEC01,2350,2012-10-05 21:22:40,2012-10-05 21:22:51,24,20,0,0,10,0,0,0,0,0,0,0,0,0,0,0,0,N,N,N
2012-10-05 00:00:00,28,28-7,27147105,20481,7,R,12355,8,CHCL01,2639,2012-10-05 21:23:33,2012-10-05 21:23:48,24,20,1,0,11,0,0,0,0,1,0,0,0,0,0,0,0,N,N,N
2012-10-05 00:00:00,28,28-7,27147105,20481,7,R,12355,9,CROI01,3001,2012-10-05 21:24:40,2012-10-05 21:24:48,24,20,1,0,12,0,0,1,0,0,0,0,0,0,0,0,0,N,N,N
2012-10-05 00:00:00,28,28-7,27147105,20481,7,R,12355,10,RENF02,3272,2012-10-05 21:27:00,2012-10-05 21:27:10,24,20,1,0,13,0,0,0,0,1,0,0,0,0,0,0,0,N,N,N
2012-10-05 00:00:00,28,28-7,27147105,20481,7,R,12355,11,BLDO02,3612,2012-10-05 21:28:20,2012-10-05 21:28:32,24,20,1,7,7,0,0,1,4,0,3,0,0,0,0,0,0,N,N,N
2012-10-05 00:00:00,28,28-7,27147105,20481,7,R,12355,12,GDHA01,3934,2012-10-05 21:29:23,2012-10-05 21:29:13,24,20,0,0,7,0,0,0,0,0,0,0,0,0,0,0,0,N,N,N
2012-10-05 00:00:00,28,28-7,27147105,20481,7,R,12355,13,ICC01,4194,2012-10-05 21:30:14,2012-10-05 21:30:00,24,20,1,0,8,0,0,0,0,1,0,0,0,0,0,0,0,N,N,N
2012-10-05 00:00:00,28,28-7,27147105,20481,7,R,12355,14,TOCO01,4527,2012-10-05 21:31:20,2012-10-05 21:31:06,24,20,0,1,7,0,0,0,1,0,0,0,0,0,0,0,0,N,N,N
2012-10-05 00:00:00,28,28-7,27147105,20481,7,R,12355,15,WTC01,4751,2012-10-05 21:32:04,2012-10-05 21:31:53,24,20,0,1,6,0,0,0,1,0,0,0,0,0,0,0,0,N,N,N
2012-10-05 00:00:00,28,28-7,27147105,20481,7,R,12355,16,AERO02,5131,2012-10-05 21:33:20,2012-10-05 21:33:53,24,20,5,2,9,0,1,4,1,1,0,0,0,0,0,0,0,N,N,N
2012-10-05 00:00:00,28,28-7,27147105,20481,7,R,12355,17,AREN01,5432,2012-10-05 21:34:01,2012-10-05 21:35:04,24,20,0,0,9,0,0,0,0,0,0,0,0,0,0,0,0,N,N,N
2012-10-05 00:00:00,28,28-7,27147105,20481,7,R,12355,18,PXPO04,6008,2012-10-05 21:35:20,2012-10-05 21:36:11,24,20,0,0,9,0,0,0,0,0,0,0,0,0,0,0,0,N,N,N
2012-10-05 00:00:00,28,28-7,27147105,20481,7,R,12355,19,FRET01,7133,2012-10-05 21:37:55,2012-10-05 21:38:16,24,20,0,0,9,0,0,0,0,0,0,0,0,0,0,0,0,N,N,N
2012-10-05 00:00:00,28,28-7,27147105,20481,7,R,12355,20,TRTI01,7873,2012-10-05 21:39:37,2012-10-05 21:39:53,24,20,0,1,8,0,0,0,1,0,0,0,0,0,0,0,0,N,N,N
2012-10-05 00:00:00,28,28-7,27147105,20481,7,R,12355,21,PR4701,8564,2012-10-05 21:41:12,2012-10-05 21:41:46,24,20,1,3,6,0,0,1,3,0,0,0,0,0,0,0,0,N,N,N
2012-10-05 00:00:00,28,28-7,27147105,20481,7,R,12355,22,SUSE01,8775,2012-10-05 21:41:41,2012-10-05 21:42:31,24,20,3,0,9,0,0,2,0,1,0,0,0,0,0,0,0,N,N,N
2012-10-05 00:00:00,28,28-7,27147105,20481,7,R,12355,23,GSAC01,9201,2012-10-05 21:42:40,2012-10-05 21:43:49,24,20,0,1,8,0,0,0,0,0,1,0,0,0,0,0,0,N,N,N
2012-10-05 00:00:00,28,28-7,27147105,20481,7,R,12355,24,POMI01,9531,2012-10-05 21:43:27,2012-10-05 21:44:44,24,20,0,2,6,0,0,0,0,0,2,0,0,0,0,0,0,N,N,N
2012-10-05 00:00:00,28,28-7,27147105,20481,7,R,12355,25,MORL01,9977,2012-10-05 21:44:30,2012-10-05 21:45:58,24,20,0,1,5,0,0,0,0,0,1,0,0,0,0,0,0,N,N,N
2012-10-05 00:00:00,28,28-7,27147105,20481,7,R,12355,26,VICH01,10396,2012-10-05 21:45:30,2012-10-05 21:46:56,24,20,0,0,5,0,0,0,0,0,0,0,0,0,0,0,0,N,N,N
2012-10-05 00:00:00,28,28-7,27147105,20481,7,R,12355,27,BIT00,10666,2012-10-05 21:46:08,2012-10-05 21:47:39,24,20,0,0,5,0,0,0,0,0,0,0,0,0,0,0,0,N,N,N
2012-10-05 00:00:00,28,28-7,27147105,20481,7,R,12355,28,APIA00,11175,2012-10-05 21:47:21,2012-10-05 21:48:38,24,20,0,0,5,0,0,0,0,0,0,0,0,0,0,0,0,N,N,N
2012-10-05 00:00:00,28,28-7,27147105,20481,7,R,12355,29,NATI12,11727,2012-10-05 21:48:40,2012-10-05 21:50:17,24,20,0,1,4,0,0,0,1,0,0,0,0,0,0,0,0,N,N,N
2012-10-05 00:00:00,28,28-7,27147105,20481,7,R,12355,30,RIGO01,12120,2012-10-05 21:49:17,2012-10-05 21:51:09,24,20,0,0,4,0,0,0,0,0,0,0,0,0,0,0,0,N,N,N
2012-10-05 00:00:00,28,28-7,27147105,20481,7,R,12355,31,JARB01,12355,2012-10-05 21:49:40,2012-10-05 21:51:32,24,20,0,0,4,0,0,0,0,0,0,0,0,0,0,0,0,N,N,N
2012-10-05 00:00:00,28,28-7,27147107,20481,4,A,11388,1,JARB02,0,2012-10-05 21:58:00,2012-10-05 21:58:19,4,5,0,0,0,0,0,0,0,0,0,0,0,0,0,0,0,N,N,N
2012-10-05 00:00:00,28,28-7,27147107,20481,4,A,11388,2,RIGO00,198,2012-10-05 21:58:29,2012-10-05 21:58:51,4,5,0,0,0,0,0,0,0,0,0,0,0,0,0,0,0,N,N,N
2012-10-05 00:00:00,28,28-7,27147107,20481,4,A,11388,3,NATI18,545,2012-10-05 21:59:20,2012-10-05 21:59:34,4,5,0,0,0,0,0,0,0,0,0,0,0,0,0,0,0,N,N,N
2012-10-05 00:00:00,28,28-7,27147107,20481,4,A,11388,4,APIA01,1162,2012-10-05 22:00:51,2012-10-05 22:00:49,4,5,0,0,0,0,0,0,0,0,0,0,0,0,0,0,0,N,N,N
2012-10-05 00:00:00,28,28-7,27147107,20481,4,A,11388,5,BIT01,1655,2012-10-05 22:02:03,2012-10-05 22:01:47,4,5,0,0,0,0,0,0,0,0,0,0,0,0,0,0,0,N,N,N
2012-10-05 00:00:00,28,28-7,27147107,20481,4,A,11388,6,VICH00,1899,2012-10-05 22:02:39,2012-10-05 22:02:31,4,5,0,0,0,0,0,0,0,0,0,0,0,0,0,0,0,N,N,N
2012-10-05 00:00:00,28,28-7,27147107,20481,4,A,11388,7,MORL00,2423,2012-10-05 22:03:57,2012-10-05 22:03:38,4,5,0,0,0,0,0,0,0,0,0,0,0,0,0,0,0,N,N,N
2012-10-05 00:00:00,28,28-7,27147107,20481,4,A,11388,8,POMI00,2717,2012-10-05 22:04:40,2012-10-05 22:04:12,4,5,0,0,0,0,0,0,0,0,0,0,0,0,0,0,0,N,N,N
2012-10-05 00:00:00,28,28-7,27147107,20481,4,A,11388,9,GSAC00,3120,2012-10-05 22:05:40,2012-10-05 22:05:18,4,5,1,0,1,0,0,1,0,0,0,0,0,0,0,0,0,N,N,N
2012-10-05 00:00:00,28,28-7,27147107,20481,4,A,11388,10,SUSE00,3627,2012-10-05 22:06:53,2012-10-05 22:06:25,4,5,0,0,1,0,0,0,0,0,0,0,0,0,0,0,0,N,N,N
2012-10-05 00:00:00,28,28-7,27147107,20481,4,A,11388,11,PR4700,3747,2012-10-05 22:07:11,2012-10-05 22:06:56,4,5,0,0,1,0,0,0,0,0,0,0,0,0,0,0,0,N,N,N
2012-10-05 00:00:00,28,28-7,27147107,20481,4,A,11388,12,TRTI00,4459,2012-10-05 22:08:54,2012-10-05 22:08:35,4,5,0,1,0,0,0,0,1,0,0,0,0,0,0,0,0,N,N,N
2012-10-05 00:00:00,28,28-7,27147107,20481,4,A,11388,13,FRET00,5228,2012-10-05 22:10:46,2012-10-05 22:10:12,4,5,0,0,0,0,0,0,0,0,0,0,0,0,0,0,0,N,N,N
2012-10-05 00:00:00,28,28-7,27147107,20481,4,A,11388,14,BTAI00,5551,2012-10-05 22:11:33,2012-10-05 22:10:58,4,5,0,0,0,0,0,0,0,0,0,0,0,0,0,0,0,N,N,N
2012-10-05 00:00:00,28,28-7,27147107,20481,4,A,11388,15,AREN00,5948,2012-10-05 22:12:31,2012-10-05 22:11:53,4,5,0,0,0,0,0,0,0,0,0,0,0,0,0,0,0,N,N,N
2012-10-05 00:00:00,28,28-7,27147107,20481,4,A,11388,16,AERO05,6282,2012-10-05 22:13:20,2012-10-05 22:13:12,4,5,0,0,0,0,0,0,0,0,0,0,0,0,0,0,0,N,N,N
2012-10-05 00:00:00,28,28-7,27147107,20481,4,A,11388,17,WTC00,6665,2012-10-05 22:14:35,2012-10-05 22:14:38,4,5,1,0,1,0,0,0,0,1,0,0,0,0,0,0,0,N,N,N
2012-10-05 00:00:00,28,28-7,27147107,20481,4,A,11388,18,TOCO00,6878,2012-10-05 22:15:16,2012-10-05 22:15:17,4,5,0,0,1,0,0,0,0,0,0,0,0,0,0,0,0,N,N,N
2012-10-05 00:00:00,28,28-7,27147107,20481,4,A,11388,19,ICC00,7237,2012-10-05 22:16:27,2012-10-05 22:16:22,4,5,0,0,1,0,0,0,0,0,0,0,0,0,0,0,0,N,N,N
2012-10-05 00:00:00,28,28-7,27147107,20481,4,A,11388,20,GDHA00,7477,2012-10-05 22:17:14,2012-10-05 22:17:16,4,5,0,0,1,0,0,0,0,0,0,0,0,0,0,0,0,N,N,N
2012-10-05 00:00:00,28,28-7,27147107,20481,4,A,11388,21,BLDO01,7813,2012-10-05 22:18:20,2012-10-05 22:19:11,4,5,2,0,3,0,0,1,0,1,0,0,0,0,0,0,0,N,N,N
2012-10-05 00:00:00,28,28-7,27147107,20481,4,A,11388,22,RENF00,8145,2012-10-05 22:19:20,2012-10-05 22:19:56,4,5,0,0,3,0,0,0,0,0,0,0,0,0,0,0,0,N,N,N
2012-10-05 00:00:00,28,28-7,27147107,20481,4,A,11388,23,CROI00,8418,2012-10-05 22:20:40,2012-10-05 22:20:44,4,5,0,0,3,0,0,0,0,0,0,0,0,0,0,0,0,N,N,N
2012-10-05 00:00:00,28,28-7,27147107,20481,4,A,11388,24,CHCL00,8776,2012-10-05 22:21:33,2012-10-05 22:21:37,4,5,0,0,3,0,0,0,0,0,0,0,0,0,0,0,0,N,N,N
2012-10-05 00:00:00,28,28-7,27147107,20481,4,A,11388,25,VEEC00,9090,2012-10-05 22:22:20,2012-10-05 22:22:38,4,5,0,1,2,0,0,0,0,0,1,0,0,0,0,0,0,N,N,N
2012-10-05 00:00:00,28,28-7,27147107,20481,4,A,11388,26,VEMA00,9464,2012-10-05 22:23:32,2012-10-05 22:23:44,4,5,0,1,1,0,0,0,0,0,1,0,0,0,0,0,0,N,N,N
2012-10-05 00:00:00,28,28-7,27147107,20481,4,A,11388,27,VEVI02,9814,2012-10-05 22:24:40,2012-10-05 22:24:38,4,5,0,1,0,0,0,0,0,0,1,0,0,0,0,0,0,N,Y,Y
2012-10-05 00:00:00,28,28-7,27147107,20481,4,A,11388,28,PRGR01,10191,2012-10-05 22:25:13,2012-10-05 22:25:16,4,5,0,0,0,0,0,0,0,0,0,0,0,0,0,0,0,N,N,N
2012-10-05 00:00:00,28,28-7,27147107,20481,4,A,11388,29,BOLX01,10358,2012-10-05 22:25:28,2012-10-05 22:25:44,4,5,0,1,0,0,0,0,1,0,0,0,0,0,0,0,0,N,Y,Y
2012-10-05 00:00:00,28,28-7,27147107,20481,4,A,11388,30,CEBE00,10834,2012-10-05 22:26:10,2012-10-05 22:26:41,4,5,0,0,0,0,0,0,0,0,0,0,0,0,0,0,0,N,N,N
2012-10-05 00:00:00,28,28-7,27147107,20481,4,A,11388,31,PFUM00,11388,2012-10-05 22:27:00,2012-10-05 22:27:37,4,5,0,0,0,0,0,0,0,0,0,0,0,0,0,0,0,N,N,N
2012-10-05 00:00:00,28,28-7,27147108,20481,7,R,12355,1,PFUM00,0,2012-10-05 22:37:00,2012-10-05 22:27:45,6,6,0,0,0,0,0,0,0,0,0,0,0,0,0,0,0,N,N,N
2012-10-05 00:00:00,28,28-7,27147108,20481,7,R,12355,2,CEBE01,614,2012-10-05 22:38:17,2012-10-05 22:38:16,6,6,0,0,0,0,0,0,0,0,0,0,0,0,0,0,0,N,N,N
2012-10-05 00:00:00,28,28-7,27147108,20481,7,R,12355,3,BOLX00,1095,2012-10-05 22:39:17,2012-10-05 22:39:12,6,6,0,0,0,0,0,0,0,0,0,0,0,0,0,0,0,N,N,N
2012-10-05 00:00:00,28,28-7,27147108,20481,7,R,12355,4,PRGR00,1278,2012-10-05 22:39:40,2012-10-05 22:39:30,6,6,0,0,0,0,0,0,0,0,0,0,0,0,0,0,0,N,N,N
2012-10-05 00:00:00,28,28-7,27147108,20481,7,R,12355,5,VEVI00,1590,2012-10-05 22:40:20,2012-10-05 22:40:13,6,6,0,0,0,0,0,0,0,0,0,0,0,0,0,0,0,N,N,N
2012-10-05 00:00:00,28,28-7,27147108,20481,7,R,12355,6,VEMA01,1940,2012-10-05 22:41:15,2012-10-05 22:41:05,6,6,0,0,0,0,0,0,0,0,0,0,0,0,0,0,0,N,N,N
2012-10-05 00:00:00,28,28-7,27147108,20481,7,R,12355,7,VEEC01,2350,2012-10-05 22:42:20,2012-10-05 22:42:14,6,6,1,0,1,0,0,0,0,1,0,0,0,0,0,0,0,N,N,N
2012-10-05 00:00:00,28,28-7,27147108,20481,7,R,12355,8,CHCL01,2639,2012-10-05 22:43:04,2012-10-05 22:43:16,6,6,2,0,3,0,0,2,0,0,0,0,0,0,0,0,0,N,N,N
2012-10-05 00:00:00,28,28-7,27147108,20481,7,R,12355,9,CROI01,3001,2012-10-05 22:44:00,2012-10-05 22:44:15,6,6,0,1,2,0,0,0,0,0,1,0,0,0,0,0,0,N,N,N
2012-10-05 00:00:00,28,28-7,27147108,20481,7,R,12355,10,RENF02,3272,2012-10-05 22:45:40,2012-10-05 22:46:32,6,6,1,0,3,0,0,1,0,0,0,0,0,0,0,0,0,N,N,N
2012-10-05 00:00:00,28,28-7,27147108,20481,7,R,12355,11,BLDO02,3612,2012-10-05 22:47:00,2012-10-05 22:47:48,6,6,0,2,1,0,0,0,2,0,0,0,0,0,0,0,0,N,N,N
2012-10-05 00:00:00,28,28-7,27147108,20481,7,R,12355,12,GDHA01,3934,2012-10-05 22:47:59,2012-10-05 22:48:49,6,6,0,0,1,0,0,0,0,0,0,0,0,0,0,0,0,N,N,N
2012-10-05 00:00:00,28,28-7,27147108,20481,7,R,12355,13,ICC01,4194,2012-10-05 22:48:47,2012-10-05 22:49:42,6,6,0,0,1,0,0,0,0,0,0,0,0,0,0,0,0,N,N,N
2012-10-05 00:00:00,28,28-7,27147108,20481,7,R,12355,14,TOCO01,4527,2012-10-05 22:49:48,2012-10-05 22:50:32,6,6,0,1,0,0,1,0,0,0,0,0,0,0,0,0,0,N,N,N
2012-10-05 00:00:00,28,28-7,27147108,20481,7,R,12355,15,WTC01,4751,2012-10-05 22:50:29,2012-10-05 22:51:23,6,6,0,0,0,0,0,0,0,0,0,0,0,0,0,0,0,N,N,N
2012-10-05 00:00:00,28,28-7,27147108,20481,7,R,12355,16,AERO02,5131,2012-10-05 22:51:40,2012-10-05 22:52:46,6,6,2,0,2,0,0,0,0,2,0,0,0,0,0,0,0,N,N,N
2012-10-05 00:00:00,28,28-7,27147108,20481,7,R,12355,17,AREN01,5432,2012-10-05 22:52:19,2012-10-05 22:53:54,6,6,0,0,2,0,0,0,0,0,0,0,0,0,0,0,0,N,N,N
2012-10-05 00:00:00,28,28-7,27147108,20481,7,R,12355,18,PXPO04,6008,2012-10-05 22:53:36,2012-10-05 22:55:08,6,6,0,0,2,0,0,0,0,0,0,0,0,0,0,0,0,N,N,N
2012-10-05 00:00:00,28,28-7,27147108,20481,7,R,12355,19,FRET01,7133,2012-10-05 22:56:05,2012-10-05 22:57:17,6,6,0,0,2,0,0,0,0,0,0,0,0,0,0,0,0,N,N,N
2012-10-05 00:00:00,28,28-7,27147108,20481,7,R,12355,20,TRTI01,7873,2012-10-05 22:57:43,2012-10-05 22:58:41,6,6,0,0,2,0,0,0,0,0,0,0,0,0,0,0,0,N,N,N
2012-10-05 00:00:00,28,28-7,27147108,20481,7,R,12355,21,PR4701,8564,2012-10-05 22:59:15,2012-10-05 23:00:11,6,6,0,0,2,0,0,0,0,0,0,0,0,0,0,0,0,N,N,N
2012-10-05 00:00:00,28,28-7,27147108,20481,7,R,12355,22,SUSE01,8775,2012-10-05 22:59:43,2012-10-05 23:00:44,6,6,0,2,0,0,0,0,0,0,2,0,0,0,0,0,0,N,N,N
2012-10-05 00:00:00,28,28-7,27147108,20481,7,R,12355,23,GSAC01,9201,2012-10-05 23:00:40,2012-10-05 23:01:43,6,6,0,0,0,0,0,0,0,0,0,0,0,0,0,0,0,N,N,N
2012-10-05 00:00:00,28,28-7,27147108,20481,7,R,12355,24,POMI01,9531,2012-10-05 23:01:24,2012-10-05 23:02:21,6,6,0,0,0,0,0,0,0,0,0,0,0,0,0,0,0,N,N,N
2012-10-05 00:00:00,28,28-7,27147108,20481,7,R,12355,25,MORL01,9977,2012-10-05 23:02:24,2012-10-05 23:03:18,6,6,0,0,0,0,0,0,0,0,0,0,0,0,0,0,0,N,N,N
2012-10-05 00:00:00,28,28-7,27147108,20481,7,R,12355,26,VICH01,10396,2012-10-05 23:03:20,2012-10-05 23:04:18,6,6,0,0,0,0,0,0,0,0,0,0,0,0,0,0,0,N,N,N
2012-10-05 00:00:00,28,28-7,27147108,20481,7,R,12355,27,BIT00,10666,2012-10-05 23:03:57,2012-10-05 23:04:59,6,6,0,0,0,0,0,0,0,0,0,0,0,0,0,0,0,N,N,N
2012-10-05 00:00:00,28,28-7,27147108,20481,7,R,12355,28,APIA00,11175,2012-10-05 23:05:05,2012-10-05 23:06:02,6,6,0,0,0,0,0,0,0,0,0,0,0,0,0,0,0,N,N,N
2012-10-05 00:00:00,28,28-7,27147108,20481,7,R,12355,29,NATI12,11727,2012-10-05 23:06:20,2012-10-05 23:07:37,6,6,0,0,0,0,0,0,0,0,0,0,0,0,0,0,0,N,N,N
2012-10-05 00:00:00,28,28-7,27147108,20481,7,R,12355,30,RIGO01,12120,2012-10-05 23:06:57,2012-10-05 23:08:17,6,6,0,0,0,0,0,0,0,0,0,0,0,0,0,0,0,N,N,N
2012-10-05 00:00:00,28,28-7,27147108,20481,7,R,12355,31,JARB01,12355,2012-10-05 23:07:20,2012-10-05 23:08:38,6,6,0,0,0,0,0,0,0,0,0,0,0,0,0,0,0,N,N,N
2012-10-05 00:00:00,28,28-7,27147110,20481,4,A,11388,1,JARB02,0,2012-10-05 23:18:00,2012-10-05 23:18:01,11,10,0,0,0,0,0,0,0,0,0,0,0,0,0,0,0,N,N,N
2012-10-05 00:00:00,28,28-7,27147110,20481,4,A,11388,2,RIGO00,198,2012-10-05 23:18:29,2012-10-05 23:18:32,11,10,0,0,0,0,0,0,0,0,0,0,0,0,0,0,0,N,N,N
2012-10-05 00:00:00,28,28-7,27147110,20481,4,A,11388,3,NATI18,545,2012-10-05 23:19:20,2012-10-05 23:19:17,11,10,0,0,0,0,0,0,0,0,0,0,0,0,0,0,0,N,N,N
2012-10-05 00:00:00,28,28-7,27147110,20481,4,A,11388,4,APIA01,1162,2012-10-05 23:20:51,2012-10-05 23:20:31,11,10,0,0,0,0,0,0,0,0,0,0,0,0,0,0,0,N,N,N
2012-10-05 00:00:00,28,28-7,27147110,20481,4,A,11388,5,BIT01,1655,2012-10-05 23:22:03,2012-10-05 23:21:32,11,10,0,0,0,0,0,0,0,0,0,0,0,0,0,0,0,N,N,N
2012-10-05 00:00:00,28,28-7,27147110,20481,4,A,11388,6,VICH00,1899,2012-10-05 23:22:39,2012-10-05 23:22:17,11,10,0,0,0,0,0,0,0,0,0,0,0,0,0,0,0,N,N,N
2012-10-05 00:00:00,28,28-7,27147110,20481,4,A,11388,7,MORL00,2423,2012-10-05 23:23:57,2012-10-05 23:23:58,11,10,1,0,1,0,0,1,0,0,0,0,0,0,0,0,0,N,N,N
2012-10-05 00:00:00,28,28-7,27147110,20481,4,A,11388,8,POMI00,2717,2012-10-05 23:24:40,2012-10-05 23:24:53,11,10,0,0,1,0,0,0,0,0,0,0,0,0,0,0,0,N,N,N
2012-10-05 00:00:00,28,28-7,27147110,20481,4,A,11388,9,GSAC00,3120,2012-10-05 23:25:40,2012-10-05 23:25:58,11,10,3,0,4,0,0,2,0,1,0,0,0,0,0,0,0,N,N,N
2012-10-05 00:00:00,28,28-7,27147110,20481,4,A,11388,10,SUSE00,3627,2012-10-05 23:26:50,2012-10-05 23:27:15,11,10,0,1,3,0,0,0,1,0,0,0,0,0,0,0,0,N,N,N
2012-10-05 00:00:00,28,28-7,27147110,20481,4,A,11388,11,PR4700,3747,2012-10-05 23:27:07,2012-10-05 23:27:38,11,10,0,0,3,0,0,0,0,0,0,0,0,0,0,0,0,N,N,N
2012-10-05 00:00:00,28,28-7,27147110,20481,4,A,11388,12,TRTI00,4459,2012-10-05 23:28:46,2012-10-05 23:29:20,11,10,0,0,3,0,0,0,0,0,0,0,0,0,0,0,0,N,N,N
2012-10-05 00:00:00,28,28-7,27147110,20481,4,A,11388,13,FRET00,5228,2012-10-05 23:30:33,2012-10-05 23:30:40,11,10,0,0,3,0,0,0,0,0,0,0,0,0,0,0,0,N,N,N
2012-10-05 00:00:00,28,28-7,27147110,20481,4,A,11388,14,BTAI00,5551,2012-10-05 23:31:18,2012-10-05 23:31:40,11,10,1,0,4,0,0,0,0,1,0,0,0,0,0,0,0,N,N,N
2012-10-05 00:00:00,28,28-7,27147110,20481,4,A,11388,15,AREN00,5948,2012-10-05 23:32:13,2012-10-05 23:32:34,11,10,0,0,4,0,0,0,0,0,0,0,0,0,0,0,0,N,N,N
2012-10-05 00:00:00,28,28-7,27147110,20481,4,A,11388,16,AERO05,6282,2012-10-05 23:33:00,2012-10-05 23:33:44,11,10,0,1,3,0,1,0,0,0,0,0,0,0,0,0,0,N,N,N
2012-10-05 00:00:00,28,28-7,27147110,20481,4,A,11388,17,WTC00,6665,2012-10-05 23:34:15,2012-10-05 23:35:09,11,10,1,0,4,0,0,1,0,0,0,0,0,0,0,0,0,N,N,N
2012-10-05 00:00:00,28,28-7,27147110,20481,4,A,11388,18,TOCO00,6878,2012-10-05 23:34:56,2012-10-05 23:35:55,11,10,1,0,5,0,0,1,0,0,0,0,0,0,0,0,0,N,N,N
2012-10-05 00:00:00,28,28-7,27147110,20481,4,A,11388,19,ICC00,7237,2012-10-05 23:36:07,2012-10-05 23:36:59,11,10,0,0,5,0,0,0,0,0,0,0,0,0,0,0,0,N,N,N
2012-10-05 00:00:00,28,28-7,27147110,20481,4,A,11388,20,GDHA00,7477,2012-10-05 23:36:54,2012-10-05 23:37:48,11,10,0,0,5,0,0,0,0,0,0,0,0,0,0,0,0,N,N,N
2012-10-05 00:00:00,28,28-7,27147110,20481,4,A,11388,21,BLDO01,7813,2012-10-05 23:38:00,2012-10-05 23:39:41,11,10,1,1,5,0,0,1,0,0,1,0,0,0,0,0,0,N,N,N
2012-10-05 00:00:00,28,28-7,27147110,20481,4,A,11388,22,RENF00,8145,2012-10-05 23:39:00,2012-10-05 23:40:28,11,10,0,1,4,0,1,0,0,0,0,0,0,0,0,0,0,N,N,N
2012-10-05 00:00:00,28,28-7,27147110,20481,4,A,11388,23,CROI00,8418,2012-10-05 23:40:20,2012-10-05 23:42:23,11,10,2,1,5,0,0,0,1,2,0,0,0,0,0,0,0,N,N,N
2012-10-05 00:00:00,28,28-7,27147110,20481,4,A,11388,24,CHCL00,8776,2012-10-05 23:41:13,2012-10-05 23:43:22,11,10,0,1,4,0,0,0,1,0,0,0,0,0,0,0,0,N,N,N
2012-10-05 00:00:00,28,28-7,27147110,20481,4,A,11388,25,VEEC00,9090,2012-10-05 23:42:00,2012-10-05 23:44:18,11,10,0,0,4,0,0,0,0,0,0,0,0,0,0,0,0,N,N,N
2012-10-05 00:00:00,28,28-7,27147110,20481,4,A,11388,26,VEMA00,9464,2012-10-05 23:43:01,2012-10-05 23:45:29,11,10,0,1,3,0,0,0,1,0,0,0,0,0,0,0,0,N,N,N
2012-10-05 00:00:00,28,28-7,27147110,20481,4,A,11388,27,VEVI02,9814,2012-10-05 23:44:00,2012-10-05 23:46:22,11,10,1,0,4,1,0,0,0,0,0,0,0,0,0,0,0,N,Y,Y
2012-10-05 00:00:00,28,28-7,27147110,20481,4,A,11388,28,PRGR01,10191,2012-10-05 23:44:33,2012-10-05 23:47:22,11,10,0,3,1,0,1,0,0,0,2,0,0,0,0,0,0,N,N,N
2012-10-05 00:00:00,28,28-7,27147110,20481,4,A,11388,29,BOLX01,10358,2012-10-05 23:44:48,2012-10-05 23:47:55,11,10,0,0,1,0,0,0,0,0,0,0,0,0,0,0,0,N,N,N
2012-10-05 00:00:00,28,28-7,27147110,20481,4,A,11388,30,CEBE00,10834,2012-10-05 23:45:30,2012-10-05 23:48:49,11,10,0,0,1,0,0,0,0,0,0,0,0,0,0,0,0,N,N,N
2012-10-05 00:00:00,28,28-7,27147110,20481,4,A,11388,31,PFUM00,11388,2012-10-05 23:46:20,2012-10-05 23:49:41,11,10,0,0,1,0,0,0,0,0,0,0,0,0,0,0,0,N,N,N
2012-10-05 00:00:00,28,28-7,27147111,20481,7,R,12355,1,PFUM00,0,2012-10-05 23:57:00,2012-10-05 23:49:52,1,1,0,0,0,0,0,0,0,0,0,0,0,0,0,0,0,N,N,N
2012-10-05 00:00:00,28,28-7,27147111,20481,7,R,12355,2,CEBE01,614,2012-10-05 23:58:17,2012-10-05 23:58:15,1,1,0,0,0,0,0,0,0,0,0,0,0,0,0,0,0,N,N,N
2012-10-05 00:00:00,28,28-7,27147111,20481,7,R,12355,3,BOLX00,1095,2012-10-05 23:59:17,2012-10-05 23:59:11,1,1,0,0,0,0,0,0,0,0,0,0,0,0,0,0,0,N,N,N
2012-10-05 00:00:00,28,28-7,27147111,20481,7,R,12355,4,PRGR00,1278,2012-10-05 23:59:40,2012-10-05 23:59:29,1,1,0,0,0,0,0,0,0,0,0,0,0,0,0,0,0,N,N,N
2012-10-05 00:00:00,28,28-7,27147111,20481,7,R,12355,5,VEVI00,1590,2012-10-06 00:00:20,2012-10-06 00:00:07,1,1,0,0,0,0,0,0,0,0,0,0,0,0,0,0,0,N,N,N
2012-10-05 00:00:00,28,28-7,27147111,20481,7,R,12355,6,VEMA01,1940,2012-10-06 00:01:15,2012-10-06 00:00:52,1,1,0,0,0,0,0,0,0,0,0,0,0,0,0,0,0,N,N,N
2012-10-05 00:00:00,28,28-7,27147111,20481,7,R,12355,7,VEEC01,2350,2012-10-06 00:02:20,2012-10-06 00:02:00,1,1,0,0,0,0,0,0,0,0,0,0,0,0,0,0,0,N,N,N
2012-10-05 00:00:00,28,28-7,27147111,20481,7,R,12355,8,CHCL01,2639,2012-10-06 00:03:04,2012-10-06 00:02:56,1,1,1,0,1,0,0,0,0,1,0,0,0,0,0,0,0,N,N,N
2012-10-05 00:00:00,28,28-7,27147111,20481,7,R,12355,9,CROI01,3001,2012-10-06 00:04:00,2012-10-06 00:04:01,1,1,0,0,1,0,0,0,0,0,0,0,0,0,0,0,0,N,N,N
2012-10-05 00:00:00,28,28-7,27147111,20481,7,R,12355,10,RENF02,3272,2012-10-06 00:05:40,2012-10-06 00:05:43,1,1,0,0,1,0,0,0,0,0,0,0,0,0,0,0,0,N,N,N
2012-10-05 00:00:00,28,28-7,27147111,20481,7,R,12355,11,BLDO02,3612,2012-10-06 00:07:00,2012-10-06 00:06:59,1,1,0,0,1,0,0,0,0,0,0,0,0,0,0,0,0,N,N,N
2012-10-05 00:00:00,28,28-7,27147111,20481,7,R,12355,12,GDHA01,3934,2012-10-06 00:07:59,2012-10-06 00:07:55,1,1,0,0,1,0,0,0,0,0,0,0,0,0,0,0,0,N,N,N
2012-10-05 00:00:00,28,28-7,27147111,20481,7,R,12355,13,ICC01,4194,2012-10-06 00:08:47,2012-10-06 00:08:22,1,1,0,0,1,0,0,0,0,0,0,0,0,0,0,0,0,N,N,N
2012-10-05 00:00:00,28,28-7,27147111,20481,7,R,12355,14,TOCO01,4527,2012-10-06 00:09:48,2012-10-06 00:09:09,1,1,0,0,1,0,0,0,0,0,0,0,0,0,0,0,0,N,N,N
2012-10-05 00:00:00,28,28-7,27147111,20481,7,R,12355,15,WTC01,4751,2012-10-06 00:10:29,2012-10-06 00:09:46,1,1,0,0,1,0,0,0,0,0,0,0,0,0,0,0,0,N,N,N
2012-10-05 00:00:00,28,28-7,27147111,20481,7,R,12355,16,AERO02,5131,2012-10-06 00:11:40,2012-10-06 00:11:07,1,1,0,0,1,0,0,0,0,0,0,0,0,0,0,0,0,N,N,N
2012-10-05 00:00:00,28,28-7,27147111,20481,7,R,12355,17,AREN01,5432,2012-10-06 00:12:19,2012-10-06 00:12:09,1,1,0,0,1,0,0,0,0,0,0,0,0,0,0,0,0,N,N,N
2012-10-05 00:00:00,28,28-7,27147111,20481,7,R,12355,18,PXPO04,6008,2012-10-06 00:13:36,2012-10-06 00:13:20,1,1,0,0,1,0,0,0,0,0,0,0,0,0,0,0,0,N,N,N
2012-10-05 00:00:00,28,28-7,27147111,20481,7,R,12355,19,FRET01,7133,2012-10-06 00:16:05,2012-10-06 00:15:24,1,1,0,0,1,0,0,0,0,0,0,0,0,0,0,0,0,N,N,N
2012-10-05 00:00:00,28,28-7,27147111,20481,7,R,12355,20,TRTI01,7873,2012-10-06 00:17:43,2012-10-06 00:16:46,1,1,0,0,1,0,0,0,0,0,0,0,0,0,0,0,0,N,N,N
2012-10-05 00:00:00,28,28-7,27147111,20481,7,R,12355,21,PR4701,8564,2012-10-06 00:19:15,2012-10-06 00:18:25,1,1,0,0,1,0,0,0,0,0,0,0,0,0,0,0,0,N,N,N
2012-10-05 00:00:00,28,28-7,27147111,20481,7,R,12355,22,SUSE01,8775,2012-10-06 00:19:43,2012-10-06 00:18:52,1,1,0,0,1,0,0,0,0,0,0,0,0,0,0,0,0,N,N,N
2012-10-05 00:00:00,28,28-7,27147111,20481,7,R,12355,23,GSAC01,9201,2012-10-06 00:20:40,2012-10-06 00:19:49,1,1,0,0,1,0,0,0,0,0,0,0,0,0,0,0,0,N,N,N
2012-10-05 00:00:00,28,28-7,27147111,20481,7,R,12355,24,POMI01,9531,2012-10-06 00:21:21,2012-10-06 00:20:27,1,1,0,0,1,0,0,0,0,0,0,0,0,0,0,0,0,N,N,N
2012-10-05 00:00:00,28,28-7,27147111,20481,7,R,12355,25,MORL01,9977,2012-10-06 00:22:18,2012-10-06 00:21:22,1,1,0,0,1,0,0,0,0,0,0,0,0,0,0,0,0,N,N,N
2012-10-05 00:00:00,28,28-7,27147111,20481,7,R,12355,26,VICH01,10396,2012-10-06 00:23:11,2012-10-06 00:22:13,1,1,0,0,1,0,0,0,0,0,0,0,0,0,0,0,0,N,N,N
2012-10-05 00:00:00,28,28-7,27147111,20481,7,R,12355,27,BIT00,10666,2012-10-06 00:23:45,2012-10-06 00:22:56,1,1,0,0,1,0,0,0,0,0,0,0,0,0,0,0,0,N,N,N
2012-10-05 00:00:00,28,28-7,27147111,20481,7,R,12355,28,APIA00,11175,2012-10-06 00:24:50,2012-10-06 00:23:50,1,1,0,0,1,0,0,0,0,0,0,0,0,0,0,0,0,N,N,N
2012-10-05 00:00:00,28,28-7,27147111,20481,7,R,12355,29,NATI12,11727,2012-10-06 00:26:00,2012-10-06 00:25:01,1,1,0,1,0,0,0,0,0,0,1,0,0,0,0,0,0,N,N,N
2012-10-05 00:00:00,28,28-7,27147111,20481,7,R,12355,30,RIGO01,12120,2012-10-06 00:26:50,2012-10-06 00:25:42,1,1,0,0,0,0,0,0,0,0,0,0,0,0,0,0,0,N,N,N
2012-10-05 00:00:00,28,28-7,27147111,20481,7,R,12355,31,JARB01,12355,2012-10-06 00:27:20,2012-10-06 00:26:02,1,1,0,0,0,0,0,0,0,0,0,0,0,0,0,0,0,N,N,N
2012-10-05 00:00:00,28,28-1,27146947,20482,4,A,11388,1,JARB02,0,2012-10-05 05:27:00,2012-10-05 05:27:38,9,10,1,1,0,1,1,0,0,0,0,0,0,0,0,0,0,N,N,N
2012-10-05 00:00:00,28,28-1,27146947,20482,4,A,11388,2,RIGO00,198,2012-10-05 05:27:29,2012-10-05 05:28:17,9,10,0,0,0,0,0,0,0,0,0,0,0,0,0,0,0,N,N,N
2012-10-05 00:00:00,28,28-1,27146947,20482,4,A,11388,3,NATI18,545,2012-10-05 05:28:20,2012-10-05 05:28:59,9,10,2,0,2,0,0,2,0,0,0,0,0,0,0,0,0,N,N,N
2012-10-05 00:00:00,28,28-1,27146947,20482,4,A,11388,4,APIA01,1162,2012-10-05 05:29:46,2012-10-05 05:30:10,9,10,0,2,0,0,0,0,2,0,0,0,0,0,0,0,0,N,N,N
2012-10-05 00:00:00,28,28-1,27146947,20482,4,A,11388,5,BIT01,1655,2012-10-05 05:30:55,2012-10-05 05:31:01,9,10,0,0,0,0,0,0,0,0,0,0,0,0,0,0,0,N,N,N
2012-10-05 00:00:00,28,28-1,27146947,20482,4,A,11388,6,VICH00,1899,2012-10-05 05:31:29,2012-10-05 05:31:36,9,10,0,0,0,0,0,0,0,0,0,0,0,0,0,0,0,N,N,N
2012-10-05 00:00:00,28,28-1,27146947,20482,4,A,11388,7,MORL00,2423,2012-10-05 05:32:42,2012-10-05 05:32:30,9,10,0,0,0,0,0,0,0,0,0,0,0,0,0,0,0,N,N,N
2012-10-05 00:00:00,28,28-1,27146947,20482,4,A,11388,8,POMI00,2717,2012-10-05 05:33:23,2012-10-05 05:33:01,9,10,0,0,0,0,0,0,0,0,0,0,0,0,0,0,0,N,N,N
2012-10-05 00:00:00,28,28-1,27146947,20482,4,A,11388,9,GSAC00,3120,2012-10-05 05:34:20,2012-10-05 05:33:51,9,10,2,0,2,0,0,1,0,1,0,0,0,0,0,0,0,N,N,N
2012-10-05 00:00:00,28,28-1,27146947,20482,4,A,11388,10,SUSE00,3627,2012-10-05 05:35:30,2012-10-05 05:35:08,9,10,0,0,2,0,0,0,0,0,0,0,0,0,0,0,0,N,N,N
2012-10-05 00:00:00,28,28-1,27146947,20482,4,A,11388,11,PR4700,3747,2012-10-05 05:35:47,2012-10-05 05:35:25,9,10,0,0,2,0,0,0,0,0,0,0,0,0,0,0,0,N,N,N
2012-10-05 00:00:00,28,28-1,27146947,20482,4,A,11388,12,TRTI00,4459,2012-10-05 05:37:26,2012-10-05 05:36:37,9,10,0,0,2,0,0,0,0,0,0,0,0,0,0,0,0,N,N,N
2012-10-05 00:00:00,28,28-1,27146947,20482,4,A,11388,13,FRET00,5228,2012-10-05 05:39:13,2012-10-05 05:37:58,9,10,0,0,2,0,0,0,0,0,0,0,0,0,0,0,0,N,N,N
2012-10-05 00:00:00,28,28-1,27146947,20482,4,A,11388,14,BTAI00,5551,2012-10-05 05:39:58,2012-10-05 05:38:50,9,10,0,0,2,0,0,0,0,0,0,0,0,0,0,0,0,N,N,N
2012-10-05 00:00:00,28,28-1,27146947,20482,4,A,11388,15,AREN00,5948,2012-10-05 05:40:53,2012-10-05 05:39:42,9,10,0,0,2,0,0,0,0,0,0,0,0,0,0,0,0,N,N,N
2012-10-05 00:00:00,28,28-1,27146947,20482,4,A,11388,16,AERO05,6282,2012-10-05 05:41:40,2012-10-05 05:40:58,9,10,0,2,0,0,2,0,0,0,0,0,0,0,0,0,0,N,N,N
2012-10-05 00:00:00,28,28-1,27146947,20482,4,A,11388,17,WTC00,6665,2012-10-05 05:42:55,2012-10-05 05:42:52,9,10,0,0,0,0,0,0,0,0,0,0,0,0,0,0,0,N,N,N
2012-10-05 00:00:00,28,28-1,27146947,20482,4,A,11388,18,TOCO00,6878,2012-10-05 05:43:36,2012-10-05 05:43:28,9,10,0,0,0,0,0,0,0,0,0,0,0,0,0,0,0,N,N,N
2012-10-05 00:00:00,28,28-1,27146947,20482,4,A,11388,19,ICC00,7237,2012-10-05 05:44:47,2012-10-05 05:44:17,9,10,0,0,0,0,0,0,0,0,0,0,0,0,0,0,0,N,N,N
2012-10-05 00:00:00,28,28-1,27146947,20482,4,A,11388,20,GDHA00,7477,2012-10-05 05:45:34,2012-10-05 05:44:42,9,10,0,0,0,0,0,0,0,0,0,0,0,0,0,0,0,N,N,N
2012-10-05 00:00:00,28,28-1,27146947,20482,4,A,11388,21,BLDO01,7813,2012-10-05 05:46:40,2012-10-05 05:46:24,9,10,3,0,3,0,0,1,0,2,0,0,0,0,0,0,0,N,N,N
2012-10-05 00:00:00,28,28-1,27146947,20482,4,A,11388,22,RENF00,8145,2012-10-05 05:47:40,2012-10-05 05:47:51,9,10,0,0,3,0,0,0,0,0,0,0,0,0,0,0,0,N,N,N
2012-10-05 00:00:00,28,28-1,27146947,20482,4,A,11388,23,CROI00,8418,2012-10-05 05:49:00,2012-10-05 05:48:42,9,10,0,1,2,0,0,0,1,0,0,0,0,0,0,0,0,N,N,N
2012-10-05 00:00:00,28,28-1,27146947,20482,4,A,11388,24,CHCL00,8776,2012-10-05 05:49:53,2012-10-05 05:49:31,9,10,0,0,2,0,0,0,0,0,0,0,0,0,0,0,0,N,N,N
2012-10-05 00:00:00,28,28-1,27146947,20482,4,A,11388,25,VEEC00,9090,2012-10-05 05:50:40,2012-10-05 05:50:20,9,10,0,1,1,0,0,0,1,0,0,0,0,0,0,0,0,N,N,N
2012-10-05 00:00:00,28,28-1,27146947,20482,4,A,11388,26,VEMA00,9464,2012-10-05 05:51:52,2012-10-05 05:51:48,9,10,1,1,1,1,1,0,0,0,0,0,0,0,0,0,0,N,N,N
2012-10-05 00:00:00,28,28-1,27146947,20482,4,A,11388,27,VEVI02,9814,2012-10-05 05:53:00,2012-10-05 05:52:42,9,10,0,1,0,0,0,0,0,0,1,0,0,0,0,0,0,N,Y,Y
2012-10-05 00:00:00,28,28-1,27146947,20482,4,A,11388,28,PRGR01,10191,2012-10-05 05:53:33,2012-10-05 05:53:19,9,10,0,0,0,0,0,0,0,0,0,0,0,0,0,0,0,N,N,N
2012-10-05 00:00:00,28,28-1,27146947,20482,4,A,11388,29,BOLX01,10358,2012-10-05 05:53:48,2012-10-05 05:53:32,9,10,0,0,0,0,0,0,0,0,0,0,0,0,0,0,0,N,N,N
2012-10-05 00:00:00,28,28-1,27146947,20482,4,A,11388,30,CEBE00,10834,2012-10-05 05:54:30,2012-10-05 05:54:20,9,10,0,0,0,0,0,0,0,0,0,0,0,0,0,0,0,N,N,N
2012-10-05 00:00:00,28,28-1,27146947,20482,4,A,11388,31,PFUM00,11388,2012-10-05 05:55:20,2012-10-05 05:55:07,9,10,0,1,0,0,0,0,1,0,0,0,0,0,0,0,0,N,N,N
2012-10-05 00:00:00,28,28-1,27146948,20482,7,R,12355,1,PFUM00,0,2012-10-05 06:00:00,2012-10-05 06:01:18,9,10,0,0,0,0,0,0,0,0,0,0,0,0,0,0,0,N,N,N
2012-10-05 00:00:00,28,28-1,27146948,20482,7,R,12355,2,CEBE01,614,2012-10-05 06:01:24,2012-10-05 06:02:22,9,10,0,0,0,0,0,0,0,0,0,0,0,0,0,0,0,N,N,N
2012-10-05 00:00:00,28,28-1,27146948,20482,7,R,12355,3,BOLX00,1095,,2012-10-05 06:03:19,9,10,1,0,1,0,0,1,0,0,0,0,0,0,0,0,0,N,Y,Y
2012-10-05 00:00:00,28,28-1,27146948,20482,7,R,12355,4,PRGR00,1278,2012-10-05 06:02:56,2012-10-05 06:03:41,9,10,0,0,1,0,0,0,0,0,0,0,0,0,0,0,0,N,N,N
2012-10-05 00:00:00,28,28-1,27146948,20482,7,R,12355,5,VEVI00,1590,2012-10-05 06:03:40,2012-10-05 06:04:18,9,10,2,0,3,0,0,2,0,0,0,0,0,0,0,0,0,N,N,N
2012-10-05 00:00:00,28,28-1,27146948,20482,7,R,12355,6,VEMA01,1940,2012-10-05 06:04:44,2012-10-05 06:05:08,9,10,0,0,3,0,0,0,0,0,0,0,0,0,0,0,0,N,N,N
2012-10-05 00:00:00,28,28-1,27146948,20482,7,R,12355,7,VEEC01,2350,2012-10-05 06:06:00,2012-10-05 06:06:12,9,10,0,0,3,0,0,0,0,0,0,0,0,0,0,0,0,N,N,N
2012-10-05 00:00:00,28,28-1,27146948,20482,7,R,12355,8,CHCL01,2639,2012-10-05 06:06:53,2012-10-05 06:07:02,9,10,1,0,4,0,0,0,0,1,0,0,0,0,0,0,0,N,N,N
2012-10-05 00:00:00,28,28-1,27146948,20482,7,R,12355,9,CROI01,3001,2012-10-05 06:08:00,2012-10-05 06:07:55,9,10,0,0,4,0,0,0,0,0,0,0,0,0,0,0,0,N,N,N
2012-10-05 00:00:00,28,28-1,27146948,20482,7,R,12355,10,RENF02,3272,2012-10-05 06:10:00,2012-10-05 06:09:44,9,10,0,0,4,0,0,0,0,0,0,0,0,0,0,0,0,N,N,N
2012-10-05 00:00:00,28,28-1,27146948,20482,7,R,12355,11,BLDO02,3612,2012-10-05 06:11:40,2012-10-05 06:11:17,9,10,1,2,3,0,0,1,1,0,1,0,0,0,0,0,0,N,N,N
2012-10-05 00:00:00,28,28-1,27146948,20482,7,R,12355,12,GDHA01,3934,2012-10-05 06:12:43,2012-10-05 06:11:53,9,10,0,0,3,0,0,0,0,0,0,0,0,0,0,0,0,N,N,N
2012-10-05 00:00:00,28,28-1,27146948,20482,7,R,12355,13,ICC01,4194,2012-10-05 06:13:34,2012-10-05 06:12:17,9,10,0,0,3,0,0,0,0,0,0,0,0,0,0,0,0,N,N,N
2012-10-05 00:00:00,28,28-1,27146948,20482,7,R,12355,14,TOCO01,4527,2012-10-05 06:14:40,2012-10-05 06:13:13,9,10,0,1,2,0,0,0,1,0,0,0,0,0,0,0,0,N,N,N
2012-10-05 00:00:00,28,28-1,27146948,20482,7,R,12355,15,WTC01,4751,2012-10-05 06:15:24,2012-10-05 06:13:51,9,10,0,0,2,0,0,0,0,0,0,0,0,0,0,0,0,N,N,N
2012-10-05 00:00:00,28,28-1,27146948,20482,7,R,12355,16,AERO02,5131,2012-10-05 06:16:40,2012-10-05 06:16:05,9,10,1,1,2,0,0,0,1,1,0,0,0,0,0,0,0,N,N,N
2012-10-05 00:00:00,28,28-1,27146948,20482,7,R,12355,17,AREN01,5432,2012-10-05 06:17:22,2012-10-05 06:17:17,9,10,0,0,2,0,0,0,0,0,0,0,0,0,0,0,0,N,N,N
2012-10-05 00:00:00,28,28-1,27146948,20482,7,R,12355,18,PXPO04,6008,2012-10-05 06:18:44,2012-10-05 06:18:26,9,10,0,0,2,0,0,0,0,0,0,0,0,0,0,0,0,N,N,N
2012-10-05 00:00:00,28,28-1,27146948,20482,7,R,12355,19,FRET01,7133,2012-10-05 06:21:25,2012-10-05 06:20:27,9,10,0,2,0,0,0,0,0,0,2,0,0,0,0,0,0,N,N,N
2012-10-05 00:00:00,28,28-1,27146948,20482,7,R,12355,20,TRTI01,7873,2012-10-05 06:23:10,2012-10-05 06:21:39,9,10,0,0,0,0,0,0,0,0,0,0,0,0,0,0,0,N,N,N
2012-10-05 00:00:00,28,28-1,27146948,20482,7,R,12355,21,PR4701,8564,2012-10-05 06:24:49,2012-10-05 06:22:58,9,10,0,0,0,0,0,0,0,0,0,0,0,0,0,0,0,N,N,N
2012-10-05 00:00:00,28,28-1,27146948,20482,7,R,12355,22,SUSE01,8775,2012-10-05 06:25:19,2012-10-05 06:24:28,9,10,0,1,0,0,0,0,1,0,0,0,0,0,0,0,0,N,N,N
2012-10-05 00:00:00,28,28-1,27146948,20482,7,R,12355,23,GSAC01,9201,2012-10-05 06:26:20,2012-10-05 06:25:49,9,10,3,0,3,0,0,0,0,3,0,0,0,0,0,0,0,N,N,N
2012-10-05 00:00:00,28,28-1,27146948,20482,7,R,12355,24,POMI01,9531,2012-10-05 06:27:04,2012-10-05 06:26:30,9,10,0,0,3,0,0,0,0,0,0,0,0,0,0,0,0,N,N,N
2012-10-05 00:00:00,28,28-1,27146948,20482,7,R,12355,25,MORL01,9977,2012-10-05 06:28:04,2012-10-05 06:27:15,9,10,0,0,3,0,0,0,0,0,0,0,0,0,0,0,0,N,N,N
2012-10-05 00:00:00,28,28-1,27146948,20482,7,R,12355,26,VICH01,10396,2012-10-05 06:29:00,2012-10-05 06:28:03,9,10,0,0,3,0,0,0,0,0,0,0,0,0,0,0,0,N,N,N
2012-10-05 00:00:00,28,28-1,27146948,20482,7,R,12355,27,BIT00,10666,2012-10-05 06:29:37,2012-10-05 06:28:44,9,10,0,0,3,0,0,0,0,0,0,0,0,0,0,0,0,N,N,N
2012-10-05 00:00:00,28,28-1,27146948,20482,7,R,12355,28,APIA00,11175,2012-10-05 06:30:45,2012-10-05 06:29:43,9,10,0,0,3,0,0,0,0,0,0,0,0,0,0,0,0,N,N,N
2012-10-05 00:00:00,28,28-1,27146948,20482,7,R,12355,29,NATI12,11727,2012-10-05 06:32:00,2012-10-05 06:31:12,9,10,0,3,0,0,0,0,2,0,1,0,0,0,0,0,0,N,N,N
2012-10-05 00:00:00,28,28-1,27146948,20482,7,R,12355,30,RIGO01,12120,2012-10-05 06:32:50,2012-10-05 06:31:53,9,10,0,0,0,0,0,0,0,0,0,0,0,0,0,0,0,N,N,N
2012-10-05 00:00:00,28,28-1,27146948,20482,7,R,12355,31,JARB01,12355,2012-10-05 06:33:20,2012-10-05 06:32:16,9,10,0,0,0,0,0,0,0,0,0,0,0,0,0,0,0,N,N,N
2012-10-05 00:00:00,28,28-1,27146950,20482,4,A,11388,1,JARB02,0,2012-10-05 06:44:00,2012-10-05 06:44:01,47,49,1,0,1,1,0,0,0,0,0,0,0,0,0,0,0,N,N,N
2012-10-05 00:00:00,28,28-1,27146950,20482,4,A,11388,2,RIGO00,198,2012-10-05 06:44:29,2012-10-05 06:44:32,47,49,0,0,1,0,0,0,0,0,0,0,0,0,0,0,0,N,N,N
2012-10-05 00:00:00,28,28-1,27146950,20482,4,A,11388,3,NATI18,545,2012-10-05 06:45:20,2012-10-05 06:45:14,47,49,0,0,1,0,0,0,0,0,0,0,0,0,0,0,0,N,N,N
2012-10-05 00:00:00,28,28-1,27146950,20482,4,A,11388,4,APIA01,1162,2012-10-05 06:47:00,2012-10-05 06:46:56,47,49,1,0,2,0,0,1,0,0,0,0,0,0,0,0,0,N,N,N
2012-10-05 00:00:00,28,28-1,27146950,20482,4,A,11388,5,BIT01,1655,2012-10-05 06:48:21,2012-10-05 06:47:53,47,49,0,0,2,0,0,0,0,0,0,0,0,0,0,0,0,N,N,N
2012-10-05 00:00:00,28,28-1,27146950,20482,4,A,11388,6,VICH00,1899,2012-10-05 06:49:00,2012-10-05 06:48:41,47,49,0,0,2,0,0,0,0,0,0,0,0,0,0,0,0,N,N,N
2012-10-05 00:00:00,28,28-1,27146950,20482,4,A,11388,7,MORL00,2423,2012-10-05 06:50:26,2012-10-05 06:49:57,47,49,0,0,2,0,0,0,0,0,0,0,0,0,0,0,0,N,N,N
2012-10-05 00:00:00,28,28-1,27146950,20482,4,A,11388,8,POMI00,2717,2012-10-05 06:51:14,2012-10-05 06:50:35,47,49,0,0,2,0,0,0,0,0,0,0,0,0,0,0,0,N,N,N
2012-10-05 00:00:00,28,28-1,27146950,20482,4,A,11388,9,GSAC00,3120,2012-10-05 06:52:20,2012-10-05 06:52:52,47,49,6,3,5,6,3,0,0,0,0,0,0,0,0,0,0,N,N,N
2012-10-05 00:00:00,28,28-1,27146950,20482,4,A,11388,10,SUSE00,3627,2012-10-05 06:53:33,2012-10-05 06:53:52,47,49,1,0,6,0,0,1,0,0,0,0,0,0,0,0,0,N,N,N
2012-10-05 00:00:00,28,28-1,27146950,20482,4,A,11388,11,PR4700,3747,2012-10-05 06:53:51,2012-10-05 06:54:09,47,49,0,0,6,0,0,0,0,0,0,0,0,0,0,0,0,N,N,N
2012-10-05 00:00:00,28,28-1,27146950,20482,4,A,11388,12,TRTI00,4459,2012-10-05 06:55:34,2012-10-05 06:56:12,47,49,3,0,9,0,0,2,0,1,0,0,0,0,0,0,0,N,N,N
2012-10-05 00:00:00,28,28-1,27146950,20482,4,A,11388,13,FRET00,5228,2012-10-05 06:57:26,2012-10-05 06:57:39,47,49,0,0,9,0,0,0,0,0,0,0,0,0,0,0,0,N,N,N
2012-10-05 00:00:00,28,28-1,27146950,20482,4,A,11388,14,BTAI00,5551,2012-10-05 06:58:13,2012-10-05 06:58:30,47,49,0,0,9,0,0,0,0,0,0,0,0,0,0,0,0,N,N,N
2012-10-05 00:00:00,28,28-1,27146950,20482,4,A,11388,15,AREN00,5948,2012-10-05 06:59:11,2012-10-05 06:59:26,47,49,0,1,8,0,0,0,0,0,1,0,0,0,0,0,0,N,N,N
2012-10-05 00:00:00,28,28-1,27146950,20482,4,A,11388,16,AERO05,6282,2012-10-05 07:00:00,2012-10-05 07:01:04,47,49,2,6,4,2,2,0,4,0,0,0,0,0,0,0,0,N,N,N
2012-10-05 00:00:00,28,28-1,27146950,20482,4,A,11388,17,WTC00,6665,2012-10-05 07:01:20,2012-10-05 07:02:30,47,49,0,0,4,0,0,0,0,0,0,0,0,0,0,0,0,N,N,N
2012-10-05 00:00:00,28,28-1,27146950,20482,4,A,11388,18,TOCO00,6878,2012-10-05 07:02:04,2012-10-05 07:03:13,47,49,1,0,5,0,0,1,0,0,0,0,0,0,0,0,0,N,N,N
2012-10-05 00:00:00,28,28-1,27146950,20482,4,A,11388,19,ICC00,7237,2012-10-05 07:03:19,2012-10-05 07:04:05,47,49,0,0,5,0,0,0,0,0,0,0,0,0,0,0,0,N,N,N
2012-10-05 00:00:00,28,28-1,27146950,20482,4,A,11388,20,GDHA00,7477,2012-10-05 07:04:09,2012-10-05 07:04:55,47,49,0,0,5,0,0,0,0,0,0,0,0,0,0,0,0,N,N,N
2012-10-05 00:00:00,28,28-1,27146950,20482,4,A,11388,21,BLDO01,7813,2012-10-05 07:05:20,2012-10-05 07:07:10,47,49,4,3,6,0,0,3,3,1,0,0,0,0,0,0,0,N,N,N
2012-10-05 00:00:00,28,28-1,27146950,20482,4,A,11388,22,RENF00,8145,2012-10-05 07:06:40,2012-10-05 07:08:51,47,49,0,0,6,0,0,0,0,0,0,0,0,0,0,0,0,N,N,N
2012-10-05 00:00:00,28,28-1,27146950,20482,4,A,11388,23,CROI00,8418,2012-10-05 07:08:20,2012-10-05 07:10:32,47,49,3,0,9,0,0,2,0,1,0,0,0,0,0,0,0,N,N,N
2012-10-05 00:00:00,28,28-1,27146950,20482,4,A,11388,24,CHCL00,8776,2012-10-05 07:09:23,2012-10-05 07:11:31,47,49,4,1,12,0,0,2,0,2,1,0,0,0,0,0,0,N,N,N
2012-10-05 00:00:00,28,28-1,27146950,20482,4,A,11388,25,VEEC00,9090,2012-10-05 07:10:20,2012-10-05 07:12:40,47,49,6,4,14,0,1,3,3,3,0,0,0,0,0,0,0,N,N,N
2012-10-05 00:00:00,28,28-1,27146950,20482,4,A,11388,26,VEMA00,9464,2012-10-05 07:11:42,2012-10-05 07:14:02,47,49,12,2,24,0,0,12,1,0,1,0,0,0,0,0,0,N,N,N
2012-10-05 00:00:00,28,28-1,27146950,20482,4,A,11388,27,VEVI02,9814,2012-10-05 07:13:00,2012-10-05 07:15:00,47,49,3,0,27,0,0,0,0,3,0,0,0,0,0,0,0,N,Y,Y
2012-10-05 00:00:00,28,28-1,27146950,20482,4,A,11388,28,PRGR01,10191,2012-10-05 07:13:38,2012-10-05 07:15:58,47,49,0,0,27,0,0,0,0,0,0,0,0,0,0,0,0,N,N,N
2012-10-05 00:00:00,28,28-1,27146950,20482,4,A,11388,29,BOLX01,10358,2012-10-05 07:13:55,2012-10-05 07:16:46,47,49,0,25,2,0,0,0,18,0,7,0,0,0,0,0,0,N,N,N
2012-10-05 00:00:00,28,28-1,27146950,20482,4,A,11388,30,CEBE00,10834,2012-10-05 07:14:43,2012-10-05 07:17:51,47,49,0,1,1,0,0,0,1,0,0,0,0,0,0,0,0,N,N,N
2012-10-05 00:00:00,28,28-1,27146950,20482,4,A,11388,31,PFUM00,11388,2012-10-05 07:15:40,2012-10-05 07:18:38,47,49,0,3,0,0,2,0,0,0,1,0,0,0,0,0,0,N,N,N
2012-10-05 00:00:00,28,28-1,27146951,20482,7,R,12355,1,PFUM00,0,2012-10-05 07:24:00,2012-10-05 07:25:30,69,69,2,0,2,2,0,0,0,0,0,0,0,0,0,0,0,N,N,N
2012-10-05 00:00:00,28,28-1,27146951,20482,7,R,12355,2,CEBE01,614,2012-10-05 07:25:40,2012-10-05 07:26:59,69,69,4,0,6,2,0,0,0,2,0,0,0,0,0,0,0,N,N,N
2012-10-05 00:00:00,28,28-1,27146951,20482,7,R,12355,3,BOLX00,1095,2012-10-05 07:26:59,2012-10-05 07:28:15,69,69,13,0,19,2,0,6,0,5,0,0,0,0,0,0,0,N,N,N
2012-10-05 00:00:00,28,28-1,27146951,20482,7,R,12355,4,PRGR00,1278,2012-10-05 07:27:28,2012-10-05 07:28:54,69,69,2,0,21,0,0,1,0,1,0,0,0,0,0,0,0,N,N,N
2012-10-05 00:00:00,28,28-1,27146951,20482,7,R,12355,5,VEVI00,1590,2012-10-05 07:28:20,2012-10-05 07:29:49,69,69,2,13,10,0,2,1,8,1,3,0,0,0,0,0,0,N,N,N
2012-10-05 00:00:00,28,28-1,27146951,20482,7,R,12355,6,VEMA01,1940,2012-10-05 07:29:33,2012-10-05 07:30:47,69,69,7,0,17,0,0,5,0,2,0,0,0,0,0,0,0,N,N,N
2012-10-05 00:00:00,28,28-1,27146951,20482,7,R,12355,7,VEEC01,2350,2012-10-05 07:31:00,2012-10-05 07:32:07,69,69,1,0,18,0,0,0,0,1,0,0,0,0,0,0,0,N,N,N
2012-10-05 00:00:00,28,28-1,27146951,20482,7,R,12355,8,CHCL01,2639,2012-10-05 07:31:53,2012-10-05 07:33:14,69,69,3,1,20,0,0,3,1,0,0,0,0,0,0,0,0,N,N,N
2012-10-05 00:00:00,28,28-1,27146951,20482,7,R,12355,9,CROI01,3001,2012-10-05 07:33:00,2012-10-05 07:34:10,69,69,1,0,21,0,0,1,0,0,0,0,0,0,0,0,0,N,N,N
2012-10-05 00:00:00,28,28-1,27146951,20482,7,R,12355,10,RENF02,3272,2012-10-05 07:35:20,2012-10-05 07:36:14,69,69,0,1,20,0,0,0,0,0,1,0,0,0,0,0,0,N,N,N
2012-10-05 00:00:00,28,28-1,27146951,20482,7,R,12355,11,BLDO02,3612,2012-10-05 07:37:20,2012-10-05 07:38:05,69,69,10,7,23,1,1,3,2,6,4,0,0,0,0,0,0,N,N,N
2012-10-05 00:00:00,28,28-1,27146951,20482,7,R,12355,12,GDHA01,3934,2012-10-05 07:38:32,2012-10-05 07:39:28,69,69,4,2,25,0,0,1,1,3,1,0,0,0,0,0,0,N,N,N
2012-10-05 00:00:00,28,28-1,27146951,20482,7,R,12355,13,ICC01,4194,2012-10-05 07:39:30,2012-10-05 07:40:21,69,69,0,0,25,0,0,0,0,0,0,0,0,0,0,0,0,N,N,N
2012-10-05 00:00:00,28,28-1,27146951,20482,7,R,12355,14,TOCO01,4527,2012-10-05 07:40:44,2012-10-05 07:41:34,69,69,1,0,26,0,0,0,0,1,0,0,0,0,0,0,0,N,N,N
2012-10-05 00:00:00,28,28-1,27146951,20482,7,R,12355,15,WTC01,4751,2012-10-05 07:41:34,2012-10-05 07:42:19,69,69,0,1,25,0,0,0,1,0,0,0,0,0,0,0,0,N,N,N
2012-10-05 00:00:00,28,28-1,27146951,20482,7,R,12355,16,AERO02,5131,2012-10-05 07:43:00,2012-10-05 07:43:54,69,69,5,4,26,2,0,1,2,2,2,0,0,0,0,0,0,N,N,N
2012-10-05 00:00:00,28,28-1,27146951,20482,7,R,12355,17,AREN01,5432,2012-10-05 07:43:48,2012-10-05 07:45:12,69,69,0,0,26,0,0,0,0,0,0,0,0,0,0,0,0,N,N,N
2012-10-05 00:00:00,28,28-1,27146951,20482,7,R,12355,18,PXPO04,6008,2012-10-05 07:45:22,2012-10-05 07:46:25,69,69,0,5,21,0,0,0,5,0,0,0,0,0,0,0,0,N,N,N
2012-10-05 00:00:00,28,28-1,27146951,20482,7,R,12355,19,FRET01,7133,2012-10-05 07:48:24,2012-10-05 07:48:35,69,69,0,5,16,0,0,0,4,0,1,0,0,0,0,0,0,N,N,N
2012-10-05 00:00:00,28,28-1,27146951,20482,7,R,12355,20,TRTI01,7873,2012-10-05 07:50:24,2012-10-05 07:49:59,69,69,1,0,17,0,0,1,0,0,0,0,0,0,0,0,0,N,N,N
2012-10-05 00:00:00,28,28-1,27146951,20482,7,R,12355,21,PR4701,8564,2012-10-05 07:52:16,2012-10-05 07:51:37,69,69,0,0,17,0,0,0,0,0,0,0,0,0,0,0,0,N,N,N
2012-10-05 00:00:00,28,28-1,27146951,20482,7,R,12355,22,SUSE01,8775,2012-10-05 07:52:50,2012-10-05 07:52:24,69,69,5,0,22,0,0,3,0,2,0,0,0,0,0,0,0,N,N,N
2012-10-05 00:00:00,28,28-1,27146951,20482,7,R,12355,23,GSAC01,9201,2012-10-05 07:54:00,2012-10-05 07:53:54,69,69,5,0,27,1,0,4,0,0,0,0,0,0,0,0,0,N,N,N
2012-10-05 00:00:00,28,28-1,27146951,20482,7,R,12355,24,POMI01,9531,2012-10-05 07:55:13,2012-10-05 07:55:32,69,69,1,0,28,0,0,0,0,1,0,0,0,0,0,0,0,N,N,N
2012-10-05 00:00:00,28,28-1,27146951,20482,7,R,12355,25,MORL01,9977,2012-10-05 07:56:52,2012-10-05 07:57:19,69,69,0,1,27,0,0,0,1,0,0,0,0,0,0,0,0,N,N,N
2012-10-05 00:00:00,28,28-1,27146951,20482,7,R,12355,26,VICH01,10396,2012-10-05 07:58:24,2012-10-05 07:58:43,69,69,1,11,17,0,2,1,4,0,5,0,0,0,0,0,0,N,N,N
2012-10-05 00:00:00,28,28-1,27146951,20482,7,R,12355,27,BIT00,10666,2012-10-05 07:59:24,2012-10-05 07:59:36,69,69,0,3,14,0,1,0,1,0,1,0,0,0,0,0,0,N,N,N
2012-10-05 00:00:00,28,28-1,27146951,20482,7,R,12355,28,APIA00,11175,2012-10-05 08:01:17,2012-10-05 08:00:49,69,69,1,3,12,0,1,0,1,1,1,0,0,0,0,0,0,N,N,N
2012-10-05 00:00:00,28,28-1,27146951,20482,7,R,12355,29,NATI12,11727,2012-10-05 08:03:20,2012-10-05 08:03:00,69,69,0,6,6,0,0,0,3,0,3,0,0,0,0,0,0,N,N,N
2012-10-05 00:00:00,28,28-1,27146951,20482,7,R,12355,30,RIGO01,12120,2012-10-05 08:04:10,2012-10-05 08:03:59,69,69,0,1,5,0,0,0,1,0,0,0,0,0,0,0,0,N,N,N
2012-10-05 00:00:00,28,28-1,27146951,20482,7,R,12355,31,JARB01,12355,2012-10-05 08:04:40,2012-10-05 08:04:30,69,69,0,5,0,0,1,0,4,0,0,0,0,0,0,0,0,N,N,N
2012-10-05 00:00:00,28,28-1,27146953,20482,4,A,11388,1,JARB02,0,2012-10-05 08:15:00,2012-10-05 08:14:35,35,36,7,0,7,0,0,7,0,0,0,0,0,0,0,0,0,N,N,N
2012-10-05 00:00:00,28,28-1,27146953,20482,4,A,11388,2,RIGO00,198,2012-10-05 08:15:36,2012-10-05 08:15:09,35,36,0,0,7,0,0,0,0,0,0,0,0,0,0,0,0,N,N,N
2012-10-05 00:00:00,28,28-1,27146953,20482,4,A,11388,3,NATI18,545,2012-10-05 08:16:40,2012-10-05 08:16:05,35,36,1,0,8,0,0,1,0,0,0,0,0,0,0,0,0,N,N,N
2012-10-05 00:00:00,28,28-1,27146953,20482,4,A,11388,4,APIA01,1162,2012-10-05 08:18:35,2012-10-05 08:17:48,35,36,0,0,8,0,0,0,0,0,0,0,0,0,0,0,0,N,N,N
2012-10-05 00:00:00,28,28-1,27146953,20482,4,A,11388,5,BIT01,1655,2012-10-05 08:20:06,2012-10-05 08:18:53,35,36,0,1,7,0,0,0,1,0,0,0,0,0,0,0,0,N,N,N
2012-10-05 00:00:00,28,28-1,27146953,20482,4,A,11388,6,VICH00,1899,2012-10-05 08:20:52,2012-10-05 08:19:43,35,36,0,3,4,0,1,0,1,0,1,0,0,0,0,0,0,N,N,N
2012-10-05 00:00:00,28,28-1,27146953,20482,4,A,11388,7,MORL00,2423,2012-10-05 08:22:30,2012-10-05 08:21:00,35,36,0,0,4,0,0,0,0,0,0,0,0,0,0,0,0,N,N,N
2012-10-05 00:00:00,28,28-1,27146953,20482,4,A,11388,8,POMI00,2717,2012-10-05 08:23:24,2012-10-05 08:21:53,35,36,1,0,5,0,0,1,0,0,0,0,0,0,0,0,0,N,N,N
2012-10-05 00:00:00,28,28-1,27146953,20482,4,A,11388,9,GSAC00,3120,2012-10-05 08:24:40,2012-10-05 08:24:16,35,36,2,0,7,1,0,0,0,1,0,0,0,0,0,0,0,N,N,N
2012-10-05 00:00:00,28,28-1,27146953,20482,4,A,11388,10,SUSE00,3627,2012-10-05 08:26:03,2012-10-05 08:25:27,35,36,1,0,8,0,0,1,0,0,0,0,0,0,0,0,0,N,N,N
2012-10-05 00:00:00,28,28-1,27146953,20482,4,A,11388,11,PR4700,3747,2012-10-05 08:26:23,2012-10-05 08:25:44,35,36,0,0,8,0,0,0,0,0,0,0,0,0,0,0,0,N,N,N
2012-10-05 00:00:00,28,28-1,27146953,20482,4,A,11388,12,TRTI00,4459,2012-10-05 08:28:20,2012-10-05 08:28:05,35,36,5,0,13,0,0,3,0,2,0,0,0,0,0,0,0,N,N,N
2012-10-05 00:00:00,28,28-1,27146953,20482,4,A,11388,13,FRET00,5228,2012-10-05 08:30:26,2012-10-05 08:29:17,35,36,0,0,13,0,0,0,0,0,0,0,0,0,0,0,0,N,N,N
2012-10-05 00:00:00,28,28-1,27146953,20482,4,A,11388,14,BTAI00,5551,2012-10-05 08:31:19,2012-10-05 08:30:01,35,36,0,0,13,0,0,0,0,0,0,0,0,0,0,0,0,N,N,N
2012-10-05 00:00:00,28,28-1,27146953,20482,4,A,11388,15,AREN00,5948,2012-10-05 08:32:25,2012-10-05 08:30:57,35,36,0,2,11,0,0,0,2,0,0,0,0,0,0,0,0,N,N,N
2012-10-05 00:00:00,28,28-1,27146953,20482,4,A,11388,16,AERO05,6282,2012-10-05 08:33:20,2012-10-05 08:32:49,35,36,5,0,16,4,0,1,0,0,0,0,0,0,0,0,0,N,N,N
2012-10-05 00:00:00,28,28-1,27146953,20482,4,A,11388,17,WTC00,6665,2012-10-05 08:34:45,2012-10-05 08:34:24,35,36,4,1,19,0,0,4,1,0,0,0,0,0,0,0,0,N,N,N
2012-10-05 00:00:00,28,28-1,27146953,20482,4,A,11388,18,TOCO00,6878,,2012-10-05 08:35:10,35,36,1,0,20,0,0,1,0,0,0,0,0,0,0,0,0,N,Y,Y
2012-10-05 00:00:00,28,28-1,27146953,20482,4,A,11388,19,ICC00,7237,2012-10-05 08:36:52,2012-10-05 08:36:25,35,36,0,5,15,0,1,0,4,0,0,0,0,0,0,0,0,N,N,N
2012-10-05 00:00:00,28,28-1,27146953,20482,4,A,11388,20,GDHA00,7477,2012-10-05 08:37:45,2012-10-05 08:37:29,35,36,1,1,15,0,0,1,1,0,0,0,0,0,0,0,0,N,N,N
2012-10-05 00:00:00,28,28-1,27146953,20482,4,A,11388,21,BLDO01,7813,2012-10-05 08:39:00,2012-10-05 08:38:43,35,36,2,8,9,0,1,2,5,0,2,0,0,0,0,0,0,N,N,N
2012-10-05 00:00:00,28,28-1,27146953,20482,4,A,11388,22,RENF00,8145,2012-10-05 08:40:20,2012-10-05 08:40:27,35,36,0,2,7,0,0,0,2,0,0,0,0,0,0,0,0,N,N,N
2012-10-05 00:00:00,28,28-1,27146953,20482,4,A,11388,23,CROI00,8418,2012-10-05 08:42:00,2012-10-05 08:42:08,35,36,4,0,11,1,0,2,0,1,0,0,0,0,0,0,0,N,N,N
2012-10-05 00:00:00,28,28-1,27146953,20482,4,A,11388,24,CHCL00,8776,2012-10-05 08:43:03,2012-10-05 08:43:17,35,36,1,2,10,0,1,0,1,1,0,0,0,0,0,0,0,N,N,N
2012-10-05 00:00:00,28,28-1,27146953,20482,4,A,11388,25,VEEC00,9090,2012-10-05 08:44:00,2012-10-05 08:44:23,35,36,0,3,7,0,0,0,3,0,0,0,0,0,0,0,0,N,N,N
2012-10-05 00:00:00,28,28-1,27146953,20482,4,A,11388,26,VEMA00,9464,2012-10-05 08:45:22,2012-10-05 08:45:46,35,36,0,0,7,0,0,0,0,0,0,0,0,0,0,0,0,N,N,N
2012-10-05 00:00:00,28,28-1,27146953,20482,4,A,11388,27,VEVI02,9814,2012-10-05 08:46:40,2012-10-05 08:46:31,35,36,0,1,6,0,0,0,0,0,1,0,0,0,0,0,0,N,Y,Y
2012-10-05 00:00:00,28,28-1,27146953,20482,4,A,11388,28,PRGR01,10191,2012-10-05 08:47:18,2012-10-05 08:47:04,35,36,0,0,6,0,0,0,0,0,0,0,0,0,0,0,0,N,N,N
2012-10-05 00:00:00,28,28-1,27146953,20482,4,A,11388,29,BOLX01,10358,2012-10-05 08:47:35,2012-10-05 08:47:17,35,36,0,0,6,0,0,0,0,0,0,0,0,0,0,0,0,N,N,N
2012-10-05 00:00:00,28,28-1,27146953,20482,4,A,11388,30,CEBE00,10834,2012-10-05 08:48:23,2012-10-05 08:47:59,35,36,0,0,6,0,0,0,0,0,0,0,0,0,0,0,0,N,N,N
2012-10-05 00:00:00,28,28-1,27146953,20482,4,A,11388,31,PFUM00,11388,2012-10-05 08:49:20,2012-10-05 08:48:38,35,36,0,7,0,0,3,0,4,0,0,0,0,0,0,0,0,N,N,N
2012-10-05 00:00:00,28,28-1,27146954,20482,7,R,12355,1,PFUM00,0,2012-10-05 08:54:00,2012-10-05 08:55:30,33,28,2,0,2,2,0,0,0,0,0,0,0,0,0,0,0,N,N,N
2012-10-05 00:00:00,28,28-1,27146954,20482,7,R,12355,2,CEBE01,614,2012-10-05 08:55:40,2012-10-05 08:56:50,33,28,0,0,2,0,0,0,0,0,0,0,0,0,0,0,0,N,N,N
2012-10-05 00:00:00,28,28-1,27146954,20482,7,R,12355,3,BOLX00,1095,2012-10-05 08:56:59,2012-10-05 08:57:37,33,28,0,0,2,0,0,0,0,0,0,0,0,0,0,0,0,N,N,N
2012-10-05 00:00:00,28,28-1,27146954,20482,7,R,12355,4,PRGR00,1278,2012-10-05 08:57:28,2012-10-05 08:58:09,33,28,3,0,5,0,0,0,0,3,0,0,0,0,0,0,0,N,N,N
2012-10-05 00:00:00,28,28-1,27146954,20482,7,R,12355,5,VEVI00,1590,2012-10-05 08:58:20,2012-10-05 08:59:20,33,28,6,1,10,2,1,0,0,4,0,0,0,0,0,0,0,N,N,N
2012-10-05 00:00:00,28,28-1,27146954,20482,7,R,12355,6,VEMA01,1940,2012-10-05 08:59:24,2012-10-05 09:01:00,33,28,0,1,9,0,0,0,1,0,0,0,0,0,0,0,0,N,N,N
2012-10-05 00:00:00,28,28-1,27146954,20482,7,R,12355,7,VEEC01,2350,2012-10-05 09:00:40,2012-10-05 09:02:16,33,28,0,1,8,0,0,0,0,0,1,0,0,0,0,0,0,N,N,N
2012-10-05 00:00:00,28,28-1,27146954,20482,7,R,12355,8,CHCL01,2639,2012-10-05 09:01:42,2012-10-05 09:03:12,33,28,1,0,9,1,0,0,0,0,0,0,0,0,0,0,0,N,N,N
2012-10-05 00:00:00,28,28-1,27146954,20482,7,R,12355,9,CROI01,3001,2012-10-05 09:03:00,2012-10-05 09:04:14,33,28,1,0,10,0,0,1,0,0,0,0,0,0,0,0,0,N,N,N
2012-10-05 00:00:00,28,28-1,27146954,20482,7,R,12355,10,RENF02,3272,2012-10-05 09:05:20,2012-10-05 09:06:10,33,28,0,0,10,0,0,0,0,0,0,0,0,0,0,0,0,N,N,N
2012-10-05 00:00:00,28,28-1,27146954,20482,7,R,12355,11,BLDO02,3612,2012-10-05 09:07:20,2012-10-05 09:08:04,33,28,6,5,11,2,2,3,1,1,2,0,0,0,0,0,0,N,N,N
2012-10-05 00:00:00,28,28-1,27146954,20482,7,R,12355,12,GDHA01,3934,2012-10-05 09:08:36,2012-10-05 09:09:00,33,28,1,2,10,0,0,0,2,1,0,0,0,0,0,0,0,N,N,N
2012-10-05 00:00:00,28,28-1,27146954,20482,7,R,12355,13,ICC01,4194,2012-10-05 09:09:37,2012-10-05 09:10:10,33,28,0,0,10,0,0,0,0,0,0,0,0,0,0,0,0,N,N,N
2012-10-05 00:00:00,28,28-1,27146954,20482,7,R,12355,14,TOCO01,4527,2012-10-05 09:10:56,2012-10-05 09:11:07,33,28,0,1,9,0,1,0,0,0,0,0,0,0,0,0,0,N,N,N
2012-10-05 00:00:00,28,28-1,27146954,20482,7,R,12355,15,WTC01,4751,2012-10-05 09:11:49,2012-10-05 09:11:56,33,28,0,1,8,0,0,0,1,0,0,0,0,0,0,0,0,N,N,N
2012-10-05 00:00:00,28,28-1,27146954,20482,7,R,12355,16,AERO02,5131,2012-10-05 09:13:20,2012-10-05 09:13:27,33,28,3,1,10,1,0,2,1,0,0,0,0,0,0,0,0,N,N,N
2012-10-05 00:00:00,28,28-1,27146954,20482,7,R,12355,17,AREN01,5432,2012-10-05 09:14:08,2012-10-05 09:14:38,33,28,0,1,9,0,1,0,0,0,0,0,0,0,0,0,0,N,N,N
2012-10-05 00:00:00,28,28-1,27146954,20482,7,R,12355,18,PXPO04,6008,2012-10-05 09:15:42,2012-10-05 09:16:00,33,28,0,1,8,0,0,0,1,0,0,0,0,0,0,0,0,N,N,N
2012-10-05 00:00:00,28,28-1,27146954,20482,7,R,12355,19,FRET01,7133,2012-10-05 09:18:44,2012-10-05 09:17:48,33,28,0,0,8,0,0,0,0,0,0,0,0,0,0,0,0,N,N,N
2012-10-05 00:00:00,28,28-1,27146954,20482,7,R,12355,20,TRTI01,7873,2012-10-05 09:20:44,2012-10-05 09:19:02,33,28,0,1,7,0,0,0,1,0,0,0,0,0,0,0,0,N,N,N
2012-10-05 00:00:00,28,28-1,27146954,20482,7,R,12355,21,PR4701,8564,2012-10-05 09:22:36,2012-10-05 09:20:20,33,28,0,0,7,0,0,0,0,0,0,0,0,0,0,0,0,N,N,N
2012-10-05 00:00:00,28,28-1,27146954,20482,7,R,12355,22,SUSE01,8775,2012-10-05 09:23:10,2012-10-05 09:22:15,33,28,4,0,11,0,0,1,0,3,0,0,0,0,0,0,0,N,N,N
2012-10-05 00:00:00,28,28-1,27146954,20482,7,R,12355,23,GSAC01,9201,2012-10-05 09:24:20,2012-10-05 09:23:48,33,28,2,1,12,0,0,0,0,2,1,0,0,0,0,0,0,N,N,N
2012-10-05 00:00:00,28,28-1,27146954,20482,7,R,12355,24,POMI01,9531,2012-10-05 09:25:25,2012-10-05 09:24:49,33,28,2,1,13,0,0,2,0,0,1,0,0,0,0,0,0,N,N,N
2012-10-05 00:00:00,28,28-1,27146954,20482,7,R,12355,25,MORL01,9977,2012-10-05 09:26:53,2012-10-05 09:26:26,33,28,0,0,13,0,0,0,0,0,0,0,0,0,0,0,0,N,N,N
2012-10-05 00:00:00,28,28-1,27146954,20482,7,R,12355,26,VICH01,10396,2012-10-05 09:28:16,2012-10-05 09:27:50,33,28,0,3,10,0,0,0,3,0,0,0,0,0,0,0,0,N,N,N
2012-10-05 00:00:00,28,28-1,27146954,20482,7,R,12355,27,BIT00,10666,2012-10-05 09:29:09,2012-10-05 09:28:41,33,28,1,0,11,0,0,1,0,0,0,0,0,0,0,0,0,N,N,N
2012-10-05 00:00:00,28,28-1,27146954,20482,7,R,12355,28,APIA00,11175,2012-10-05 09:30:50,2012-10-05 09:29:55,33,28,0,1,10,0,0,0,0,0,1,0,0,0,0,0,0,N,N,N
2012-10-05 00:00:00,28,28-1,27146954,20482,7,R,12355,29,NATI12,11727,2012-10-05 09:32:40,2012-10-05 09:31:47,33,28,1,2,9,0,0,1,0,0,2,0,0,0,0,0,0,N,N,N
2012-10-05 00:00:00,28,28-1,27146954,20482,7,R,12355,30,RIGO01,12120,2012-10-05 09:33:30,2012-10-05 09:32:54,33,28,0,2,7,0,0,0,1,0,1,0,0,0,0,0,0,N,N,N
2012-10-05 00:00:00,28,28-1,27146954,20482,7,R,12355,31,JARB01,12355,2012-10-05 09:34:00,2012-10-05 09:33:22,33,28,0,2,5,0,0,0,2,0,0,0,0,0,0,0,0,N,N,N
2012-10-05 00:00:00,28,28-8,27147114,20482,7,R,12355,1,PFUM00,0,2012-10-05 16:18:00,2012-10-05 16:18:57,54,51,6,0,6,0,0,6,0,0,0,0,0,0,0,0,0,N,N,N
2012-10-05 00:00:00,28,28-8,27147114,20482,7,R,12355,2,CEBE01,614,2012-10-05 16:19:32,2012-10-05 16:20:37,54,51,0,0,6,0,0,0,0,0,0,0,0,0,0,0,0,N,N,N
2012-10-05 00:00:00,28,28-8,27147114,20482,7,R,12355,3,BOLX00,1095,2012-10-05 16:20:45,2012-10-05 16:22:01,54,51,0,0,6,0,0,0,0,0,0,0,0,0,0,0,0,N,N,N
2012-10-05 00:00:00,28,28-8,27147114,20482,7,R,12355,4,PRGR00,1278,2012-10-05 16:21:12,2012-10-05 16:22:16,54,51,0,0,6,0,0,0,0,0,0,0,0,0,0,0,0,N,N,N
2012-10-05 00:00:00,28,28-8,27147114,20482,7,R,12355,5,VEVI00,1590,2012-10-05 16:22:00,2012-10-05 16:22:56,54,51,2,1,7,1,0,0,1,1,0,0,0,0,0,0,0,N,N,N
2012-10-05 00:00:00,28,28-8,27147114,20482,7,R,12355,6,VEMA01,1940,2012-10-05 16:23:13,2012-10-05 16:23:56,54,51,1,0,8,0,0,0,0,1,0,0,0,0,0,0,0,N,N,N
2012-10-05 00:00:00,28,28-8,27147114,20482,7,R,12355,7,VEEC01,2350,2012-10-05 16:24:40,2012-10-05 16:25:45,54,51,5,1,12,0,0,1,0,4,1,0,0,0,0,0,0,N,N,N
2012-10-05 00:00:00,28,28-8,27147114,20482,7,R,12355,8,CHCL01,2639,2012-10-05 16:25:51,2012-10-05 16:26:46,54,51,6,0,18,2,0,3,0,1,0,0,0,0,0,0,0,N,N,N
2012-10-05 00:00:00,28,28-8,27147114,20482,7,R,12355,9,CROI01,3001,2012-10-05 16:27:20,2012-10-05 16:27:50,54,51,0,3,15,0,0,0,0,0,3,0,0,0,0,0,0,N,N,N
2012-10-05 00:00:00,28,28-8,27147114,20482,7,R,12355,10,RENF02,3272,2012-10-05 16:30:40,2012-10-05 16:30:13,54,51,0,0,15,0,0,0,0,0,0,0,0,0,0,0,0,N,N,N
2012-10-05 00:00:00,28,28-8,27147114,20482,7,R,12355,11,BLDO02,3612,2012-10-05 16:32:40,2012-10-05 16:32:15,54,51,10,6,19,2,0,6,3,2,3,0,0,0,0,0,0,N,N,N
2012-10-05 00:00:00,28,28-8,27147114,20482,7,R,12355,12,GDHA01,3934,2012-10-05 16:33:56,2012-10-05 16:33:06,54,51,1,1,19,0,0,1,0,0,1,0,0,0,0,0,0,N,N,N
2012-10-05 00:00:00,28,28-8,27147114,20482,7,R,12355,13,ICC01,4194,2012-10-05 16:34:57,2012-10-05 16:34:41,54,51,1,1,19,0,0,1,1,0,0,0,0,0,0,0,0,N,N,N
2012-10-05 00:00:00,28,28-8,27147114,20482,7,R,12355,14,TOCO01,4527,2012-10-05 16:36:16,2012-10-05 16:35:44,54,51,0,1,18,0,0,0,0,0,1,0,0,0,0,0,0,N,N,N
2012-10-05 00:00:00,28,28-8,27147114,20482,7,R,12355,15,WTC01,4751,2012-10-05 16:37:09,2012-10-05 16:36:36,54,51,0,1,17,0,0,0,0,0,1,0,0,0,0,0,0,N,N,N
2012-10-05 00:00:00,28,28-8,27147114,20482,7,R,12355,16,AERO02,5131,2012-10-05 16:38:40,2012-10-05 16:38:36,54,51,6,14,9,0,4,3,8,3,2,0,0,0,0,0,0,N,N,N
2012-10-05 00:00:00,28,28-8,27147114,20482,7,R,12355,17,AREN01,5432,2012-10-05 16:39:27,2012-10-05 16:40:47,54,51,0,2,7,0,0,0,0,0,2,0,0,0,0,0,0,N,N,N
2012-10-05 00:00:00,28,28-8,27147114,20482,7,R,12355,18,PXPO04,6008,2012-10-05 16:40:57,2012-10-05 16:42:04,54,51,0,0,7,0,0,0,0,0,0,0,0,0,0,0,0,N,N,N
2012-10-05 00:00:00,28,28-8,27147114,20482,7,R,12355,19,FRET01,7133,2012-10-05 16:43:54,2012-10-05 16:44:06,54,51,0,0,7,0,0,0,0,0,0,0,0,0,0,0,0,N,N,N
2012-10-05 00:00:00,28,28-8,27147114,20482,7,R,12355,20,TRTI01,7873,2012-10-05 16:45:51,2012-10-05 16:45:20,54,51,0,0,7,0,0,0,0,0,0,0,0,0,0,0,0,N,N,N
2012-10-05 00:00:00,28,28-8,27147114,20482,7,R,12355,21,PR4701,8564,2012-10-05 16:47:39,2012-10-05 16:47:32,54,51,0,0,7,0,0,0,0,0,0,0,0,0,0,0,0,N,N,N
2012-10-05 00:00:00,28,28-8,27147114,20482,7,R,12355,22,SUSE01,8775,2012-10-05 16:48:13,2012-10-05 16:48:07,54,51,0,0,7,0,0,0,0,0,0,0,0,0,0,0,0,N,N,N
2012-10-05 00:00:00,28,28-8,27147114,20482,7,R,12355,23,GSAC01,9201,2012-10-05 16:49:20,2012-10-05 16:49:54,54,51,1,0,8,0,0,0,0,1,0,0,0,0,0,0,0,N,N,N
2012-10-05 00:00:00,28,28-8,27147114,20482,7,R,12355,24,POMI01,9531,2012-10-05 16:50:20,2012-10-05 16:51:24,54,51,3,0,11,0,0,0,0,3,0,0,0,0,0,0,0,N,N,N
2012-10-05 00:00:00,28,28-8,27147114,20482,7,R,12355,25,MORL01,9977,2012-10-05 16:51:41,2012-10-05 16:53:00,54,51,2,0,13,1,0,1,0,0,0,0,0,0,0,0,0,N,N,N
2012-10-05 00:00:00,28,28-8,27147114,20482,7,R,12355,26,VICH01,10396,2012-10-05 16:52:57,2012-10-05 16:54:08,54,51,7,0,20,2,0,1,0,4,0,0,0,0,0,0,0,N,N,N
2012-10-05 00:00:00,28,28-8,27147114,20482,7,R,12355,27,BIT00,10666,2012-10-05 16:53:46,2012-10-05 16:55:01,54,51,0,0,20,0,0,0,0,0,0,0,0,0,0,0,0,N,N,N
2012-10-05 00:00:00,28,28-8,27147114,20482,7,R,12355,28,APIA00,11175,2012-10-05 16:55:19,2012-10-05 16:56:00,54,51,0,0,20,0,0,0,0,0,0,0,0,0,0,0,0,N,N,N
2012-10-05 00:00:00,28,28-8,27147114,20482,7,R,12355,29,NATI12,11727,2012-10-05 16:57:00,2012-10-05 16:57:35,54,51,3,10,13,1,0,2,7,0,3,0,0,0,0,0,0,N,N,N
2012-10-05 00:00:00,28,28-8,27147114,20482,7,R,12355,30,RIGO01,12120,2012-10-05 16:57:50,2012-10-05 16:58:39,54,51,0,5,8,0,1,0,1,0,3,0,0,0,0,0,0,N,N,N
2012-10-05 00:00:00,28,28-8,27147114,20482,7,R,12355,31,JARB01,12355,2012-10-05 16:58:20,2012-10-05 16:59:13,54,51,0,5,3,0,2,0,1,0,2,0,0,0,0,0,0,N,N,N
2012-10-05 00:00:00,28,28-8,27147116,20482,4,A,11388,1,JARB02,0,2012-10-05 17:05:00,2012-10-05 17:05:19,73,73,12,0,12,3,0,2,0,7,0,0,0,0,0,0,0,N,N,N
2012-10-05 00:00:00,28,28-8,27147116,20482,4,A,11388,2,RIGO00,198,2012-10-05 17:05:36,2012-10-05 17:06:26,73,73,2,0,14,0,0,0,0,2,0,0,0,0,0,0,0,N,N,N
2012-10-05 00:00:00,28,28-8,27147116,20482,4,A,11388,3,NATI18,545,2012-10-05 17:06:40,2012-10-05 17:07:14,73,73,0,0,14,0,0,0,0,0,0,0,0,0,0,0,0,N,N,N
2012-10-05 00:00:00,28,28-8,27147116,20482,4,A,11388,4,APIA01,1162,2012-10-05 17:08:39,2012-10-05 17:10:51,73,73,2,1,15,0,1,1,0,1,0,0,0,0,0,0,0,N,N,N
2012-10-05 00:00:00,28,28-8,27147116,20482,4,A,11388,5,BIT01,1655,2012-10-05 17:10:15,2012-10-05 17:11:53,73,73,2,1,16,0,0,2,1,0,0,0,0,0,0,0,0,N,N,N
2012-10-05 00:00:00,28,28-8,27147116,20482,4,A,11388,6,VICH00,1899,2012-10-05 17:11:02,2012-10-05 17:13:13,73,73,10,0,26,0,0,9,0,1,0,0,0,0,0,0,0,N,N,N
2012-10-05 00:00:00,28,28-8,27147116,20482,4,A,11388,7,MORL00,2423,2012-10-05 17:12:44,2012-10-05 17:14:40,73,73,0,3,23,0,0,0,0,0,3,0,0,0,0,0,0,N,N,N
2012-10-05 00:00:00,28,28-8,27147116,20482,4,A,11388,8,POMI00,2717,2012-10-05 17:13:41,2012-10-05 17:15:36,73,73,2,3,22,2,1,0,1,0,1,0,0,0,0,0,0,N,N,N
2012-10-05 00:00:00,28,28-8,27147116,20482,4,A,11388,9,GSAC00,3120,2012-10-05 17:15:00,2012-10-05 17:17:10,73,73,5,1,26,2,0,3,0,0,1,0,0,0,0,0,0,N,N,N
2012-10-05 00:00:00,28,28-8,27147116,20482,4,A,11388,10,SUSE00,3627,2012-10-05 17:16:26,2012-10-05 17:19:03,73,73,2,3,25,0,0,2,3,0,0,0,0,0,0,0,0,N,N,N
2012-10-05 00:00:00,28,28-8,27147116,20482,4,A,11388,11,PR4700,3747,2012-10-05 17:16:47,2012-10-05 17:19:42,73,73,2,0,27,0,0,2,0,0,0,0,0,0,0,0,0,N,Y,Y
2012-10-05 00:00:00,28,28-8,27147116,20482,4,A,11388,12,TRTI00,4459,2012-10-05 17:18:48,2012-10-05 17:21:25,73,73,0,0,27,0,0,0,0,0,0,0,0,0,0,0,0,N,N,N
2012-10-05 00:00:00,28,28-8,27147116,20482,4,A,11388,13,FRET00,5228,2012-10-05 17:21:00,2012-10-05 17:22:50,73,73,1,0,28,0,0,1,0,0,0,0,0,0,0,0,0,N,N,N
2012-10-05 00:00:00,28,28-8,27147116,20482,4,A,11388,14,BTAI00,5551,2012-10-05 17:21:55,2012-10-05 17:24:06,73,73,2,0,30,0,0,2,0,0,0,0,0,0,0,0,0,N,N,N
2012-10-05 00:00:00,28,28-8,27147116,20482,4,A,11388,15,AREN00,5948,2012-10-05 17:23:02,2012-10-05 17:25:18,73,73,1,1,30,0,0,1,1,0,0,0,0,0,0,0,0,N,N,N
2012-10-05 00:00:00,28,28-8,27147116,20482,4,A,11388,16,AERO05,6282,2012-10-05 17:24:00,2012-10-05 17:27:32,73,73,11,15,26,3,4,7,9,1,2,0,0,0,0,0,0,N,N,N
2012-10-05 00:00:00,28,28-8,27147116,20482,4,A,11388,17,WTC00,6665,2012-10-05 17:25:45,2012-10-05 17:29:20,73,73,0,1,25,0,0,0,1,0,0,0,0,0,0,0,0,N,N,N
2012-10-05 00:00:00,28,28-8,27147116,20482,4,A,11388,18,TOCO00,6878,,2012-10-05 17:30:06,73,73,0,1,24,0,0,0,0,0,1,0,0,0,0,0,0,N,Y,Y
2012-10-05 00:00:00,28,28-8,27147116,20482,4,A,11388,19,ICC00,7237,2012-10-05 17:28:21,2012-10-05 17:30:57,73,73,0,0,24,0,0,0,0,0,0,0,0,0,0,0,0,N,N,N
2012-10-05 00:00:00,28,28-8,27147116,20482,4,A,11388,20,GDHA00,7477,2012-10-05 17:29:27,2012-10-05 17:31:49,73,73,1,3,22,0,0,0,0,1,3,0,0,0,0,0,0,N,N,N
2012-10-05 00:00:00,28,28-8,27147116,20482,4,A,11388,21,BLDO01,7813,2012-10-05 17:31:00,2012-10-05 17:33:05,73,73,6,10,18,0,0,5,7,1,3,0,0,0,0,0,0,N,N,N
2012-10-05 00:00:00,28,28-8,27147116,20482,4,A,11388,22,RENF00,8145,2012-10-05 17:33:20,2012-10-05 17:36:20,73,73,2,1,19,0,0,2,0,0,1,0,0,0,0,0,0,N,N,N
2012-10-05 00:00:00,28,28-8,27147116,20482,4,A,11388,23,CROI00,8418,2012-10-05 17:35:00,2012-10-05 17:37:44,73,73,5,0,24,0,0,2,0,3,0,0,0,0,0,0,0,N,N,N
2012-10-05 00:00:00,28,28-8,27147116,20482,4,A,11388,24,CHCL00,8776,2012-10-05 17:36:03,2012-10-05 17:39:07,73,73,4,7,21,0,2,2,5,2,0,0,0,0,0,0,0,N,N,N
2012-10-05 00:00:00,28,28-8,27147116,20482,4,A,11388,25,VEEC00,9090,2012-10-05 17:37:00,2012-10-05 17:40:21,73,73,1,1,21,0,0,0,1,1,0,0,0,0,0,0,0,N,N,N
2012-10-05 00:00:00,28,28-8,27147116,20482,4,A,11388,26,VEMA00,9464,2012-10-05 17:38:22,2012-10-05 17:41:32,73,73,0,13,8,0,0,0,7,0,6,0,0,0,0,0,0,N,N,N
2012-10-05 00:00:00,28,28-8,27147116,20482,4,A,11388,27,VEVI02,9814,2012-10-05 17:39:40,2012-10-05 17:42:35,73,73,0,8,0,0,0,0,6,0,2,0,0,0,0,0,0,N,Y,Y
2012-10-05 00:00:00,28,28-8,27147116,20482,4,A,11388,28,PRGR01,10191,2012-10-05 17:40:18,2012-10-05 17:43:12,73,73,0,0,0,0,0,0,0,0,0,0,0,0,0,0,0,N,N,N
2012-10-05 00:00:00,28,28-8,27147116,20482,4,A,11388,29,BOLX01,10358,2012-10-05 17:40:35,2012-10-05 17:43:26,73,73,0,0,0,0,0,0,0,0,0,0,0,0,0,0,0,N,N,N
2012-10-05 00:00:00,28,28-8,27147116,20482,4,A,11388,30,CEBE00,10834,2012-10-05 17:41:23,2012-10-05 17:44:18,73,73,0,0,0,0,0,0,0,0,0,0,0,0,0,0,0,N,N,N
2012-10-05 00:00:00,28,28-8,27147116,20482,4,A,11388,31,PFUM00,11388,2012-10-05 17:42:20,2012-10-05 17:45:08,73,73,0,0,0,0,0,0,0,0,0,0,0,0,0,0,0,N,N,N
2012-10-05 00:00:00,28,28-8,27147117,20482,7,R,12355,1,PFUM00,0,2012-10-05 17:48:00,2012-10-05 17:48:58,36,38,1,0,1,0,0,1,0,0,0,0,0,0,0,0,0,N,N,N
2012-10-05 00:00:00,28,28-8,27147117,20482,7,R,12355,2,CEBE01,614,2012-10-05 17:49:32,2012-10-05 17:50:15,36,38,0,0,1,0,0,0,0,0,0,0,0,0,0,0,0,N,N,N
2012-10-05 00:00:00,28,28-8,27147117,20482,7,R,12355,3,BOLX00,1095,2012-10-05 17:50:45,2012-10-05 17:51:34,36,38,1,0,2,0,0,1,0,0,0,0,0,0,0,0,0,N,N,N
2012-10-05 00:00:00,28,28-8,27147117,20482,7,R,12355,4,PRGR00,1278,2012-10-05 17:51:12,2012-10-05 17:52:13,36,38,2,0,4,0,0,2,0,0,0,0,0,0,0,0,0,N,N,N
2012-10-05 00:00:00,28,28-8,27147117,20482,7,R,12355,5,VEVI00,1590,2012-10-05 17:52:00,2012-10-05 17:53:00,36,38,0,0,4,0,0,0,0,0,0,0,0,0,0,0,0,N,N,N
2012-10-05 00:00:00,28,28-8,27147117,20482,7,R,12355,6,VEMA01,1940,2012-10-05 17:53:04,2012-10-05 17:54:06,36,38,0,0,4,0,0,0,0,0,0,0,0,0,0,0,0,N,N,N
2012-10-05 00:00:00,28,28-8,27147117,20482,7,R,12355,7,VEEC01,2350,2012-10-05 17:54:20,2012-10-05 17:55:26,36,38,2,0,6,0,0,0,0,2,0,0,0,0,0,0,0,N,N,N
2012-10-05 00:00:00,28,28-8,27147117,20482,7,R,12355,8,CHCL01,2639,2012-10-05 17:55:31,2012-10-05 17:56:37,36,38,2,2,6,0,0,0,0,2,2,0,0,0,0,0,0,N,N,N
2012-10-05 00:00:00,28,28-8,27147117,20482,7,R,12355,9,CROI01,3001,2012-10-05 17:57:00,2012-10-05 17:57:44,36,38,0,2,4,0,0,0,2,0,0,0,0,0,0,0,0,N,N,N
2012-10-05 00:00:00,28,28-8,27147117,20482,7,R,12355,10,RENF02,3272,2012-10-05 18:00:20,2012-10-05 18:00:21,36,38,1,0,5,1,0,0,0,0,0,0,0,0,0,0,0,N,N,N
2012-10-05 00:00:00,28,28-8,27147117,20482,7,R,12355,11,BLDO02,3612,2012-10-05 18:02:20,2012-10-05 18:03:38,36,38,9,5,9,0,0,5,3,4,2,0,0,0,0,0,0,N,N,N
2012-10-05 00:00:00,28,28-8,27147117,20482,7,R,12355,12,GDHA01,3934,2012-10-05 18:03:36,2012-10-05 18:04:49,36,38,2,0,11,0,0,2,0,0,0,0,0,0,0,0,0,N,N,N
2012-10-05 00:00:00,28,28-8,27147117,20482,7,R,12355,13,ICC01,4194,2012-10-05 18:04:37,2012-10-05 18:06:46,36,38,3,0,14,1,0,1,0,1,0,0,0,0,0,0,0,N,N,N
2012-10-05 00:00:00,28,28-8,27147117,20482,7,R,12355,14,TOCO01,4527,2012-10-05 18:05:56,2012-10-05 18:07:51,36,38,1,0,15,0,0,1,0,0,0,0,0,0,0,0,0,N,N,N
2012-10-05 00:00:00,28,28-8,27147117,20482,7,R,12355,15,WTC01,4751,2012-10-05 18:06:49,2012-10-05 18:08:43,36,38,0,2,13,0,0,0,0,0,2,0,0,0,0,0,0,N,N,N
2012-10-05 00:00:00,28,28-8,27147117,20482,7,R,12355,16,AERO02,5131,2012-10-05 18:08:20,2012-10-05 18:10:15,36,38,1,9,5,0,0,1,7,0,2,0,0,0,0,0,0,N,N,N
2012-10-05 00:00:00,28,28-8,27147117,20482,7,R,12355,17,AREN01,5432,2012-10-05 18:09:08,2012-10-05 18:11:26,36,38,1,0,6,0,0,1,0,0,0,0,0,0,0,0,0,N,N,N
2012-10-05 00:00:00,28,28-8,27147117,20482,7,R,12355,18,PXPO04,6008,2012-10-05 18:10:42,2012-10-05 18:13:20,36,38,0,1,5,0,0,0,0,0,1,0,0,0,0,0,0,N,N,N
2012-10-05 00:00:00,28,28-8,27147117,20482,7,R,12355,19,FRET01,7133,2012-10-05 18:13:44,2012-10-05 18:15:57,36,38,0,0,5,0,0,0,0,0,0,0,0,0,0,0,0,N,N,N
2012-10-05 00:00:00,28,28-8,27147117,20482,7,R,12355,20,TRTI01,7873,2012-10-05 18:15:44,2012-10-05 18:20:33,36,38,0,3,2,0,3,0,0,0,0,0,0,0,0,0,0,N,N,N
2012-10-05 00:00:00,28,28-8,27147117,20482,7,R,12355,21,PR4701,8564,2012-10-05 18:17:36,2012-10-05 18:22:33,36,38,1,0,3,0,0,0,0,1,0,0,0,0,0,0,0,N,N,N
2012-10-05 00:00:00,28,28-8,27147117,20482,7,R,12355,22,SUSE01,8775,2012-10-05 18:18:10,2012-10-05 18:23:19,36,38,1,0,4,0,0,0,0,1,0,0,0,0,0,0,0,N,N,N
2012-10-05 00:00:00,28,28-8,27147117,20482,7,R,12355,23,GSAC01,9201,2012-10-05 18:19:20,2012-10-05 18:25:24,36,38,4,4,4,4,1,0,1,0,2,0,0,0,0,0,0,N,N,N
2012-10-05 00:00:00,28,28-8,27147117,20482,7,R,12355,24,POMI01,9531,2012-10-05 18:20:22,2012-10-05 18:26:15,36,38,0,1,3,0,1,0,0,0,0,0,0,0,0,0,0,N,N,N
2012-10-05 00:00:00,28,28-8,27147117,20482,7,R,12355,25,MORL01,9977,2012-10-05 18:21:47,2012-10-05 18:27:03,36,38,0,0,3,0,0,0,0,0,0,0,0,0,0,0,0,N,N,N
2012-10-05 00:00:00,28,28-8,27147117,20482,7,R,12355,26,VICH01,10396,2012-10-05 18:23:07,2012-10-05 18:27:47,36,38,0,0,3,0,0,0,0,0,0,0,0,0,0,0,0,N,N,N
2012-10-05 00:00:00,28,28-8,27147117,20482,7,R,12355,27,BIT00,10666,2012-10-05 18:23:58,2012-10-05 18:28:38,36,38,2,0,5,0,0,2,0,0,0,0,0,0,0,0,0,N,N,N
2012-10-05 00:00:00,28,28-8,27147117,20482,7,R,12355,28,APIA00,11175,2012-10-05 18:25:35,2012-10-05 18:29:51,36,38,0,0,5,0,0,0,0,0,0,0,0,0,0,0,0,N,N,N
2012-10-05 00:00:00,28,28-8,27147117,20482,7,R,12355,29,NATI12,11727,2012-10-05 18:27:20,2012-10-05 18:32:04,36,38,2,5,2,0,0,2,2,0,3,0,0,0,0,0,0,N,N,N
2012-10-05 00:00:00,28,28-8,27147117,20482,7,R,12355,30,RIGO01,12120,2012-10-05 18:28:10,2012-10-05 18:33:13,36,38,0,1,1,0,0,0,1,0,0,0,0,0,0,0,0,N,N,N
2012-10-05 00:00:00,28,28-8,27147117,20482,7,R,12355,31,JARB01,12355,2012-10-05 18:28:40,2012-10-05 18:33:40,36,38,0,3,0,0,3,0,0,0,0,0,0,0,0,0,0,N,N,N
2012-10-05 00:00:00,28,28-8,27147119,20482,4,A,11388,1,JARB02,0,2012-10-05 18:38:00,2012-10-05 18:38:19,20,23,2,0,2,1,0,1,0,0,0,0,0,0,0,0,0,N,N,N
2012-10-05 00:00:00,28,28-8,27147119,20482,4,A,11388,2,RIGO00,198,2012-10-05 18:38:29,2012-10-05 18:38:56,20,23,0,0,2,0,0,0,0,0,0,0,0,0,0,0,0,N,N,N
2012-10-05 00:00:00,28,28-8,27147119,20482,4,A,11388,3,NATI18,545,2012-10-05 18:39:20,2012-10-05 18:39:46,20,23,0,0,2,0,0,0,0,0,0,0,0,0,0,0,0,N,Y,Y
2012-10-05 00:00:00,28,28-8,27147119,20482,4,A,11388,4,APIA01,1162,2012-10-05 18:41:15,2012-10-05 18:41:18,20,23,3,0,5,1,0,1,0,1,0,0,0,0,0,0,0,N,N,N
2012-10-05 00:00:00,28,28-8,27147119,20482,4,A,11388,5,BIT01,1655,2012-10-05 18:42:46,2012-10-05 18:42:25,20,23,2,0,7,1,0,1,0,0,0,0,0,0,0,0,0,N,N,N
2012-10-05 00:00:00,28,28-8,27147119,20482,4,A,11388,6,VICH00,1899,2012-10-05 18:43:32,2012-10-05 18:43:18,20,23,1,0,8,0,0,1,0,0,0,0,0,0,0,0,0,N,N,N
2012-10-05 00:00:00,28,28-8,27147119,20482,4,A,11388,7,MORL00,2423,2012-10-05 18:45:10,2012-10-05 18:44:58,20,23,0,1,7,0,0,0,0,0,1,0,0,0,0,0,0,N,N,N
2012-10-05 00:00:00,28,28-8,27147119,20482,4,A,11388,8,POMI00,2717,2012-10-05 18:46:04,2012-10-05 18:45:58,20,23,0,1,6,0,0,0,0,0,1,0,0,0,0,0,0,N,N,N
2012-10-05 00:00:00,28,28-8,27147119,20482,4,A,11388,9,GSAC00,3120,2012-10-05 18:47:20,2012-10-05 18:47:03,20,23,0,1,5,0,0,0,1,0,0,0,0,0,0,0,0,N,N,N
2012-10-05 00:00:00,28,28-8,27147119,20482,4,A,11388,10,SUSE00,3627,2012-10-05 18:48:46,2012-10-05 18:48:30,20,23,2,0,7,1,0,1,0,0,0,0,0,0,0,0,0,N,N,N
2012-10-05 00:00:00,28,28-8,27147119,20482,4,A,11388,11,PR4700,3747,2012-10-05 18:49:07,2012-10-05 18:49:02,20,23,0,0,7,0,0,0,0,0,0,0,0,0,0,0,0,N,N,N
2012-10-05 00:00:00,28,28-8,27147119,20482,4,A,11388,12,TRTI00,4459,2012-10-05 18:51:08,2012-10-05 18:51:20,20,23,1,0,8,0,0,1,0,0,0,0,0,0,0,0,0,N,N,N
2012-10-05 00:00:00,28,28-8,27147119,20482,4,A,11388,13,FRET00,5228,2012-10-05 18:53:20,2012-10-05 18:52:47,20,23,0,0,8,0,0,0,0,0,0,0,0,0,0,0,0,N,N,N
2012-10-05 00:00:00,28,28-8,27147119,20482,4,A,11388,14,BTAI00,5551,2012-10-05 18:54:15,2012-10-05 18:53:45,20,23,0,0,8,0,0,0,0,0,0,0,0,0,0,0,0,N,N,N
2012-10-05 00:00:00,28,28-8,27147119,20482,4,A,11388,15,AREN00,5948,2012-10-05 18:55:22,2012-10-05 18:54:37,20,23,0,0,8,0,0,0,0,0,0,0,0,0,0,0,0,N,N,N
2012-10-05 00:00:00,28,28-8,27147119,20482,4,A,11388,16,AERO05,6282,2012-10-05 18:56:20,2012-10-05 18:57:11,20,23,0,4,4,0,1,0,3,0,0,0,0,0,0,0,0,N,N,N
2012-10-05 00:00:00,28,28-8,27147119,20482,4,A,11388,17,WTC00,6665,2012-10-05 18:57:55,2012-10-05 18:58:47,20,23,1,0,5,0,0,1,0,0,0,0,0,0,0,0,0,N,N,N
2012-10-05 00:00:00,28,28-8,27147119,20482,4,A,11388,18,TOCO00,6878,,2012-10-05 18:59:35,20,23,0,2,3,0,0,0,2,0,0,0,0,0,0,0,0,N,Y,Y
2012-10-05 00:00:00,28,28-8,27147119,20482,4,A,11388,19,ICC00,7237,2012-10-05 19:00:17,2012-10-05 19:00:24,20,23,0,0,3,0,0,0,0,0,0,0,0,0,0,0,0,N,N,N
2012-10-05 00:00:00,28,28-8,27147119,20482,4,A,11388,20,GDHA00,7477,2012-10-05 19:01:16,2012-10-05 19:01:03,20,23,1,1,3,0,0,1,1,0,0,0,0,0,0,0,0,N,N,N
2012-10-05 00:00:00,28,28-8,27147119,20482,4,A,11388,21,BLDO01,7813,2012-10-05 19:02:40,2012-10-05 19:02:47,20,23,5,1,7,0,0,3,1,2,0,0,0,0,0,0,0,N,N,N
2012-10-05 00:00:00,28,28-8,27147119,20482,4,A,11388,22,RENF00,8145,2012-10-05 19:05:00,2012-10-05 19:04:50,20,23,0,3,4,0,0,0,0,0,3,0,0,0,0,0,0,N,N,N
2012-10-05 00:00:00,28,28-8,27147119,20482,4,A,11388,23,CROI00,8418,2012-10-05 19:06:20,2012-10-05 19:06:02,20,23,0,0,4,0,0,0,0,0,0,0,0,0,0,0,0,N,N,N
2012-10-05 00:00:00,28,28-8,27147119,20482,4,A,11388,24,CHCL00,8776,2012-10-05 19:07:23,2012-10-05 19:06:58,20,23,0,0,4,0,0,0,0,0,0,0,0,0,0,0,0,N,N,N
2012-10-05 00:00:00,28,28-8,27147119,20482,4,A,11388,25,VEEC00,9090,2012-10-05 19:08:20,2012-10-05 19:08:10,20,23,2,1,5,0,0,0,0,2,1,0,0,0,0,0,0,N,N,N
2012-10-05 00:00:00,28,28-8,27147119,20482,4,A,11388,26,VEMA00,9464,2012-10-05 19:09:32,2012-10-05 19:09:24,20,23,0,4,1,0,0,0,2,0,2,0,0,0,0,0,0,N,N,N
2012-10-05 00:00:00,28,28-8,27147119,20482,4,A,11388,27,VEVI02,9814,2012-10-05 19:10:40,2012-10-05 19:10:18,20,23,0,1,0,0,0,0,1,0,0,0,0,0,0,0,0,N,N,N
2012-10-05 00:00:00,28,28-8,27147119,20482,4,A,11388,28,PRGR01,10191,2012-10-05 19:11:18,2012-10-05 19:11:17,20,23,0,1,0,0,0,0,1,0,0,0,0,0,0,0,0,N,N,N
2012-10-05 00:00:00,28,28-8,27147119,20482,4,A,11388,29,BOLX01,10358,2012-10-05 19:11:35,2012-10-05 19:11:41,20,23,0,0,0,0,0,0,0,0,0,0,0,0,0,0,0,N,N,N
2012-10-05 00:00:00,28,28-8,27147119,20482,4,A,11388,30,CEBE00,10834,2012-10-05 19:12:23,2012-10-05 19:12:35,20,23,0,0,0,0,0,0,0,0,0,0,0,0,0,0,0,N,N,N
2012-10-05 00:00:00,28,28-8,27147119,20482,4,A,11388,31,PFUM00,11388,2012-10-05 19:13:20,2012-10-05 19:13:27,20,23,0,2,0,0,1,0,0,0,1,0,0,0,0,0,0,N,N,N
2012-10-05 00:00:00,28,28-8,27147120,20482,7,R,12355,1,PFUM00,0,2012-10-05 19:30:00,2012-10-05 19:30:41,40,39,2,0,2,1,0,0,0,1,0,0,0,0,0,0,0,N,N,N
2012-10-05 00:00:00,28,28-8,27147120,20482,7,R,12355,2,CEBE01,614,2012-10-05 19:31:24,2012-10-05 19:32:07,40,39,0,0,2,0,0,0,0,0,0,0,0,0,0,0,0,N,N,N
2012-10-05 00:00:00,28,28-8,27147120,20482,7,R,12355,3,BOLX00,1095,,2012-10-05 19:33:18,40,39,1,0,3,0,0,0,0,1,0,0,0,0,0,0,0,N,Y,Y
2012-10-05 00:00:00,28,28-8,27147120,20482,7,R,12355,4,PRGR00,1278,2012-10-05 19:32:56,2012-10-05 19:33:43,40,39,0,0,3,0,0,0,0,0,0,0,0,0,0,0,0,N,N,N
2012-10-05 00:00:00,28,28-8,27147120,20482,7,R,12355,5,VEVI00,1590,2012-10-05 19:33:40,2012-10-05 19:34:27,40,39,0,0,3,0,0,0,0,0,0,0,0,0,0,0,0,N,N,N
2012-10-05 00:00:00,28,28-8,27147120,20482,7,R,12355,6,VEMA01,1940,2012-10-05 19:34:35,2012-10-05 19:35:36,40,39,3,0,6,0,0,3,0,0,0,0,0,0,0,0,0,N,N,N
2012-10-05 00:00:00,28,28-8,27147120,20482,7,R,12355,7,VEEC01,2350,2012-10-05 19:35:40,2012-10-05 19:37:23,40,39,4,0,10,1,0,1,0,2,0,0,0,0,0,0,0,N,N,N
2012-10-05 00:00:00,28,28-8,27147120,20482,7,R,12355,8,CHCL01,2639,2012-10-05 19:36:33,2012-10-05 19:38:37,40,39,3,2,11,0,1,2,1,1,0,0,0,0,0,0,0,N,N,N
2012-10-05 00:00:00,28,28-8,27147120,20482,7,R,12355,9,CROI01,3001,2012-10-05 19:37:40,2012-10-05 19:39:42,40,39,3,0,14,0,0,3,0,0,0,0,0,0,0,0,0,N,N,N
2012-10-05 00:00:00,28,28-8,27147120,20482,7,R,12355,10,RENF02,3272,2012-10-05 19:40:00,2012-10-05 19:41:48,40,39,0,1,13,0,0,0,0,0,1,0,0,0,0,0,0,N,N,N
2012-10-05 00:00:00,28,28-8,27147120,20482,7,R,12355,11,BLDO02,3612,2012-10-05 19:41:40,2012-10-05 19:43:19,40,39,0,4,9,0,1,0,1,0,2,0,0,0,0,0,0,N,N,N
2012-10-05 00:00:00,28,28-8,27147120,20482,7,R,12355,12,GDHA01,3934,2012-10-05 19:42:52,2012-10-05 19:44:18,40,39,0,0,9,0,0,0,0,0,0,0,0,0,0,0,0,N,N,N
2012-10-05 00:00:00,28,28-8,27147120,20482,7,R,12355,13,ICC01,4194,2012-10-05 19:43:50,2012-10-05 19:44:47,40,39,0,0,9,0,0,0,0,0,0,0,0,0,0,0,0,N,N,N
2012-10-05 00:00:00,28,28-8,27147120,20482,7,R,12355,14,TOCO01,4527,2012-10-05 19:45:04,2012-10-05 19:45:39,40,39,0,0,9,0,0,0,0,0,0,0,0,0,0,0,0,N,N,N
2012-10-05 00:00:00,28,28-8,27147120,20482,7,R,12355,15,WTC01,4751,2012-10-05 19:45:54,2012-10-05 19:46:27,40,39,0,0,9,0,0,0,0,0,0,0,0,0,0,0,0,N,N,N
2012-10-05 00:00:00,28,28-8,27147120,20482,7,R,12355,16,AERO02,5131,2012-10-05 19:47:20,2012-10-05 19:48:35,40,39,6,3,12,0,0,3,3,3,0,0,0,0,0,0,0,N,N,N
2012-10-05 00:00:00,28,28-8,27147120,20482,7,R,12355,17,AREN01,5432,2012-10-05 19:48:05,2012-10-05 19:49:56,40,39,0,0,12,0,0,0,0,0,0,0,0,0,0,0,0,N,N,N
2012-10-05 00:00:00,28,28-8,27147120,20482,7,R,12355,18,PXPO04,6008,2012-10-05 19:49:33,2012-10-05 19:51:11,40,39,0,0,12,0,0,0,0,0,0,0,0,0,0,0,0,N,N,N
2012-10-05 00:00:00,28,28-8,27147120,20482,7,R,12355,19,FRET01,7133,2012-10-05 19:52:24,2012-10-05 19:53:22,40,39,0,0,12,0,0,0,0,0,0,0,0,0,0,0,0,N,N,N
2012-10-05 00:00:00,28,28-8,27147120,20482,7,R,12355,20,TRTI01,7873,2012-10-05 19:54:17,2012-10-05 19:54:48,40,39,0,0,12,0,0,0,0,0,0,0,0,0,0,0,0,N,N,N
2012-10-05 00:00:00,28,28-8,27147120,20482,7,R,12355,21,PR4701,8564,2012-10-05 19:56:02,2012-10-05 19:57:07,40,39,0,5,7,0,0,0,2,0,3,0,0,0,0,0,0,N,N,N
2012-10-05 00:00:00,28,28-8,27147120,20482,7,R,12355,22,SUSE01,8775,2012-10-05 19:56:35,2012-10-05 19:58:02,40,39,11,0,18,3,0,6,0,2,0,0,0,0,0,0,0,N,N,N
2012-10-05 00:00:00,28,28-8,27147120,20482,7,R,12355,23,GSAC01,9201,2012-10-05 19:57:40,2012-10-05 20:00:10,40,39,0,4,14,0,0,0,2,0,2,0,0,0,0,0,0,N,N,N
2012-10-05 00:00:00,28,28-8,27147120,20482,7,R,12355,24,POMI01,9531,2012-10-05 19:58:34,2012-10-05 20:01:39,40,39,1,1,14,0,0,1,0,0,1,0,0,0,0,0,0,N,N,N
2012-10-05 00:00:00,28,28-8,27147120,20482,7,R,12355,25,MORL01,9977,2012-10-05 19:59:49,2012-10-05 20:02:52,40,39,1,1,14,0,0,1,1,0,0,0,0,0,0,0,0,N,N,N
2012-10-05 00:00:00,28,28-8,27147120,20482,7,R,12355,26,VICH01,10396,2012-10-05 20:00:58,2012-10-05 20:03:54,40,39,0,1,13,0,0,0,1,0,0,0,0,0,0,0,0,N,N,N
2012-10-05 00:00:00,28,28-8,27147120,20482,7,R,12355,27,BIT00,10666,2012-10-05 20:01:43,2012-10-05 20:04:43,40,39,0,0,13,0,0,0,0,0,0,0,0,0,0,0,0,N,N,N
2012-10-05 00:00:00,28,28-8,27147120,20482,7,R,12355,28,APIA00,11175,2012-10-05 20:03:08,2012-10-05 20:05:54,40,39,4,0,17,2,0,2,0,0,0,0,0,0,0,0,0,N,N,N
2012-10-05 00:00:00,28,28-8,27147120,20482,7,R,12355,29,NATI12,11727,2012-10-05 20:04:40,2012-10-05 20:08:20,40,39,1,10,8,0,3,0,7,1,0,0,0,0,0,0,0,N,N,N
2012-10-05 00:00:00,28,28-8,27147120,20482,7,R,12355,30,RIGO01,12120,2012-10-05 20:05:30,2012-10-05 20:09:03,40,39,0,0,8,0,0,0,0,0,0,0,0,0,0,0,0,N,N,N
2012-10-05 00:00:00,28,28-8,27147120,20482,7,R,12355,31,JARB01,12355,2012-10-05 20:06:00,2012-10-05 20:09:28,40,39,0,7,1,0,0,0,5,0,2,0,0,0,0,0,0,N,N,N
2012-10-05 00:00:00,28,28-4,27146998,20483,7,R,12355,1,PFUM00,0,2012-10-05 06:20:00,2012-10-05 06:21:34,25,26,0,0,0,0,0,0,0,0,0,0,0,0,0,0,0,N,N,N
2012-10-05 00:00:00,28,28-4,27146998,20483,7,R,12355,2,CEBE01,614,2012-10-05 06:21:24,2012-10-05 06:25:36,25,26,3,3,0,3,3,0,0,0,0,0,0,0,0,0,0,N,N,N
2012-10-05 00:00:00,28,28-4,27146998,20483,7,R,12355,3,BOLX00,1095,2012-10-05 06:22:31,2012-10-05 06:26:36,25,26,0,0,0,0,0,0,0,0,0,0,0,0,0,0,0,N,N,N
2012-10-05 00:00:00,28,28-4,27146998,20483,7,R,12355,4,PRGR00,1278,2012-10-05 06:22:56,2012-10-05 06:28:19,25,26,5,5,0,3,5,1,0,1,0,0,0,0,0,0,0,N,N,N
2012-10-05 00:00:00,28,28-4,27146998,20483,7,R,12355,5,VEVI00,1590,2012-10-05 06:23:40,2012-10-05 06:29:07,25,26,2,2,0,1,0,1,2,0,0,0,0,0,0,0,0,N,N,N
2012-10-05 00:00:00,28,28-4,27146998,20483,7,R,12355,6,VEMA01,1940,2012-10-05 06:24:44,2012-10-05 06:30:09,25,26,2,0,2,0,0,2,0,0,0,0,0,0,0,0,0,N,N,N
2012-10-05 00:00:00,28,28-4,27146998,20483,7,R,12355,7,VEEC01,2350,2012-10-05 06:26:00,2012-10-05 06:31:26,25,26,3,0,5,0,0,3,0,0,0,0,0,0,0,0,0,N,N,N
2012-10-05 00:00:00,28,28-4,27146998,20483,7,R,12355,8,CHCL01,2639,2012-10-05 06:26:53,2012-10-05 06:32:28,25,26,9,0,14,0,0,7,0,2,0,0,0,0,0,0,0,N,N,N
2012-10-05 00:00:00,28,28-4,27146998,20483,7,R,12355,9,CROI01,3001,2012-10-05 06:28:00,2012-10-05 06:33:15,25,26,0,0,14,0,0,0,0,0,0,0,0,0,0,0,0,N,N,N
2012-10-05 00:00:00,28,28-4,27146998,20483,7,R,12355,10,RENF02,3272,2012-10-05 06:30:20,2012-10-05 06:34:42,25,26,0,1,13,0,0,0,1,0,0,0,0,0,0,0,0,N,N,N
2012-10-05 00:00:00,28,28-4,27146998,20483,7,R,12355,11,BLDO02,3612,2012-10-05 06:32:00,2012-10-05 06:36:20,25,26,0,5,8,0,1,0,4,0,0,0,0,0,0,0,0,N,N,N
2012-10-05 00:00:00,28,28-4,27146998,20483,7,R,12355,12,GDHA01,3934,2012-10-05 06:33:03,2012-10-05 06:36:52,25,26,0,0,8,0,0,0,0,0,0,0,0,0,0,0,0,N,N,N
2012-10-05 00:00:00,28,28-4,27146998,20483,7,R,12355,13,ICC01,4194,2012-10-05 06:33:54,2012-10-05 06:37:16,25,26,0,0,8,0,0,0,0,0,0,0,0,0,0,0,0,N,N,N
2012-10-05 00:00:00,28,28-4,27146998,20483,7,R,12355,14,TOCO01,4527,2012-10-05 06:35:00,2012-10-05 06:37:59,25,26,0,0,8,0,0,0,0,0,0,0,0,0,0,0,0,N,N,N
2012-10-05 00:00:00,28,28-4,27146998,20483,7,R,12355,15,WTC01,4751,2012-10-05 06:35:44,2012-10-05 06:38:29,25,26,0,0,8,0,0,0,0,0,0,0,0,0,0,0,0,N,N,N
2012-10-05 00:00:00,28,28-4,27146998,20483,7,R,12355,16,AERO02,5131,2012-10-05 06:37:00,2012-10-05 06:39:42,25,26,0,2,6,0,0,0,1,0,1,0,0,0,0,0,0,N,N,N
2012-10-05 00:00:00,28,28-4,27146998,20483,7,R,12355,17,AREN01,5432,2012-10-05 06:37:42,2012-10-05 06:40:39,25,26,0,0,6,0,0,0,0,0,0,0,0,0,0,0,0,N,N,N
2012-10-05 00:00:00,28,28-4,27146998,20483,7,R,12355,18,PXPO04,6008,2012-10-05 06:39:04,2012-10-05 06:41:38,25,26,0,0,6,0,0,0,0,0,0,0,0,0,0,0,0,N,N,N
2012-10-05 00:00:00,28,28-4,27146998,20483,7,R,12355,19,FRET01,7133,2012-10-05 06:41:45,2012-10-05 06:43:48,25,26,0,2,4,0,0,0,0,0,2,0,0,0,0,0,0,N,N,N
2012-10-05 00:00:00,28,28-4,27146998,20483,7,R,12355,20,TRTI01,7873,2012-10-05 06:43:30,2012-10-05 06:44:57,25,26,0,0,4,0,0,0,0,0,0,0,0,0,0,0,0,N,N,N
2012-10-05 00:00:00,28,28-4,27146998,20483,7,R,12355,21,PR4701,8564,2012-10-05 06:45:09,2012-10-05 06:46:14,25,26,0,0,4,0,0,0,0,0,0,0,0,0,0,0,0,N,N,N
2012-10-05 00:00:00,28,28-4,27146998,20483,7,R,12355,22,SUSE01,8775,2012-10-05 06:45:39,2012-10-05 06:46:40,25,26,0,0,4,0,0,0,0,0,0,0,0,0,0,0,0,N,N,N
2012-10-05 00:00:00,28,28-4,27146998,20483,7,R,12355,23,GSAC01,9201,2012-10-05 06:46:40,2012-10-05 06:47:39,25,26,1,2,3,1,1,0,0,0,1,0,0,0,0,0,0,N,N,N
2012-10-05 00:00:00,28,28-4,27146998,20483,7,R,12355,24,POMI01,9531,2012-10-05 06:47:27,2012-10-05 06:48:48,25,26,0,0,3,0,0,0,0,0,0,0,0,0,0,0,0,N,N,N
2012-10-05 00:00:00,28,28-4,27146998,20483,7,R,12355,25,MORL01,9977,2012-10-05 06:48:30,2012-10-05 06:49:38,25,26,0,0,3,0,0,0,0,0,0,0,0,0,0,0,0,N,N,N
2012-10-05 00:00:00,28,28-4,27146998,20483,7,R,12355,26,VICH01,10396,2012-10-05 06:49:30,2012-10-05 06:50:25,25,26,0,0,3,0,0,0,0,0,0,0,0,0,0,0,0,N,N,N
2012-10-05 00:00:00,28,28-4,27146998,20483,7,R,12355,27,BIT00,10666,2012-10-05 06:50:08,2012-10-05 06:51:13,25,26,0,0,3,0,0,0,0,0,0,0,0,0,0,0,0,N,N,N
2012-10-05 00:00:00,28,28-4,27146998,20483,7,R,12355,28,APIA00,11175,2012-10-05 06:51:21,2012-10-05 06:52:09,25,26,0,0,3,0,0,0,0,0,0,0,0,0,0,0,0,N,N,N
2012-10-05 00:00:00,28,28-4,27146998,20483,7,R,12355,29,NATI12,11727,2012-10-05 06:52:40,2012-10-05 06:53:28,25,26,0,2,1,0,1,0,0,0,1,0,0,0,0,0,0,N,N,N
2012-10-05 00:00:00,28,28-4,27146998,20483,7,R,12355,30,RIGO01,12120,2012-10-05 06:53:17,2012-10-05 06:53:59,25,26,0,0,1,0,0,0,0,0,0,0,0,0,0,0,0,N,N,N
2012-10-05 00:00:00,28,28-4,27146998,20483,7,R,12355,31,JARB01,12355,2012-10-05 06:53:40,2012-10-05 06:54:17,25,26,0,2,0,0,1,0,1,0,0,0,0,0,0,0,0,N,N,N
2012-10-05 00:00:00,28,28-4,27147000,20483,4,A,11388,1,JARB02,0,2012-10-05 07:00:00,2012-10-05 07:00:16,26,28,1,0,1,0,0,0,0,1,0,0,0,0,0,0,0,N,N,N
2012-10-05 00:00:00,28,28-4,27147000,20483,4,A,11388,2,RIGO00,198,2012-10-05 07:00:29,2012-10-05 07:00:49,26,28,0,0,1,0,0,0,0,0,0,0,0,0,0,0,0,N,N,N
2012-10-05 00:00:00,28,28-4,27147000,20483,4,A,11388,3,NATI18,545,2012-10-05 07:01:20,2012-10-05 07:01:33,26,28,0,0,1,0,0,0,0,0,0,0,0,0,0,0,0,N,N,N
2012-10-05 00:00:00,28,28-4,27147000,20483,4,A,11388,4,APIA01,1162,2012-10-05 07:03:00,2012-10-05 07:02:53,26,28,0,0,1,0,0,0,0,0,0,0,0,0,0,0,0,N,N,N
2012-10-05 00:00:00,28,28-4,27147000,20483,4,A,11388,5,BIT01,1655,2012-10-05 07:04:21,2012-10-05 07:03:58,26,28,0,0,1,0,0,0,0,0,0,0,0,0,0,0,0,N,N,N
2012-10-05 00:00:00,28,28-4,27147000,20483,4,A,11388,6,VICH00,1899,2012-10-05 07:05:00,2012-10-05 07:05:26,26,28,1,1,1,1,1,0,0,0,0,0,0,0,0,0,0,N,N,N
2012-10-05 00:00:00,28,28-4,27147000,20483,4,A,11388,7,MORL00,2423,2012-10-05 07:06:26,2012-10-05 07:06:50,26,28,1,0,2,0,0,1,0,0,0,0,0,0,0,0,0,N,N,N
2012-10-05 00:00:00,28,28-4,27147000,20483,4,A,11388,8,POMI00,2717,2012-10-05 07:07:14,2012-10-05 07:08:00,26,28,2,0,4,0,0,2,0,0,0,0,0,0,0,0,0,N,N,N
2012-10-05 00:00:00,28,28-4,27147000,20483,4,A,11388,9,GSAC00,3120,2012-10-05 07:08:20,2012-10-05 07:09:09,26,28,3,1,6,0,0,2,0,1,1,0,0,0,0,0,0,N,N,N
2012-10-05 00:00:00,28,28-4,27147000,20483,4,A,11388,10,SUSE00,3627,2012-10-05 07:09:33,2012-10-05 07:10:28,26,28,0,2,4,0,0,0,2,0,0,0,0,0,0,0,0,N,Y,Y
2012-10-05 00:00:00,28,28-4,27147000,20483,4,A,11388,11,PR4700,3747,2012-10-05 07:09:51,2012-10-05 07:10:48,26,28,0,0,4,0,0,0,0,0,0,0,0,0,0,0,0,N,N,N
2012-10-05 00:00:00,28,28-4,27147000,20483,4,A,11388,12,TRTI00,4459,2012-10-05 07:11:34,2012-10-05 07:13:34,26,28,6,0,10,5,0,1,0,0,0,0,0,0,0,0,0,N,N,N
2012-10-05 00:00:00,28,28-4,27147000,20483,4,A,11388,13,FRET00,5228,2012-10-05 07:13:26,2012-10-05 07:15:28,26,28,0,1,9,0,0,0,0,0,1,0,0,0,0,0,0,N,N,N
2012-10-05 00:00:00,28,28-4,27147000,20483,4,A,11388,14,BTAI00,5551,2012-10-05 07:14:13,2012-10-05 07:16:16,26,28,0,0,9,0,0,0,0,0,0,0,0,0,0,0,0,N,N,N
2012-10-05 00:00:00,28,28-4,27147000,20483,4,A,11388,15,AREN00,5948,2012-10-05 07:15:11,2012-10-05 07:17:49,26,28,0,6,3,0,0,0,6,0,0,0,0,0,0,0,0,N,N,N
2012-10-05 00:00:00,28,28-4,27147000,20483,4,A,11388,16,AERO05,6282,2012-10-05 07:16:00,2012-10-05 07:19:25,26,28,6,1,8,2,0,2,1,2,0,0,0,0,0,0,0,N,N,N
2012-10-05 00:00:00,28,28-4,27147000,20483,4,A,11388,17,WTC00,6665,2012-10-05 07:17:25,2012-10-05 07:20:22,26,28,0,0,8,0,0,0,0,0,0,0,0,0,0,0,0,N,N,N
2012-10-05 00:00:00,28,28-4,27147000,20483,4,A,11388,18,TOCO00,6878,2012-10-05 07:18:12,2012-10-05 07:20:50,26,28,0,0,8,0,0,0,0,0,0,0,0,0,0,0,0,N,N,N
2012-10-05 00:00:00,28,28-4,27147000,20483,4,A,11388,19,ICC00,7237,2012-10-05 07:19:32,2012-10-05 07:21:44,26,28,0,2,6,0,1,0,1,0,0,0,0,0,0,0,0,N,N,N
2012-10-05 00:00:00,28,28-4,27147000,20483,4,A,11388,20,GDHA00,7477,2012-10-05 07:20:25,2012-10-05 07:23:07,26,28,0,2,4,0,1,0,0,0,1,0,0,0,0,0,0,N,N,N
2012-10-05 00:00:00,28,28-4,27147000,20483,4,A,11388,21,BLDO01,7813,2012-10-05 07:21:40,2012-10-05 07:25:02,26,28,3,1,6,0,0,1,1,2,0,0,0,0,0,0,0,N,N,N
2012-10-05 00:00:00,28,28-4,27147000,20483,4,A,11388,22,RENF00,8145,2012-10-05 07:23:00,2012-10-05 07:25:46,26,28,0,0,6,0,0,0,0,0,0,0,0,0,0,0,0,N,N,N
2012-10-05 00:00:00,28,28-4,27147000,20483,4,A,11388,23,CROI00,8418,2012-10-05 07:24:40,2012-10-05 07:27:22,26,28,0,1,5,0,0,0,0,0,1,0,0,0,0,0,0,N,N,N
2012-10-05 00:00:00,28,28-4,27147000,20483,4,A,11388,24,CHCL00,8776,2012-10-05 07:25:43,2012-10-05 07:28:30,26,28,1,0,6,1,0,0,0,0,0,0,0,0,0,0,0,N,N,N
2012-10-05 00:00:00,28,28-4,27147000,20483,4,A,11388,25,VEEC00,9090,2012-10-05 07:26:40,2012-10-05 07:29:45,26,28,1,0,7,0,0,1,0,0,0,0,0,0,0,0,0,N,N,N
2012-10-05 00:00:00,28,28-4,27147000,20483,4,A,11388,26,VEMA00,9464,2012-10-05 07:28:02,2012-10-05 07:30:47,26,28,0,0,7,0,0,0,0,0,0,0,0,0,0,0,0,N,N,N
2012-10-05 00:00:00,28,28-4,27147000,20483,4,A,11388,27,VEVI02,9814,2012-10-05 07:29:20,2012-10-05 07:31:42,26,28,1,2,6,0,0,1,1,0,1,0,0,0,0,0,0,N,Y,Y
2012-10-05 00:00:00,28,28-4,27147000,20483,4,A,11388,28,PRGR01,10191,2012-10-05 07:29:58,2012-10-05 07:32:20,26,28,0,0,6,0,0,0,0,0,0,0,0,0,0,0,0,N,N,N
2012-10-05 00:00:00,28,28-4,27147000,20483,4,A,11388,29,BOLX01,10358,2012-10-05 07:30:15,2012-10-05 07:32:32,26,28,0,0,6,0,0,0,0,0,0,0,0,0,0,0,0,N,N,N
2012-10-05 00:00:00,28,28-4,27147000,20483,4,A,11388,30,CEBE00,10834,2012-10-05 07:31:03,2012-10-05 07:33:23,26,28,0,0,6,0,0,0,0,0,0,0,0,0,0,0,0,N,N,N
2012-10-05 00:00:00,28,28-4,27147000,20483,4,A,11388,31,PFUM00,11388,2012-10-05 07:32:00,2012-10-05 07:34:04,26,28,0,8,0,0,0,0,4,0,4,0,0,0,0,0,0,N,N,N
2012-10-05 00:00:00,28,28-4,27147001,20483,7,R,12355,1,PFUM00,0,2012-10-05 07:39:00,2012-10-05 07:40:04,47,46,1,0,1,1,0,0,0,0,0,0,0,0,0,0,0,N,N,N
2012-10-05 00:00:00,28,28-4,27147001,20483,7,R,12355,2,CEBE01,614,2012-10-05 07:40:40,2012-10-05 07:41:32,47,46,3,0,4,1,0,2,0,0,0,0,0,0,0,0,0,N,N,N
2012-10-05 00:00:00,28,28-4,27147001,20483,7,R,12355,3,BOLX00,1095,,2012-10-05 07:42:55,47,46,3,0,7,1,0,1,0,1,0,0,0,0,0,0,0,N,Y,Y
2012-10-05 00:00:00,28,28-4,27147001,20483,7,R,12355,4,PRGR00,1278,2012-10-05 07:42:28,2012-10-05 07:43:37,47,46,7,0,14,0,0,3,0,4,0,0,0,0,0,0,0,N,N,N
2012-10-05 00:00:00,28,28-4,27147001,20483,7,R,12355,5,VEVI00,1590,2012-10-05 07:43:20,2012-10-05 07:44:38,47,46,6,3,17,0,1,6,2,0,0,0,0,0,0,0,0,N,N,N
2012-10-05 00:00:00,28,28-4,27147001,20483,7,R,12355,6,VEMA01,1940,2012-10-05 07:44:33,2012-10-05 07:45:42,47,46,5,1,21,1,0,2,1,2,0,0,0,0,0,0,0,N,N,N
2012-10-05 00:00:00,28,28-4,27147001,20483,7,R,12355,7,VEEC01,2350,2012-10-05 07:46:00,2012-10-05 07:47:49,47,46,0,6,15,0,0,0,2,0,4,0,0,0,0,0,0,N,N,N
2012-10-05 00:00:00,28,28-4,27147001,20483,7,R,12355,8,CHCL01,2639,2012-10-05 07:47:11,2012-10-05 07:49:04,47,46,2,0,17,1,0,1,0,0,0,0,0,0,0,0,0,N,N,N
2012-10-05 00:00:00,28,28-4,27147001,20483,7,R,12355,9,CROI01,3001,2012-10-05 07:48:40,2012-10-05 07:50:14,47,46,0,0,17,0,0,0,0,0,0,0,0,0,0,0,0,N,N,N
2012-10-05 00:00:00,28,28-4,27147001,20483,7,R,12355,10,RENF02,3272,2012-10-05 07:51:00,2012-10-05 07:52:28,47,46,0,0,17,0,0,0,0,0,0,0,0,0,0,0,0,N,N,N
2012-10-05 00:00:00,28,28-4,27147001,20483,7,R,12355,11,BLDO02,3612,2012-10-05 07:53:00,2012-10-05 07:54:33,47,46,3,7,13,0,2,2,3,1,2,0,0,0,0,0,0,N,N,N
2012-10-05 00:00:00,28,28-4,27147001,20483,7,R,12355,12,GDHA01,3934,2012-10-05 07:54:16,2012-10-05 07:56:13,47,46,2,1,14,0,0,2,1,0,0,0,0,0,0,0,0,N,N,N
2012-10-05 00:00:00,28,28-4,27147001,20483,7,R,12355,13,ICC01,4194,2012-10-05 07:55:17,2012-10-05 07:57:28,47,46,0,0,14,0,0,0,0,0,0,0,0,0,0,0,0,N,N,N
2012-10-05 00:00:00,28,28-4,27147001,20483,7,R,12355,14,TOCO01,4527,2012-10-05 07:56:36,2012-10-05 07:58:26,47,46,0,1,13,0,0,0,1,0,0,0,0,0,0,0,0,N,N,N
2012-10-05 00:00:00,28,28-4,27147001,20483,7,R,12355,15,WTC01,4751,2012-10-05 07:57:29,2012-10-05 07:59:08,47,46,0,2,11,0,0,0,2,0,0,0,0,0,0,0,0,N,N,N
2012-10-05 00:00:00,28,28-4,27147001,20483,7,R,12355,16,AERO02,5131,2012-10-05 07:59:00,2012-10-05 08:00:29,47,46,2,1,12,0,0,1,1,1,0,0,0,0,0,0,0,N,N,N
2012-10-05 00:00:00,28,28-4,27147001,20483,7,R,12355,17,AREN01,5432,2012-10-05 07:59:48,2012-10-05 08:02:01,47,46,2,0,14,2,0,0,0,0,0,0,0,0,0,0,0,N,N,N
2012-10-05 00:00:00,28,28-4,27147001,20483,7,R,12355,18,PXPO04,6008,2012-10-05 08:01:22,2012-10-05 08:03:38,47,46,0,2,12,0,0,0,2,0,0,0,0,0,0,0,0,N,N,N
2012-10-05 00:00:00,28,28-4,27147001,20483,7,R,12355,19,FRET01,7133,2012-10-05 08:04:24,2012-10-05 08:05:54,47,46,0,2,10,0,0,0,0,0,2,0,0,0,0,0,0,N,N,N
2012-10-05 00:00:00,28,28-4,27147001,20483,7,R,12355,20,TRTI01,7873,2012-10-05 08:06:24,2012-10-05 08:07:10,47,46,0,0,10,0,0,0,0,0,0,0,0,0,0,0,0,N,N,N
2012-10-05 00:00:00,28,28-4,27147001,20483,7,R,12355,21,PR4701,8564,2012-10-05 08:08:16,2012-10-05 08:08:55,47,46,0,2,8,0,1,0,1,0,0,0,0,0,0,0,0,N,N,N
2012-10-05 00:00:00,28,28-4,27147001,20483,7,R,12355,22,SUSE01,8775,2012-10-05 08:08:50,2012-10-05 08:09:36,47,46,3,1,10,0,0,2,1,1,0,0,0,0,0,0,0,N,N,N
2012-10-05 00:00:00,28,28-4,27147001,20483,7,R,12355,23,GSAC01,9201,2012-10-05 08:10:00,2012-10-05 08:12:02,47,46,0,0,10,0,0,0,0,0,0,0,0,0,0,0,0,N,N,N
2012-10-05 00:00:00,28,28-4,27147001,20483,7,R,12355,24,POMI01,9531,2012-10-05 08:11:13,2012-10-05 08:13:58,47,46,4,3,11,2,0,2,3,0,0,0,0,0,0,0,0,N,N,N
2012-10-05 00:00:00,28,28-4,27147001,20483,7,R,12355,25,MORL01,9977,2012-10-05 08:12:52,2012-10-05 08:15:25,47,46,0,0,11,0,0,0,0,0,0,0,0,0,0,0,0,N,N,N
2012-10-05 00:00:00,28,28-4,27147001,20483,7,R,12355,26,VICH01,10396,2012-10-05 08:14:24,2012-10-05 08:16:44,47,46,1,2,10,1,0,0,2,0,0,0,0,0,0,0,0,N,N,N
2012-10-05 00:00:00,28,28-4,27147001,20483,7,R,12355,27,BIT00,10666,2012-10-05 08:15:24,2012-10-05 08:17:31,47,46,0,2,8,0,1,0,0,0,1,0,0,0,0,0,0,N,N,N
2012-10-05 00:00:00,28,28-4,27147001,20483,7,R,12355,28,APIA00,11175,2012-10-05 08:17:17,2012-10-05 08:18:29,47,46,0,1,7,0,0,0,1,0,0,0,0,0,0,0,0,N,N,N
2012-10-05 00:00:00,28,28-4,27147001,20483,7,R,12355,29,NATI12,11727,2012-10-05 08:19:20,2012-10-05 08:20:27,47,46,3,0,10,0,0,3,0,0,0,0,0,0,0,0,0,N,N,N
2012-10-05 00:00:00,28,28-4,27147001,20483,7,R,12355,30,RIGO01,12120,2012-10-05 08:20:10,2012-10-05 08:21:32,47,46,0,2,8,0,0,0,2,0,0,0,0,0,0,0,0,N,N,N
2012-10-05 00:00:00,28,28-4,27147001,20483,7,R,12355,31,JARB01,12355,2012-10-05 08:20:40,2012-10-05 08:22:35,47,46,0,7,1,0,3,0,3,0,1,0,0,0,0,0,0,N,N,N
2012-10-05 00:00:00,28,28-4,27147003,20483,4,A,11388,1,JARB02,0,2012-10-05 08:30:00,2012-10-05 08:30:16,24,25,3,0,3,1,0,2,0,0,0,0,0,0,0,0,0,N,N,N
2012-10-05 00:00:00,28,28-4,27147003,20483,4,A,11388,2,RIGO00,198,2012-10-05 08:30:36,2012-10-05 08:31:20,24,25,10,0,13,0,0,2,0,8,0,0,0,0,0,0,0,N,N,N
2012-10-05 00:00:00,28,28-4,27147003,20483,4,A,11388,3,NATI18,545,2012-10-05 08:31:40,2012-10-05 08:32:15,24,25,2,0,15,0,0,2,0,0,0,0,0,0,0,0,0,N,N,N
2012-10-05 00:00:00,28,28-4,27147003,20483,4,A,11388,4,APIA01,1162,2012-10-05 08:33:35,2012-10-05 08:33:45,24,25,0,1,14,0,0,0,0,0,1,0,0,0,0,0,0,N,N,N
2012-10-05 00:00:00,28,28-4,27147003,20483,4,A,11388,5,BIT01,1655,2012-10-05 08:35:06,2012-10-05 08:35:09,24,25,0,3,11,0,0,0,0,0,3,0,0,0,0,0,0,N,N,N
2012-10-05 00:00:00,28,28-4,27147003,20483,4,A,11388,6,VICH00,1899,2012-10-05 08:35:52,2012-10-05 08:36:02,24,25,0,4,7,0,1,0,2,0,1,0,0,0,0,0,0,N,N,N
2012-10-05 00:00:00,28,28-4,27147003,20483,4,A,11388,7,MORL00,2423,2012-10-05 08:37:30,2012-10-05 08:37:43,24,25,1,5,3,0,0,0,2,1,3,0,0,0,0,0,0,N,N,N
2012-10-05 00:00:00,28,28-4,27147003,20483,4,A,11388,8,POMI00,2717,2012-10-05 08:38:24,2012-10-05 08:38:34,24,25,1,0,4,0,0,1,0,0,0,0,0,0,0,0,0,N,N,N
2012-10-05 00:00:00,28,28-4,27147003,20483,4,A,11388,9,GSAC00,3120,2012-10-05 08:39:40,2012-10-05 08:40:01,24,25,2,0,6,1,0,1,0,0,0,0,0,0,0,0,0,N,N,N
2012-10-05 00:00:00,28,28-4,27147003,20483,4,A,11388,10,SUSE00,3627,2012-10-05 08:41:03,2012-10-05 08:41:13,24,25,1,1,6,0,0,1,1,0,0,0,0,0,0,0,0,N,N,N
2012-10-05 00:00:00,28,28-4,27147003,20483,4,A,11388,11,PR4700,3747,2012-10-05 08:41:23,2012-10-05 08:41:29,24,25,0,0,6,0,0,0,0,0,0,0,0,0,0,0,0,N,N,N
2012-10-05 00:00:00,28,28-4,27147003,20483,4,A,11388,12,TRTI00,4459,2012-10-05 08:43:20,2012-10-05 08:43:10,24,25,0,0,6,0,0,0,0,0,0,0,0,0,0,0,0,N,N,N
2012-10-05 00:00:00,28,28-4,27147003,20483,4,A,11388,13,FRET00,5228,2012-10-05 08:45:26,2012-10-05 08:44:48,24,25,1,0,7,0,0,1,0,0,0,0,0,0,0,0,0,N,N,N
2012-10-05 00:00:00,28,28-4,27147003,20483,4,A,11388,14,BTAI00,5551,2012-10-05 08:46:19,2012-10-05 08:45:37,24,25,0,0,7,0,0,0,0,0,0,0,0,0,0,0,0,N,N,N
2012-10-05 00:00:00,28,28-4,27147003,20483,4,A,11388,15,AREN00,5948,2012-10-05 08:47:25,2012-10-05 08:46:46,24,25,1,1,7,0,0,0,1,1,0,0,0,0,0,0,0,N,N,N
2012-10-05 00:00:00,28,28-4,27147003,20483,4,A,11388,16,AERO05,6282,2012-10-05 08:48:20,2012-10-05 08:48:03,24,25,0,2,5,0,0,0,2,0,0,0,0,0,0,0,0,N,N,N
2012-10-05 00:00:00,28,28-4,27147003,20483,4,A,11388,17,WTC00,6665,2012-10-05 08:49:45,2012-10-05 08:49:57,24,25,0,3,2,0,3,0,0,0,0,0,0,0,0,0,0,N,N,N
2012-10-05 00:00:00,28,28-4,27147003,20483,4,A,11388,18,TOCO00,6878,,2012-10-05 08:50:44,24,25,1,0,3,0,0,1,0,0,0,0,0,0,0,0,0,N,Y,Y
2012-10-05 00:00:00,28,28-4,27147003,20483,4,A,11388,19,ICC00,7237,2012-10-05 08:51:52,2012-10-05 08:51:44,24,25,0,1,2,0,0,0,1,0,0,0,0,0,0,0,0,N,N,N
2012-10-05 00:00:00,28,28-4,27147003,20483,4,A,11388,20,GDHA00,7477,2012-10-05 08:52:45,2012-10-05 08:52:47,24,25,0,0,2,0,0,0,0,0,0,0,0,0,0,0,0,N,N,N
2012-10-05 00:00:00,28,28-4,27147003,20483,4,A,11388,21,BLDO01,7813,2012-10-05 08:54:00,2012-10-05 08:53:37,24,25,1,0,3,1,0,0,0,0,0,0,0,0,0,0,0,N,N,N
2012-10-05 00:00:00,28,28-4,27147003,20483,4,A,11388,22,RENF00,8145,2012-10-05 08:55:20,2012-10-05 08:55:29,24,25,0,1,2,0,0,0,1,0,0,0,0,0,0,0,0,N,N,N
2012-10-05 00:00:00,28,28-4,27147003,20483,4,A,11388,23,CROI00,8418,2012-10-05 08:57:00,2012-10-05 08:56:53,24,25,0,0,2,0,0,0,0,0,0,0,0,0,0,0,0,N,N,N
2012-10-05 00:00:00,28,28-4,27147003,20483,4,A,11388,24,CHCL00,8776,2012-10-05 08:58:03,2012-10-05 08:57:49,24,25,0,1,1,0,1,0,0,0,0,0,0,0,0,0,0,N,N,N
2012-10-05 00:00:00,28,28-4,27147003,20483,4,A,11388,25,VEEC00,9090,2012-10-05 08:59:00,2012-10-05 08:59:00,24,25,0,1,0,0,0,0,0,0,1,0,0,0,0,0,0,N,N,N
2012-10-05 00:00:00,28,28-4,27147003,20483,4,A,11388,26,VEMA00,9464,2012-10-05 09:00:12,2012-10-05 08:59:50,24,25,0,0,0,0,0,0,0,0,0,0,0,0,0,0,0,N,N,N
2012-10-05 00:00:00,28,28-4,27147003,20483,4,A,11388,27,VEVI02,9814,2012-10-05 09:01:20,2012-10-05 09:00:58,24,25,0,0,0,0,0,0,0,0,0,0,0,0,0,0,0,N,N,N
2012-10-05 00:00:00,28,28-4,27147003,20483,4,A,11388,28,PRGR01,10191,2012-10-05 09:01:58,2012-10-05 09:01:42,24,25,0,0,0,0,0,0,0,0,0,0,0,0,0,0,0,N,N,N
2012-10-05 00:00:00,28,28-4,27147003,20483,4,A,11388,29,BOLX01,10358,2012-10-05 09:02:15,2012-10-05 09:01:58,24,25,0,0,0,0,0,0,0,0,0,0,0,0,0,0,0,N,N,N
2012-10-05 00:00:00,28,28-4,27147003,20483,4,A,11388,30,CEBE00,10834,2012-10-05 09:03:03,2012-10-05 09:02:44,24,25,0,0,0,0,0,0,0,0,0,0,0,0,0,0,0,N,N,N
2012-10-05 00:00:00,28,28-4,27147003,20483,4,A,11388,31,PFUM00,11388,2012-10-05 09:04:00,2012-10-05 09:03:34,24,25,0,1,0,0,0,0,1,0,0,0,0,0,0,0,0,N,N,N
2012-10-05 00:00:00,28,28-4,27147004,20483,7,R,12355,1,PFUM00,0,2012-10-05 09:13:00,2012-10-05 09:13:36,28,26,2,0,2,0,0,2,0,0,0,0,0,0,0,0,0,N,N,N
2012-10-05 00:00:00,28,28-4,27147004,20483,7,R,12355,2,CEBE01,614,2012-10-05 09:14:32,2012-10-05 09:15:12,28,26,1,0,3,1,0,0,0,0,0,0,0,0,0,0,0,N,N,N
2012-10-05 00:00:00,28,28-4,27147004,20483,7,R,12355,3,BOLX00,1095,,2012-10-05 09:16:38,28,26,1,0,4,0,0,1,0,0,0,0,0,0,0,0,0,N,Y,Y
2012-10-05 00:00:00,28,28-4,27147004,20483,7,R,12355,4,PRGR00,1278,2012-10-05 09:16:12,2012-10-05 09:17:17,28,26,2,0,6,0,0,2,0,0,0,0,0,0,0,0,0,N,N,N
2012-10-05 00:00:00,28,28-4,27147004,20483,7,R,12355,5,VEVI00,1590,2012-10-05 09:17:00,2012-10-05 09:18:12,28,26,0,2,4,0,1,0,1,0,0,0,0,0,0,0,0,N,N,N
2012-10-05 00:00:00,28,28-4,27147004,20483,7,R,12355,6,VEMA01,1940,2012-10-05 09:18:04,2012-10-05 09:19:12,28,26,4,0,8,1,0,2,0,1,0,0,0,0,0,0,0,N,N,N
2012-10-05 00:00:00,28,28-4,27147004,20483,7,R,12355,7,VEEC01,2350,2012-10-05 09:19:20,2012-10-05 09:20:42,28,26,1,0,9,0,0,0,0,1,0,0,0,0,0,0,0,N,N,N
2012-10-05 00:00:00,28,28-4,27147004,20483,7,R,12355,8,CHCL01,2639,2012-10-05 09:20:22,2012-10-05 09:21:50,28,26,1,1,9,0,0,0,0,1,1,0,0,0,0,0,0,N,N,N
2012-10-05 00:00:00,28,28-4,27147004,20483,7,R,12355,9,CROI01,3001,2012-10-05 09:21:40,2012-10-05 09:22:50,28,26,1,0,10,0,0,0,0,1,0,0,0,0,0,0,0,N,N,N
2012-10-05 00:00:00,28,28-4,27147004,20483,7,R,12355,10,RENF02,3272,2012-10-05 09:24:00,2012-10-05 09:25:35,28,26,0,0,10,0,0,0,0,0,0,0,0,0,0,0,0,N,N,N
2012-10-05 00:00:00,28,28-4,27147004,20483,7,R,12355,11,BLDO02,3612,2012-10-05 09:26:00,2012-10-05 09:27:27,28,26,2,6,6,0,1,0,4,2,1,0,0,0,0,0,0,N,N,N
2012-10-05 00:00:00,28,28-4,27147004,20483,7,R,12355,12,GDHA01,3934,2012-10-05 09:27:16,2012-10-05 09:28:44,28,26,3,1,8,2,0,1,0,0,1,0,0,0,0,0,0,N,N,N
2012-10-05 00:00:00,28,28-4,27147004,20483,7,R,12355,13,ICC01,4194,2012-10-05 09:28:17,2012-10-05 09:29:43,28,26,0,0,8,0,0,0,0,0,0,0,0,0,0,0,0,N,N,N
2012-10-05 00:00:00,28,28-4,27147004,20483,7,R,12355,14,TOCO01,4527,2012-10-05 09:29:36,2012-10-05 09:30:43,28,26,0,1,7,0,0,0,0,0,1,0,0,0,0,0,0,N,N,N
2012-10-05 00:00:00,28,28-4,27147004,20483,7,R,12355,15,WTC01,4751,2012-10-05 09:30:29,2012-10-05 09:31:28,28,26,1,0,8,0,0,1,0,0,0,0,0,0,0,0,0,N,N,N
2012-10-05 00:00:00,28,28-4,27147004,20483,7,R,12355,16,AERO02,5131,2012-10-05 09:32:00,2012-10-05 09:33:18,28,26,6,3,11,0,1,2,0,4,2,0,0,0,0,0,0,N,N,N
2012-10-05 00:00:00,28,28-4,27147004,20483,7,R,12355,17,AREN01,5432,2012-10-05 09:32:48,2012-10-05 09:34:48,28,26,1,0,12,0,0,0,0,1,0,0,0,0,0,0,0,N,N,N
2012-10-05 00:00:00,28,28-4,27147004,20483,7,R,12355,18,PXPO04,6008,2012-10-05 09:34:22,2012-10-05 09:36:03,28,26,0,3,9,0,3,0,0,0,0,0,0,0,0,0,0,N,N,N
2012-10-05 00:00:00,28,28-4,27147004,20483,7,R,12355,19,FRET01,7133,2012-10-05 09:37:24,2012-10-05 09:38:16,28,26,1,2,8,0,0,0,0,1,2,0,0,0,0,0,0,N,N,N
2012-10-05 00:00:00,28,28-4,27147004,20483,7,R,12355,20,TRTI01,7873,2012-10-05 09:39:24,2012-10-05 09:39:36,28,26,0,0,8,0,0,0,0,0,0,0,0,0,0,0,0,N,N,N
2012-10-05 00:00:00,28,28-4,27147004,20483,7,R,12355,21,PR4701,8564,2012-10-05 09:41:16,2012-10-05 09:41:17,28,26,0,0,8,0,0,0,0,0,0,0,0,0,0,0,0,N,N,N
2012-10-05 00:00:00,28,28-4,27147004,20483,7,R,12355,22,SUSE01,8775,2012-10-05 09:41:50,2012-10-05 09:41:52,28,26,0,0,8,0,0,0,0,0,0,0,0,0,0,0,0,N,N,N
2012-10-05 00:00:00,28,28-4,27147004,20483,7,R,12355,23,GSAC01,9201,2012-10-05 09:43:00,2012-10-05 09:42:53,28,26,0,1,7,0,0,0,1,0,0,0,0,0,0,0,0,N,N,N
2012-10-05 00:00:00,28,28-4,27147004,20483,7,R,12355,24,POMI01,9531,2012-10-05 09:44:00,2012-10-05 09:44:08,28,26,0,1,6,0,0,0,1,0,0,0,0,0,0,0,0,N,N,N
2012-10-05 00:00:00,28,28-4,27147004,20483,7,R,12355,25,MORL01,9977,2012-10-05 09:45:21,2012-10-05 09:45:01,28,26,0,0,6,0,0,0,0,0,0,0,0,0,0,0,0,N,N,N
2012-10-05 00:00:00,28,28-4,27147004,20483,7,R,12355,26,VICH01,10396,2012-10-05 09:46:37,2012-10-05 09:45:56,28,26,0,0,6,0,0,0,0,0,0,0,0,0,0,0,0,N,N,N
2012-10-05 00:00:00,28,28-4,27147004,20483,7,R,12355,27,BIT00,10666,2012-10-05 09:47:26,2012-10-05 09:46:49,28,26,0,0,6,0,0,0,0,0,0,0,0,0,0,0,0,N,N,N
2012-10-05 00:00:00,28,28-4,27147004,20483,7,R,12355,28,APIA00,11175,2012-10-05 09:48:59,2012-10-05 09:48:15,28,26,1,1,6,0,1,1,0,0,0,0,0,0,0,0,0,N,N,N
2012-10-05 00:00:00,28,28-4,27147004,20483,7,R,12355,29,NATI12,11727,2012-10-05 09:50:40,2012-10-05 09:49:59,28,26,0,1,5,0,0,0,1,0,0,0,0,0,0,0,0,N,N,N
2012-10-05 00:00:00,28,28-4,27147004,20483,7,R,12355,30,RIGO01,12120,2012-10-05 09:51:30,2012-10-05 09:51:00,28,26,0,0,5,0,0,0,0,0,0,0,0,0,0,0,0,N,N,N
2012-10-05 00:00:00,28,28-4,27147004,20483,7,R,12355,31,JARB01,12355,2012-10-05 09:52:00,2012-10-05 09:51:22,28,26,0,3,2,0,0,0,2,0,1,0,0,0,0,0,0,N,N,N
2012-10-05 00:00:00,28,28-4,27147006,20483,4,A,11388,1,JARB02,0,2012-10-05 09:57:00,2012-10-05 09:57:14,17,18,3,0,3,3,0,0,0,0,0,0,0,0,0,0,0,N,N,N
2012-10-05 00:00:00,28,28-4,27147006,20483,4,A,11388,2,RIGO00,198,2012-10-05 09:57:36,2012-10-05 09:58:10,17,18,1,0,4,0,0,1,0,0,0,0,0,0,0,0,0,N,N,N
2012-10-05 00:00:00,28,28-4,27147006,20483,4,A,11388,3,NATI18,545,2012-10-05 09:58:40,2012-10-05 09:59:17,17,18,0,1,3,0,0,0,1,0,0,0,0,0,0,0,0,N,N,N
2012-10-05 00:00:00,28,28-4,27147006,20483,4,A,11388,4,APIA01,1162,2012-10-05 10:00:25,2012-10-05 10:00:50,17,18,0,0,3,0,0,0,0,0,0,0,0,0,0,0,0,N,N,N
2012-10-05 00:00:00,28,28-4,27147006,20483,4,A,11388,5,BIT01,1655,2012-10-05 10:01:49,2012-10-05 10:02:00,17,18,0,0,3,0,0,0,0,0,0,0,0,0,0,0,0,N,N,N
2012-10-05 00:00:00,28,28-4,27147006,20483,4,A,11388,6,VICH00,1899,2012-10-05 10:02:31,2012-10-05 10:02:52,17,18,0,3,0,0,3,0,0,0,0,0,0,0,0,0,0,N,N,N
2012-10-05 00:00:00,28,28-4,27147006,20483,4,A,11388,7,MORL00,2423,2012-10-05 10:04:00,2012-10-05 10:04:17,17,18,0,0,0,0,0,0,0,0,0,0,0,0,0,0,0,N,N,N
2012-10-05 00:00:00,28,28-4,27147006,20483,4,A,11388,8,POMI00,2717,2012-10-05 10:04:51,2012-10-05 10:05:00,17,18,0,0,0,0,0,0,0,0,0,0,0,0,0,0,0,N,N,N
2012-10-05 00:00:00,28,28-4,27147006,20483,4,A,11388,9,GSAC00,3120,2012-10-05 10:06:00,2012-10-05 10:06:34,17,18,1,0,1,0,0,1,0,0,0,0,0,0,0,0,0,N,N,N
2012-10-05 00:00:00,28,28-4,27147006,20483,4,A,11388,10,SUSE00,3627,2012-10-05 10:07:20,2012-10-05 10:07:57,17,18,6,0,7,0,0,4,0,2,0,0,0,0,0,0,0,N,N,N
2012-10-05 00:00:00,28,28-4,27147006,20483,4,A,11388,11,PR4700,3747,2012-10-05 10:07:39,2012-10-05 10:08:17,17,18,0,0,7,0,0,0,0,0,0,0,0,0,0,0,0,N,N,N
2012-10-05 00:00:00,28,28-4,27147006,20483,4,A,11388,12,TRTI00,4459,2012-10-05 10:09:31,2012-10-05 10:09:56,17,18,0,0,7,0,0,0,0,0,0,0,0,0,0,0,0,N,N,N
2012-10-05 00:00:00,28,28-4,27147006,20483,4,A,11388,13,FRET00,5228,2012-10-05 10:11:33,2012-10-05 10:11:15,17,18,0,0,7,0,0,0,0,0,0,0,0,0,0,0,0,N,N,N
2012-10-05 00:00:00,28,28-4,27147006,20483,4,A,11388,14,BTAI00,5551,2012-10-05 10:12:24,2012-10-05 10:12:12,17,18,0,0,7,0,0,0,0,0,0,0,0,0,0,0,0,N,N,N
2012-10-05 00:00:00,28,28-4,27147006,20483,4,A,11388,15,AREN00,5948,2012-10-05 10:13:27,2012-10-05 10:13:09,17,18,0,0,7,0,0,0,0,0,0,0,0,0,0,0,0,N,N,N
2012-10-05 00:00:00,28,28-4,27147006,20483,4,A,11388,16,AERO05,6282,2012-10-05 10:14:20,2012-10-05 10:14:51,17,18,0,2,5,0,1,0,1,0,0,0,0,0,0,0,0,N,N,N
2012-10-05 00:00:00,28,28-4,27147006,20483,4,A,11388,17,WTC00,6665,2012-10-05 10:15:40,2012-10-05 10:16:28,17,18,1,2,4,1,0,0,2,0,0,0,0,0,0,0,0,N,N,N
2012-10-05 00:00:00,28,28-4,27147006,20483,4,A,11388,18,TOCO00,6878,,2012-10-05 10:17:13,17,18,0,0,4,0,0,0,0,0,0,0,0,0,0,0,0,N,Y,Y
2012-10-05 00:00:00,28,28-4,27147006,20483,4,A,11388,19,ICC00,7237,2012-10-05 10:17:39,2012-10-05 10:18:44,17,18,0,0,4,0,0,0,0,0,0,0,0,0,0,0,0,N,N,N
2012-10-05 00:00:00,28,28-4,27147006,20483,4,A,11388,20,GDHA00,7477,2012-10-05 10:18:29,2012-10-05 10:19:04,17,18,0,0,4,0,0,0,0,0,0,0,0,0,0,0,0,N,N,N
2012-10-05 00:00:00,28,28-4,27147006,20483,4,A,11388,21,BLDO01,7813,2012-10-05 10:19:40,2012-10-05 10:20:34,17,18,3,4,3,0,0,1,2,2,2,0,0,0,0,0,0,N,N,N
2012-10-05 00:00:00,28,28-4,27147006,20483,4,A,11388,22,RENF00,8145,2012-10-05 10:21:40,2012-10-05 10:22:19,17,18,0,0,3,0,0,0,0,0,0,0,0,0,0,0,0,N,N,N
2012-10-05 00:00:00,28,28-4,27147006,20483,4,A,11388,23,CROI00,8418,2012-10-05 10:23:20,2012-10-05 10:23:58,17,18,2,0,5,0,0,2,0,0,0,0,0,0,0,0,0,N,N,N
2012-10-05 00:00:00,28,28-4,27147006,20483,4,A,11388,24,CHCL00,8776,2012-10-05 10:24:23,2012-10-05 10:24:48,17,18,0,0,5,0,0,0,0,0,0,0,0,0,0,0,0,N,N,N
2012-10-05 00:00:00,28,28-4,27147006,20483,4,A,11388,25,VEEC00,9090,2012-10-05 10:25:20,2012-10-05 10:25:48,17,18,0,2,3,0,0,0,1,0,1,0,0,0,0,0,0,N,N,N
2012-10-05 00:00:00,28,28-4,27147006,20483,4,A,11388,26,VEMA00,9464,2012-10-05 10:26:32,2012-10-05 10:26:53,17,18,0,2,1,0,0,0,2,0,0,0,0,0,0,0,0,N,N,N
2012-10-05 00:00:00,28,28-4,27147006,20483,4,A,11388,27,VEVI02,9814,2012-10-05 10:27:40,2012-10-05 10:27:58,17,18,0,1,0,0,0,0,0,0,1,0,0,0,0,0,0,N,Y,Y
2012-10-05 00:00:00,28,28-4,27147006,20483,4,A,11388,28,PRGR01,10191,2012-10-05 10:28:18,2012-10-05 10:28:49,17,18,0,0,0,0,0,0,0,0,0,0,0,0,0,0,0,N,N,N
2012-10-05 00:00:00,28,28-4,27147006,20483,4,A,11388,29,BOLX01,10358,2012-10-05 10:28:35,2012-10-05 10:29:07,17,18,0,0,0,0,0,0,0,0,0,0,0,0,0,0,0,N,N,N
2012-10-05 00:00:00,28,28-4,27147006,20483,4,A,11388,30,CEBE00,10834,2012-10-05 10:29:23,2012-10-05 10:30:03,17,18,0,0,0,0,0,0,0,0,0,0,0,0,0,0,0,N,N,N
2012-10-05 00:00:00,28,28-4,27147006,20483,4,A,11388,31,PFUM00,11388,2012-10-05 10:30:20,2012-10-05 10:30:50,17,18,0,1,0,0,0,0,1,0,0,0,0,0,0,0,0,N,N,N
2012-10-05 00:00:00,28,28-4,27147007,20483,7,R,12355,1,PFUM00,0,2012-10-05 10:34:00,2012-10-05 10:35:01,24,25,1,0,1,0,0,1,0,0,0,0,0,0,0,0,0,N,N,N
2012-10-05 00:00:00,28,28-4,27147007,20483,7,R,12355,2,CEBE01,614,2012-10-05 10:35:24,2012-10-05 10:36:23,24,25,1,0,2,0,0,1,0,0,0,0,0,0,0,0,0,N,N,N
2012-10-05 00:00:00,28,28-4,27147007,20483,7,R,12355,3,BOLX00,1095,,2012-10-05 10:37:32,24,25,1,0,3,0,0,1,0,0,0,0,0,0,0,0,0,N,Y,Y
2012-10-05 00:00:00,28,28-4,27147007,20483,7,R,12355,4,PRGR00,1278,2012-10-05 10:36:56,2012-10-05 10:37:54,24,25,0,0,3,0,0,0,0,0,0,0,0,0,0,0,0,N,N,N
2012-10-05 00:00:00,28,28-4,27147007,20483,7,R,12355,5,VEVI00,1590,2012-10-05 10:37:40,2012-10-05 10:38:53,24,25,2,0,5,1,0,1,0,0,0,0,0,0,0,0,0,N,N,N
2012-10-05 00:00:00,28,28-4,27147007,20483,7,R,12355,6,VEMA01,1940,2012-10-05 10:38:44,2012-10-05 10:39:50,24,25,2,0,7,0,0,1,0,1,0,0,0,0,0,0,0,N,N,N
2012-10-05 00:00:00,28,28-4,27147007,20483,7,R,12355,7,VEEC01,2350,2012-10-05 10:40:00,2012-10-05 10:41:04,24,25,3,2,8,1,1,2,1,0,0,0,0,0,0,0,0,N,N,N
2012-10-05 00:00:00,28,28-4,27147007,20483,7,R,12355,8,CHCL01,2639,2012-10-05 10:41:02,2012-10-05 10:41:53,24,25,2,0,10,0,0,1,0,1,0,0,0,0,0,0,0,N,N,N
2012-10-05 00:00:00,28,28-4,27147007,20483,7,R,12355,9,CROI01,3001,2012-10-05 10:42:20,2012-10-05 10:42:45,24,25,0,1,9,0,0,0,1,0,0,0,0,0,0,0,0,N,N,N
2012-10-05 00:00:00,28,28-4,27147007,20483,7,R,12355,10,RENF02,3272,2012-10-05 10:45:20,2012-10-05 10:45:13,24,25,1,0,10,0,0,0,0,1,0,0,0,0,0,0,0,N,N,N
2012-10-05 00:00:00,28,28-4,27147007,20483,7,R,12355,11,BLDO02,3612,2012-10-05 10:47:20,2012-10-05 10:46:53,24,25,2,7,5,0,0,2,3,0,4,0,0,0,0,0,0,N,N,N
2012-10-05 00:00:00,28,28-4,27147007,20483,7,R,12355,12,GDHA01,3934,2012-10-05 10:48:32,2012-10-05 10:47:54,24,25,0,0,5,0,0,0,0,0,0,0,0,0,0,0,0,N,N,N
2012-10-05 00:00:00,28,28-4,27147007,20483,7,R,12355,13,ICC01,4194,2012-10-05 10:49:30,2012-10-05 10:48:55,24,25,1,0,6,0,0,0,0,1,0,0,0,0,0,0,0,N,N,N
2012-10-05 00:00:00,28,28-4,27147007,20483,7,R,12355,14,TOCO01,4527,2012-10-05 10:50:44,2012-10-05 10:50:08,24,25,0,2,4,0,0,0,1,0,1,0,0,0,0,0,0,N,N,N
2012-10-05 00:00:00,28,28-4,27147007,20483,7,R,12355,15,WTC01,4751,2012-10-05 10:51:34,2012-10-05 10:50:48,24,25,0,0,4,0,0,0,0,0,0,0,0,0,0,0,0,N,N,N
2012-10-05 00:00:00,28,28-4,27147007,20483,7,R,12355,16,AERO02,5131,2012-10-05 10:53:00,2012-10-05 10:54:29,24,25,3,3,4,1,2,0,1,2,0,0,0,0,0,0,0,N,N,N
2012-10-05 00:00:00,28,28-4,27147007,20483,7,R,12355,17,AREN01,5432,2012-10-05 10:53:45,2012-10-05 10:55:57,24,25,0,0,4,0,0,0,0,0,0,0,0,0,0,0,0,N,N,N
2012-10-05 00:00:00,28,28-4,27147007,20483,7,R,12355,18,PXPO04,6008,2012-10-05 10:55:13,2012-10-05 10:57:17,24,25,0,1,3,0,0,0,1,0,0,0,0,0,0,0,0,N,N,N
2012-10-05 00:00:00,28,28-4,27147007,20483,7,R,12355,19,FRET01,7133,2012-10-05 10:58:04,2012-10-05 10:59:12,24,25,0,0,3,0,0,0,0,0,0,0,0,0,0,0,0,N,N,N
2012-10-05 00:00:00,28,28-4,27147007,20483,7,R,12355,20,TRTI01,7873,2012-10-05 10:59:57,2012-10-05 11:00:36,24,25,0,3,0,0,0,0,1,0,2,0,0,0,0,0,0,N,N,N
2012-10-05 00:00:00,28,28-4,27147007,20483,7,R,12355,21,PR4701,8564,2012-10-05 11:01:42,2012-10-05 11:01:57,24,25,0,0,0,0,0,0,0,0,0,0,0,0,0,0,0,N,N,N
2012-10-05 00:00:00,28,28-4,27147007,20483,7,R,12355,22,SUSE01,8775,2012-10-05 11:02:15,2012-10-05 11:02:31,24,25,2,0,2,0,0,1,0,1,0,0,0,0,0,0,0,N,N,N
2012-10-05 00:00:00,28,28-4,27147007,20483,7,R,12355,23,GSAC01,9201,2012-10-05 11:03:20,2012-10-05 11:03:48,24,25,0,0,2,0,0,0,0,0,0,0,0,0,0,0,0,N,N,N
2012-10-05 00:00:00,28,28-4,27147007,20483,7,R,12355,24,POMI01,9531,2012-10-05 11:04:14,2012-10-05 11:04:44,24,25,0,1,1,0,0,0,0,0,1,0,0,0,0,0,0,N,N,N
2012-10-05 00:00:00,28,28-4,27147007,20483,7,R,12355,25,MORL01,9977,2012-10-05 11:05:29,2012-10-05 11:06:17,24,25,3,0,4,0,0,2,0,1,0,0,0,0,0,0,0,N,N,N
2012-10-05 00:00:00,28,28-4,27147007,20483,7,R,12355,26,VICH01,10396,2012-10-05 11:06:38,2012-10-05 11:07:18,24,25,0,1,3,0,0,0,1,0,0,0,0,0,0,0,0,N,N,N
2012-10-05 00:00:00,28,28-4,27147007,20483,7,R,12355,27,BIT00,10666,2012-10-05 11:07:23,2012-10-05 11:08:08,24,25,0,0,3,0,0,0,0,0,0,0,0,0,0,0,0,N,N,N
2012-10-05 00:00:00,28,28-4,27147007,20483,7,R,12355,28,APIA00,11175,2012-10-05 11:08:48,2012-10-05 11:09:12,24,25,0,0,3,0,0,0,0,0,0,0,0,0,0,0,0,N,N,N
2012-10-05 00:00:00,28,28-4,27147007,20483,7,R,12355,29,NATI12,11727,2012-10-05 11:10:20,2012-10-05 11:11:03,24,25,0,4,0,0,0,0,3,0,1,0,0,0,0,0,0,N,N,N
2012-10-05 00:00:00,28,28-4,27147007,20483,7,R,12355,30,RIGO01,12120,2012-10-05 11:10:57,2012-10-05 11:11:46,24,25,0,0,0,0,0,0,0,0,0,0,0,0,0,0,0,N,N,N
2012-10-05 00:00:00,28,28-4,27147007,20483,7,R,12355,31,JARB01,12355,2012-10-05 11:11:20,2012-10-05 11:12:06,24,25,0,0,0,0,0,0,0,0,0,0,0,0,0,0,0,N,N,N
2012-10-05 00:00:00,28,28-4,27147009,20483,4,A,11388,1,JARB02,0,2012-10-05 11:18:00,2012-10-05 11:18:28,30,30,1,0,1,1,0,0,0,0,0,0,0,0,0,0,0,N,N,N
2012-10-05 00:00:00,28,28-4,27147009,20483,4,A,11388,2,RIGO00,198,2012-10-05 11:18:36,2012-10-05 11:19:02,30,30,0,0,1,0,0,0,0,0,0,0,0,0,0,0,0,N,N,N
2012-10-05 00:00:00,28,28-4,27147009,20483,4,A,11388,3,NATI18,545,2012-10-05 11:19:40,2012-10-05 11:19:58,30,30,2,0,3,0,0,2,0,0,0,0,0,0,0,0,0,N,Y,Y
2012-10-05 00:00:00,28,28-4,27147009,20483,4,A,11388,4,APIA01,1162,2012-10-05 11:21:20,2012-10-05 11:22:25,30,30,0,0,3,0,0,0,0,0,0,0,0,0,0,0,0,N,N,N
2012-10-05 00:00:00,28,28-4,27147009,20483,4,A,11388,5,BIT01,1655,2012-10-05 11:22:41,2012-10-05 11:23:16,30,30,0,0,3,0,0,0,0,0,0,0,0,0,0,0,0,N,N,N
2012-10-05 00:00:00,28,28-4,27147009,20483,4,A,11388,6,VICH00,1899,2012-10-05 11:23:20,2012-10-05 11:24:04,30,30,0,1,2,0,0,0,1,0,0,0,0,0,0,0,0,N,N,N
2012-10-05 00:00:00,28,28-4,27147009,20483,4,A,11388,7,MORL00,2423,2012-10-05 11:24:46,2012-10-05 11:25:46,30,30,3,0,5,0,0,0,0,3,0,0,0,0,0,0,0,N,N,N
2012-10-05 00:00:00,28,28-4,27147009,20483,4,A,11388,8,POMI00,2717,2012-10-05 11:25:34,2012-10-05 11:26:29,30,30,0,1,4,0,0,0,0,0,1,0,0,0,0,0,0,N,N,N
2012-10-05 00:00:00,28,28-4,27147009,20483,4,A,11388,9,GSAC00,3120,2012-10-05 11:26:40,2012-10-05 11:27:54,30,30,2,1,5,0,0,1,1,1,0,0,0,0,0,0,0,N,N,N
2012-10-05 00:00:00,28,28-4,27147009,20483,4,A,11388,10,SUSE00,3627,2012-10-05 11:28:00,2012-10-05 11:29:06,30,30,0,2,3,0,0,0,2,0,0,0,0,0,0,0,0,N,N,N
2012-10-05 00:00:00,28,28-4,27147009,20483,4,A,11388,11,PR4700,3747,2012-10-05 11:28:19,2012-10-05 11:29:46,30,30,1,0,4,0,0,1,0,0,0,0,0,0,0,0,0,N,Y,Y
2012-10-05 00:00:00,28,28-4,27147009,20483,4,A,11388,12,TRTI00,4459,2012-10-05 11:30:11,2012-10-05 11:31:22,30,30,2,0,6,0,0,2,0,0,0,0,0,0,0,0,0,N,N,N
2012-10-05 00:00:00,28,28-4,27147009,20483,4,A,11388,13,FRET00,5228,2012-10-05 11:32:13,2012-10-05 11:32:56,30,30,3,0,9,1,0,1,0,1,0,0,0,0,0,0,0,N,N,N
2012-10-05 00:00:00,28,28-4,27147009,20483,4,A,11388,14,BTAI00,5551,2012-10-05 11:33:04,2012-10-05 11:33:50,30,30,1,0,10,0,0,1,0,0,0,0,0,0,0,0,0,N,N,N
2012-10-05 00:00:00,28,28-4,27147009,20483,4,A,11388,15,AREN00,5948,2012-10-05 11:34:07,2012-10-05 11:34:53,30,30,0,1,9,0,0,0,0,0,1,0,0,0,0,0,0,N,N,N
2012-10-05 00:00:00,28,28-4,27147009,20483,4,A,11388,16,AERO05,6282,2012-10-05 11:35:00,2012-10-05 11:36:38,30,30,0,3,6,0,1,0,2,0,0,0,0,0,0,0,0,N,N,N
2012-10-05 00:00:00,28,28-4,27147009,20483,4,A,11388,17,WTC00,6665,2012-10-05 11:36:20,2012-10-05 11:38:03,30,30,1,0,7,0,0,0,0,1,0,0,0,0,0,0,0,N,N,N
2012-10-05 00:00:00,28,28-4,27147009,20483,4,A,11388,18,TOCO00,6878,,2012-10-05 11:38:45,30,30,0,1,6,0,1,0,0,0,0,0,0,0,0,0,0,N,Y,Y
2012-10-05 00:00:00,28,28-4,27147009,20483,4,A,11388,19,ICC00,7237,2012-10-05 11:38:19,2012-10-05 11:39:43,30,30,0,0,6,0,0,0,0,0,0,0,0,0,0,0,0,N,N,N
2012-10-05 00:00:00,28,28-4,27147009,20483,4,A,11388,20,GDHA00,7477,2012-10-05 11:39:09,2012-10-05 11:40:31,30,30,0,0,6,0,0,0,0,0,0,0,0,0,0,0,0,N,N,N
2012-10-05 00:00:00,28,28-4,27147009,20483,4,A,11388,21,BLDO01,7813,2012-10-05 11:40:20,2012-10-05 11:42:12,30,30,8,4,10,3,0,3,2,2,2,0,0,0,0,0,0,N,N,N
2012-10-05 00:00:00,28,28-4,27147009,20483,4,A,11388,22,RENF00,8145,2012-10-05 11:41:40,2012-10-05 11:43:39,30,30,0,1,9,0,1,0,0,0,0,0,0,0,0,0,0,N,N,N
2012-10-05 00:00:00,28,28-4,27147009,20483,4,A,11388,23,CROI00,8418,2012-10-05 11:43:20,2012-10-05 11:44:30,30,30,0,1,8,0,0,0,1,0,0,0,0,0,0,0,0,N,N,N
2012-10-05 00:00:00,28,28-4,27147009,20483,4,A,11388,24,CHCL00,8776,2012-10-05 11:44:23,2012-10-05 11:45:30,30,30,0,1,7,0,0,0,0,0,1,0,0,0,0,0,0,N,N,N
2012-10-05 00:00:00,28,28-4,27147009,20483,4,A,11388,25,VEEC00,9090,2012-10-05 11:45:20,2012-10-05 11:46:58,30,30,4,1,10,0,0,2,1,2,0,0,0,0,0,0,0,N,N,N
2012-10-05 00:00:00,28,28-4,27147009,20483,4,A,11388,26,VEMA00,9464,2012-10-05 11:46:32,2012-10-05 11:48:25,30,30,0,3,7,0,0,0,2,0,1,0,0,0,0,0,0,N,N,N
2012-10-05 00:00:00,28,28-4,27147009,20483,4,A,11388,27,VEVI02,9814,2012-10-05 11:47:40,2012-10-05 11:49:25,30,30,2,2,7,1,1,1,1,0,0,0,0,0,0,0,0,N,Y,Y
2012-10-05 00:00:00,28,28-4,27147009,20483,4,A,11388,28,PRGR01,10191,2012-10-05 11:48:18,2012-10-05 11:50:14,30,30,0,1,6,0,0,0,0,0,1,0,0,0,0,0,0,N,N,N
2012-10-05 00:00:00,28,28-4,27147009,20483,4,A,11388,29,BOLX01,10358,2012-10-05 11:48:35,2012-10-05 11:50:42,30,30,0,1,5,0,1,0,0,0,0,0,0,0,0,0,0,N,N,N
2012-10-05 00:00:00,28,28-4,27147009,20483,4,A,11388,30,CEBE00,10834,2012-10-05 11:49:23,2012-10-05 11:51:59,30,30,0,5,0,0,0,0,1,0,4,0,0,0,0,0,0,N,N,N
2012-10-05 00:00:00,28,28-4,27147009,20483,4,A,11388,31,PFUM00,11388,2012-10-05 11:50:20,2012-10-05 11:52:50,30,30,0,0,0,0,0,0,0,0,0,0,0,0,0,0,0,N,N,N
2012-10-05 00:00:00,28,28-4,27147010,20483,7,R,12355,1,PFUM00,0,2012-10-05 11:56:00,2012-10-05 11:57:32,23,22,2,0,2,0,0,2,0,0,0,0,0,0,0,0,0,N,N,N
2012-10-05 00:00:00,28,28-4,27147010,20483,7,R,12355,2,CEBE01,614,2012-10-05 11:57:32,2012-10-05 11:58:47,23,22,0,0,2,0,0,0,0,0,0,0,0,0,0,0,0,N,N,N
2012-10-05 00:00:00,28,28-4,27147010,20483,7,R,12355,3,BOLX00,1095,,2012-10-05 11:59:52,23,22,1,0,3,0,0,1,0,0,0,0,0,0,0,0,0,N,Y,Y
2012-10-05 00:00:00,28,28-4,27147010,20483,7,R,12355,4,PRGR00,1278,2012-10-05 11:59:12,2012-10-05 12:00:30,23,22,1,0,4,0,0,1,0,0,0,0,0,0,0,0,0,N,N,N
2012-10-05 00:00:00,28,28-4,27147010,20483,7,R,12355,5,VEVI00,1590,2012-10-05 12:00:00,2012-10-05 12:01:20,23,22,1,3,2,0,0,0,3,1,0,0,0,0,0,0,0,N,N,N
2012-10-05 00:00:00,28,28-4,27147010,20483,7,R,12355,6,VEMA01,1940,2012-10-05 12:01:04,2012-10-05 12:02:15,23,22,1,1,2,0,0,1,1,0,0,0,0,0,0,0,0,N,N,N
2012-10-05 00:00:00,28,28-4,27147010,20483,7,R,12355,7,VEEC01,2350,2012-10-05 12:02:20,2012-10-05 12:03:27,23,22,0,0,2,0,0,0,0,0,0,0,0,0,0,0,0,N,N,N
2012-10-05 00:00:00,28,28-4,27147010,20483,7,R,12355,8,CHCL01,2639,2012-10-05 12:03:22,2012-10-05 12:04:23,23,22,1,0,3,0,0,1,0,0,0,0,0,0,0,0,0,N,N,N
2012-10-05 00:00:00,28,28-4,27147010,20483,7,R,12355,9,CROI01,3001,2012-10-05 12:04:40,2012-10-05 12:05:24,23,22,0,1,2,0,0,0,1,0,0,0,0,0,0,0,0,N,N,N
2012-10-05 00:00:00,28,28-4,27147010,20483,7,R,12355,10,RENF02,3272,2012-10-05 12:07:00,2012-10-05 12:07:51,23,22,1,0,3,0,0,0,0,1,0,0,0,0,0,0,0,N,N,N
2012-10-05 00:00:00,28,28-4,27147010,20483,7,R,12355,11,BLDO02,3612,2012-10-05 12:09:00,2012-10-05 12:09:36,23,22,2,1,4,0,0,2,0,0,1,0,0,0,0,0,0,N,N,N
2012-10-05 00:00:00,28,28-4,27147010,20483,7,R,12355,12,GDHA01,3934,2012-10-05 12:10:12,2012-10-05 12:10:24,23,22,0,0,4,0,0,0,0,0,0,0,0,0,0,0,0,N,N,N
2012-10-05 00:00:00,28,28-4,27147010,20483,7,R,12355,13,ICC01,4194,2012-10-05 12:11:10,2012-10-05 12:11:00,23,22,0,0,4,0,0,0,0,0,0,0,0,0,0,0,0,N,N,N
2012-10-05 00:00:00,28,28-4,27147010,20483,7,R,12355,14,TOCO01,4527,2012-10-05 12:12:24,2012-10-05 12:12:13,23,22,1,0,5,0,0,1,0,0,0,0,0,0,0,0,0,N,N,N
2012-10-05 00:00:00,28,28-4,27147010,20483,7,R,12355,15,WTC01,4751,2012-10-05 12:13:14,2012-10-05 12:13:03,23,22,1,0,6,0,0,1,0,0,0,0,0,0,0,0,0,N,N,N
2012-10-05 00:00:00,28,28-4,27147010,20483,7,R,12355,16,AERO02,5131,2012-10-05 12:14:40,2012-10-05 12:14:52,23,22,3,5,4,0,0,2,4,1,1,0,0,0,0,0,0,N,N,N
2012-10-05 00:00:00,28,28-4,27147010,20483,7,R,12355,17,AREN01,5432,2012-10-05 12:15:25,2012-10-05 12:16:07,23,22,0,0,4,0,0,0,0,0,0,0,0,0,0,0,0,N,N,N
2012-10-05 00:00:00,28,28-4,27147010,20483,7,R,12355,18,PXPO04,6008,2012-10-05 12:16:53,2012-10-05 12:17:51,23,22,1,0,5,0,0,1,0,0,0,0,0,0,0,0,0,N,N,N
2012-10-05 00:00:00,28,28-4,27147010,20483,7,R,12355,19,FRET01,7133,2012-10-05 12:19:44,2012-10-05 12:20:08,23,22,0,2,3,0,0,0,1,0,1,0,0,0,0,0,0,N,N,N
2012-10-05 00:00:00,28,28-4,27147010,20483,7,R,12355,20,TRTI01,7873,2012-10-05 12:21:37,2012-10-05 12:21:38,23,22,0,1,2,0,0,0,1,0,0,0,0,0,0,0,0,N,N,N
2012-10-05 00:00:00,28,28-4,27147010,20483,7,R,12355,21,PR4701,8564,2012-10-05 12:23:22,2012-10-05 12:23:22,23,22,0,0,2,0,0,0,0,0,0,0,0,0,0,0,0,N,N,N
2012-10-05 00:00:00,28,28-4,27147010,20483,7,R,12355,22,SUSE01,8775,2012-10-05 12:23:55,2012-10-05 12:24:06,23,22,2,0,4,0,0,2,0,0,0,0,0,0,0,0,0,N,N,N
2012-10-05 00:00:00,28,28-4,27147010,20483,7,R,12355,23,GSAC01,9201,2012-10-05 12:25:00,2012-10-05 12:25:20,23,22,0,1,3,0,0,0,1,0,0,0,0,0,0,0,0,N,N,N
2012-10-05 00:00:00,28,28-4,27147010,20483,7,R,12355,24,POMI01,9531,2012-10-05 12:25:57,2012-10-05 12:26:01,23,22,0,0,3,0,0,0,0,0,0,0,0,0,0,0,0,N,N,N
2012-10-05 00:00:00,28,28-4,27147010,20483,7,R,12355,25,MORL01,9977,2012-10-05 12:27:15,2012-10-05 12:27:01,23,22,0,0,3,0,0,0,0,0,0,0,0,0,0,0,0,N,N,N
2012-10-05 00:00:00,28,28-4,27147010,20483,7,R,12355,26,VICH01,10396,2012-10-05 12:28:28,2012-10-05 12:28:23,23,22,2,2,3,0,0,2,2,0,0,0,0,0,0,0,0,N,N,N
2012-10-05 00:00:00,28,28-4,27147010,20483,7,R,12355,27,BIT00,10666,2012-10-05 12:29:15,2012-10-05 12:29:21,23,22,3,1,5,0,0,3,1,0,0,0,0,0,0,0,0,N,N,N
2012-10-05 00:00:00,28,28-4,27147010,20483,7,R,12355,28,APIA00,11175,2012-10-05 12:30:43,2012-10-05 12:30:27,23,22,0,0,5,0,0,0,0,0,0,0,0,0,0,0,0,N,N,N
2012-10-05 00:00:00,28,28-4,27147010,20483,7,R,12355,29,NATI12,11727,2012-10-05 12:32:20,2012-10-05 12:32:33,23,22,0,3,2,0,0,0,3,0,0,0,0,0,0,0,0,N,N,N
2012-10-05 00:00:00,28,28-4,27147010,20483,7,R,12355,30,RIGO01,12120,2012-10-05 12:33:10,2012-10-05 12:33:19,23,22,0,0,2,0,0,0,0,0,0,0,0,0,0,0,0,N,N,N
2012-10-05 00:00:00,28,28-4,27147010,20483,7,R,12355,31,JARB01,12355,2012-10-05 12:33:40,2012-10-05 12:33:44,23,22,0,1,1,0,0,0,1,0,0,0,0,0,0,0,0,N,N,N
2012-10-05 00:00:00,28,28-4,27147012,20483,4,A,11388,1,JARB02,0,2012-10-05 12:39:00,2012-10-05 12:39:32,61,53,10,0,10,8,0,2,0,0,0,0,0,0,0,0,0,N,N,N
2012-10-05 00:00:00,28,28-4,27147012,20483,4,A,11388,2,RIGO00,198,2012-10-05 12:39:36,2012-10-05 12:40:02,61,53,0,0,10,0,0,0,0,0,0,0,0,0,0,0,0,N,N,N
2012-10-05 00:00:00,28,28-4,27147012,20483,4,A,11388,3,NATI18,545,2012-10-05 12:40:40,2012-10-05 12:40:57,61,53,5,0,15,0,0,5,0,0,0,0,0,0,0,0,0,N,Y,Y
2012-10-05 00:00:00,28,28-4,27147012,20483,4,A,11388,4,APIA01,1162,2012-10-05 12:42:25,2012-10-05 12:42:23,61,53,1,1,15,1,0,0,0,0,1,0,0,0,0,0,0,N,N,N
2012-10-05 00:00:00,28,28-4,27147012,20483,4,A,11388,5,BIT01,1655,2012-10-05 12:43:49,2012-10-05 12:43:33,61,53,0,0,15,0,0,0,0,0,0,0,0,0,0,0,0,N,N,N
2012-10-05 00:00:00,28,28-4,27147012,20483,4,A,11388,6,VICH00,1899,2012-10-05 12:44:31,2012-10-05 12:44:31,61,53,2,0,17,0,0,2,0,0,0,0,0,0,0,0,0,N,N,N
2012-10-05 00:00:00,28,28-4,27147012,20483,4,A,11388,7,MORL00,2423,2012-10-05 12:46:00,2012-10-05 12:45:42,61,53,0,0,17,0,0,0,0,0,0,0,0,0,0,0,0,N,N,N
2012-10-05 00:00:00,28,28-4,27147012,20483,4,A,11388,8,POMI00,2717,2012-10-05 12:46:51,2012-10-05 12:46:30,61,53,0,1,16,0,0,0,1,0,0,0,0,0,0,0,0,N,N,N
2012-10-05 00:00:00,28,28-4,27147012,20483,4,A,11388,9,GSAC00,3120,2012-10-05 12:48:00,2012-10-05 12:48:19,61,53,0,0,16,0,0,0,0,0,0,0,0,0,0,0,0,N,N,N
2012-10-05 00:00:00,28,28-4,27147012,20483,4,A,11388,10,SUSE00,3627,2012-10-05 12:49:20,2012-10-05 12:50:00,61,53,1,1,16,0,1,1,0,0,0,0,0,0,0,0,0,N,N,N
2012-10-05 00:00:00,28,28-4,27147012,20483,4,A,11388,11,PR4700,3747,2012-10-05 12:49:39,2012-10-05 12:50:41,61,53,2,2,16,0,0,2,2,0,0,0,0,0,0,0,0,N,Y,Y
2012-10-05 00:00:00,28,28-4,27147012,20483,4,A,11388,12,TRTI00,4459,2012-10-05 12:51:31,2012-10-05 12:52:39,61,53,3,0,19,0,0,3,0,0,0,0,0,0,0,0,0,N,N,N
2012-10-05 00:00:00,28,28-4,27147012,20483,4,A,11388,13,FRET00,5228,2012-10-05 12:53:33,2012-10-05 12:54:10,61,53,1,0,20,0,0,1,0,0,0,0,0,0,0,0,0,N,N,N
2012-10-05 00:00:00,28,28-4,27147012,20483,4,A,11388,14,BTAI00,5551,2012-10-05 12:54:24,2012-10-05 12:54:59,61,53,0,0,20,0,0,0,0,0,0,0,0,0,0,0,0,N,N,N
2012-10-05 00:00:00,28,28-4,27147012,20483,4,A,11388,15,AREN00,5948,2012-10-05 12:55:27,2012-10-05 12:56:12,61,53,2,2,20,1,0,1,2,0,0,0,0,0,0,0,0,N,N,N
2012-10-05 00:00:00,28,28-4,27147012,20483,4,A,11388,16,AERO05,6282,2012-10-05 12:56:20,2012-10-05 12:58:02,61,53,0,8,12,0,2,0,6,0,0,0,0,0,0,0,0,N,N,N
2012-10-05 00:00:00,28,28-4,27147012,20483,4,A,11388,17,WTC00,6665,2012-10-05 12:57:45,2012-10-05 13:00:13,61,53,0,1,11,0,0,0,1,0,0,0,0,0,0,0,0,N,N,N
2012-10-05 00:00:00,28,28-4,27147012,20483,4,A,11388,18,TOCO00,6878,,2012-10-05 13:00:51,61,53,1,0,12,0,0,1,0,0,0,0,0,0,0,0,0,N,Y,Y
2012-10-05 00:00:00,28,28-4,27147012,20483,4,A,11388,19,ICC00,7237,2012-10-05 12:59:52,2012-10-05 13:01:44,61,53,1,2,11,0,1,0,0,1,1,0,0,0,0,0,0,N,N,N
2012-10-05 00:00:00,28,28-4,27147012,20483,4,A,11388,20,GDHA00,7477,2012-10-05 13:00:45,2012-10-05 13:02:32,61,53,0,0,11,0,0,0,0,0,0,0,0,0,0,0,0,N,N,N
2012-10-05 00:00:00,28,28-4,27147012,20483,4,A,11388,21,BLDO01,7813,2012-10-05 13:02:00,2012-10-05 13:04:13,61,53,8,1,18,1,0,2,1,5,0,0,0,0,0,0,0,N,N,N
2012-10-05 00:00:00,28,28-4,27147012,20483,4,A,11388,22,RENF00,8145,2012-10-05 13:03:20,2012-10-05 13:06:35,61,53,2,5,15,1,3,1,2,0,0,0,0,0,0,0,0,N,N,N
2012-10-05 00:00:00,28,28-4,27147012,20483,4,A,11388,23,CROI00,8418,2012-10-05 13:05:00,2012-10-05 13:08:00,61,53,1,2,14,0,0,1,1,0,1,0,0,0,0,0,0,N,N,N
2012-10-05 00:00:00,28,28-4,27147012,20483,4,A,11388,24,CHCL00,8776,2012-10-05 13:06:03,2012-10-05 13:09:24,61,53,6,0,20,0,0,4,0,2,0,0,0,0,0,0,0,N,N,N
2012-10-05 00:00:00,28,28-4,27147012,20483,4,A,11388,25,VEEC00,9090,2012-10-05 13:07:00,2012-10-05 13:10:55,61,53,4,0,24,0,0,1,0,3,0,0,0,0,0,0,0,N,N,N
2012-10-05 00:00:00,28,28-4,27147012,20483,4,A,11388,26,VEMA00,9464,2012-10-05 13:08:12,2012-10-05 13:12:13,61,53,8,2,30,0,0,6,1,2,1,0,0,0,0,0,0,N,N,N
2012-10-05 00:00:00,28,28-4,27147012,20483,4,A,11388,27,VEVI02,9814,2012-10-05 13:09:20,2012-10-05 13:13:01,61,53,3,0,33,2,0,0,0,1,0,0,0,0,0,0,0,N,N,N
2012-10-05 00:00:00,28,28-4,27147012,20483,4,A,11388,28,PRGR01,10191,2012-10-05 13:09:58,2012-10-05 13:13:53,61,53,0,1,32,0,0,0,1,0,0,0,0,0,0,0,0,N,N,N
2012-10-05 00:00:00,28,28-4,27147012,20483,4,A,11388,29,BOLX01,10358,2012-10-05 13:10:15,2012-10-05 13:14:33,61,53,0,22,10,0,1,0,11,0,10,0,0,0,0,0,0,N,N,N
2012-10-05 00:00:00,28,28-4,27147012,20483,4,A,11388,30,CEBE00,10834,2012-10-05 13:11:03,2012-10-05 13:15:36,61,53,0,1,9,0,0,0,1,0,0,0,0,0,0,0,0,N,N,N
2012-10-05 00:00:00,28,28-4,27147012,20483,4,A,11388,31,PFUM00,11388,2012-10-05 13:12:00,2012-10-05 13:16:28,61,53,0,1,8,0,0,0,1,0,0,0,0,0,0,0,0,N,N,N
2012-10-05 00:00:00,28,28-4,27147013,20483,7,R,12355,1,PFUM00,0,2012-10-05 13:17:00,2012-10-05 13:17:30,43,43,1,0,1,0,0,1,0,0,0,0,0,0,0,0,0,N,N,N
2012-10-05 00:00:00,28,28-4,27147013,20483,7,R,12355,2,CEBE01,614,2012-10-05 13:18:32,2012-10-05 13:19:00,43,43,3,0,4,2,0,0,0,1,0,0,0,0,0,0,0,N,N,N
2012-10-05 00:00:00,28,28-4,27147013,20483,7,R,12355,3,BOLX00,1095,,2012-10-05 13:20:16,43,43,1,0,5,0,0,1,0,0,0,0,0,0,0,0,0,N,Y,Y
2012-10-05 00:00:00,28,28-4,27147013,20483,7,R,12355,4,PRGR00,1278,2012-10-05 13:20:12,2012-10-05 13:20:52,43,43,2,0,7,0,0,2,0,0,0,0,0,0,0,0,0,N,N,N
